0.174150	0.185760	67
0.359909	0.185760	0
0.545669	0.104490	68
0.650159	0.174150	66
0.824308	0.092880	66
0.917188	0.081270	64
0.998458	0.232200	0
1.230658	0.696599	73
1.927256	0.104490	68
2.031746	0.208979	66
2.240726	0.348300	65
2.589025	0.185760	72
2.774785	0.220590	73
2.995374	0.162540	0
3.157914	0.243809	67
3.401723	0.267030	66
3.668753	0.406349	64
4.075102	1.381588	64
5.456689	0.092880	0
5.549569	0.429569	62
5.979138	0.847528	62
6.826667	0.034830	62
6.861496	0.325079	62
7.186576	0.174150	0
7.360725	0.092880	62
7.453606	0.069660	62
7.523265	0.557279	62
8.080544	0.116099	62
8.196644	0.406349	62
8.602993	0.185760	62
8.788753	0.603719	61
9.392471	0.185760	0
9.578231	0.638549	0
10.216780	1.068118	0
11.284898	0.185760	67
11.470657	0.174150	0
11.644807	0.116100	68
11.760907	0.185760	66
11.946667	0.162539	66
12.109206	0.243810	72
12.353016	0.684989	73
13.038005	0.104489	69
13.142494	0.255420	67
13.397914	0.301859	65
13.699773	0.557280	73
14.257052	0.127709	80
14.384762	0.174150	78
14.558911	0.243810	0
14.802721	0.348299	82
15.151020	0.162540	83
15.313560	0.859138	0
16.172699	0.394739	0
16.567438	0.092880	0
16.660318	0.429567	62
17.089886	0.870749	62
17.960634	0.499229	62
18.459864	0.162540	62
18.622404	0.290249	62
18.912653	0.267029	63
19.179682	0.162540	62
19.342222	0.348299	62
19.690521	0.197371	62
19.887892	0.441179	62
20.329071	0.278639	0
20.607710	0.081270	0
20.688980	1.265488	0
21.954468	0.116098	0
22.070566	0.034830	69
22.105396	0.034830	68
22.140226	0.104490	66
22.244717	0.278639	63
22.523355	0.185760	0
22.709116	0.661768	0
23.370884	0.127710	0
23.498594	1.613787	0
25.112381	0.162540	0
25.274921	0.290249	0
25.565170	0.267029	58
25.832199	0.150930	56
25.983130	0.139320	58
26.122450	0.150928	0
26.273378	0.371519	68
26.644897	0.174150	67
26.819048	0.174149	69
26.993196	0.197371	74
27.190567	0.162540	77
27.353107	0.150928	71
27.504036	0.150930	68
27.654966	0.232199	70
27.887165	0.139320	72
28.026485	0.325079	71
28.351564	0.278639	68
28.630203	0.127710	67
28.757914	0.278639	67
29.036552	0.243811	0
29.280363	0.139320	72
29.419683	0.139318	72
29.559002	0.185760	74
29.744762	0.162539	70
29.907301	0.243811	60
30.151112	0.127708	72
30.278820	0.185760	72
30.464581	0.197371	76
30.661951	0.116098	81
30.778049	0.197371	71
30.975420	0.139318	72
31.114738	0.336691	64
31.451429	0.336689	71
31.788118	0.208979	70
31.997097	0.185760	73
32.182858	0.127708	72
32.310566	0.197372	63
32.507938	0.208977	67
32.716915	0.127712	60
32.844627	0.116096	0
32.960724	0.069660	72
33.030384	0.185760	71
33.216145	0.174149	63
33.390293	0.150932	67
33.541225	0.185760	71
33.726986	0.150928	73
33.877914	0.371517	68
34.249432	0.301861	72
34.551292	0.371521	62
34.922813	0.116096	61
35.038910	0.104492	0
35.143402	0.116100	0
35.259502	0.208977	62
35.468479	0.150932	62
35.619411	0.162540	60
35.781952	0.208977	60
35.990929	0.174152	74
36.165081	0.139317	72
36.304398	0.174152	72
36.478550	0.162537	60
36.641087	0.325081	60
36.966167	0.174149	63
37.140316	0.162540	0
37.302856	0.197369	0
37.500225	0.174152	64
37.674377	0.185760	63
37.860138	0.162537	61
38.022675	0.208981	62
38.231655	0.116100	78
38.347755	0.197369	65
38.545124	0.197369	63
38.742493	0.185760	60
38.928253	0.139320	72
39.067574	0.208981	72
39.276554	0.116100	0
39.392654	0.220589	81
39.613243	0.150928	59
39.764172	0.174149	61
39.938320	0.139320	60
40.077641	0.371521	80
40.449162	0.185760	72
40.634922	0.150928	74
40.785851	0.197369	73
40.983219	0.150932	72
41.134151	0.162537	81
41.296688	0.371521	75
41.668209	0.150928	71
41.819138	0.174149	70
41.993286	0.116100	0
42.109386	0.255421	73
42.364807	0.127708	0
42.492516	0.336689	75
42.829205	0.220592	59
43.049797	0.162540	0
43.212337	0.174149	0
43.386486	0.150928	75
43.537415	0.208981	72
43.746395	0.139320	71
43.885715	0.174149	59
44.059864	0.174149	70
44.234013	0.197372	73
44.431385	0.127708	72
44.559093	0.220589	72
44.779682	0.139320	73
44.919003	0.174149	75
45.093151	0.162540	77
45.255692	0.290249	64
45.545940	0.232201	57
45.778141	0.034828	60
45.812969	0.174152	61
45.987122	0.092880	0
46.080002	0.197369	0
46.277370	0.220589	80
46.497959	0.150928	77
46.648888	0.174152	65
46.823040	0.127708	75
46.950748	0.255421	62
47.206169	0.127708	67
47.333878	0.197369	63
47.531246	0.139320	61
47.670567	0.208981	71
47.879547	0.162540	0
48.042088	0.301857	0
48.343945	0.243809	61
48.587753	0.139320	64
48.727074	0.150932	65
48.878006	0.174149	64
49.052155	0.208981	63
49.261135	0.162537	62
49.423672	0.034832	66
49.458504	0.116100	67
49.574604	0.208981	62
49.783585	0.174149	60
49.957733	0.127708	62
50.085442	0.313469	0
50.398911	0.232201	66
50.631111	0.429569	62
51.060680	0.255421	59
51.316101	0.162537	62
51.478638	0.174152	58
51.652790	0.162540	62
51.815331	0.197369	63
52.012699	0.162540	63
52.175240	0.150928	61
52.326168	0.185760	68
52.511929	0.162540	60
52.674469	0.174149	58
52.848618	0.220589	62
53.069206	0.127708	63
53.196915	0.336689	60
53.533604	0.174152	62
53.707756	0.162540	62
53.870296	0.150928	61
54.021225	0.208981	61
54.230206	0.127708	61
54.357914	0.220589	62
54.578503	0.185760	65
54.764263	0.336689	64
55.100952	0.185760	68
55.286713	0.162540	61
55.449253	0.150928	61
55.600182	0.185760	63
55.785942	0.174149	64
55.960091	0.325081	61
56.285172	0.336689	63
56.621861	0.185757	71
56.807617	0.208981	0
57.016598	0.197369	62
57.213966	0.116100	61
57.330067	0.208981	74
57.539047	0.174149	73
57.713196	0.139320	66
57.852516	0.197369	62
58.049885	0.185760	61
58.235645	0.139320	60
58.374966	0.150928	58
58.525894	0.185760	61
58.711655	0.185760	61
58.897415	0.104488	61
59.001904	0.406349	64
59.408253	0.208981	64
59.617233	0.034832	74
59.652065	0.104488	73
59.756554	0.197369	69
59.953922	0.139320	63
60.093243	0.208981	65
60.302223	0.127708	79
60.429932	0.185760	65
60.615692	0.185760	69
60.801453	0.185757	71
60.987209	0.139320	68
61.126530	0.185760	77
61.312290	0.104488	74
61.416779	0.069660	74
61.486439	0.197372	73
61.683811	0.336689	69
62.020500	0.127708	63
62.148209	0.185760	61
62.333969	0.185760	64
62.519730	0.174149	63
62.693878	0.139320	64
62.833199	0.220589	67
63.053787	0.139320	63
63.193108	0.174149	73
63.367256	0.197369	76
63.564625	0.197372	66
63.761997	0.127708	66
63.889706	0.208981	64
64.098686	0.127708	64
64.226395	0.208977	63
64.435371	0.174156	64
64.609528	0.290245	73
64.899773	0.243813	73
65.143585	0.139320	75
65.282906	0.139320	75
65.422226	0.185753	75
65.607979	0.174156	75
65.782135	0.174149	73
65.956284	0.174149	72
66.130432	0.197365	61
66.327797	0.174156	77
66.501953	0.174149	77
66.676102	0.116096	0
66.792198	0.208984	82
67.001183	0.197365	77
67.198547	0.150932	76
67.349480	0.359909	73
67.709389	0.162537	72
67.871925	0.174149	0
68.046074	0.174156	73
68.220230	0.150925	75
68.371155	0.243813	73
68.614967	0.127708	73
68.742676	0.150932	74
68.893608	0.197365	80
69.090973	0.267029	72
69.358002	0.197372	67
69.555374	0.185760	67
69.741135	0.290245	67
70.031380	0.081276	66
70.112656	0.092880	64
70.205536	0.232193	72
70.437729	0.383133	73
70.820862	0.313469	71
71.134331	0.348297	67
71.482628	0.174149	64
71.656776	0.185760	65
71.842537	0.185760	72
72.028297	0.150932	73
72.179230	0.208977	69
72.388206	0.127708	67
72.515915	0.348305	65
72.864220	0.336685	64
73.200905	0.359909	64
73.560814	0.313469	67
73.874283	0.359909	78
74.234192	0.174156	77
74.408348	0.185753	67
74.594101	0.116104	69
74.710205	0.557281	64
75.267487	0.359909	62
75.627396	0.325073	62
75.952469	0.348305	67
76.300774	0.162537	69
76.463310	0.185760	62
76.649071	0.522446	62
77.171516	0.185760	62
77.357277	0.325081	63
77.682358	0.243813	65
77.926170	0.104485	0
78.030655	0.348305	71
78.378960	0.174149	65
78.553108	0.162537	78
78.715645	0.371521	71
79.087166	0.150932	68
79.238098	0.174149	66
79.412247	0.348297	64
79.760544	0.174149	65
79.934692	0.185760	64
80.120453	0.174149	64
80.294601	0.104492	65
80.399094	0.185760	67
80.584854	0.197365	65
80.782219	0.359909	67
81.142128	0.104492	65
81.246620	0.220589	60
81.467209	0.383133	73
81.850342	0.313469	73
82.163811	0.348297	67
82.512108	0.185760	65
82.697868	0.174149	67
82.872017	0.197372	72
83.069389	0.139320	73
83.208710	0.162537	71
83.371246	0.185760	67
83.557007	0.336693	67
83.893700	0.336685	65
84.230385	0.371521	64
84.601906	0.325081	65
84.926987	0.348297	70
85.275284	0.174149	70
85.449432	0.185760	73
85.635193	0.069656	78
85.704849	0.592110	64
86.296959	0.359909	62
86.656868	0.336693	62
86.993561	0.325081	66
87.318642	0.162537	69
87.481178	0.185760	62
87.666939	0.267029	62
87.933968	0.127708	62
88.061676	0.139320	62
88.200996	0.197372	62
88.398369	0.325081	64
88.723450	0.197365	0
88.920815	0.139320	73
89.060135	0.348297	72
89.408432	0.336693	71
89.745125	0.371521	75
90.116646	0.325081	80
90.441727	0.348297	78
90.790024	0.162537	76
90.952560	0.197372	66
91.149933	0.348297	66
91.498230	0.325081	78
91.823311	0.325081	73
92.148392	0.348297	69
92.496689	0.534058	68
93.030746	0.185760	67
93.216507	0.197372	66
93.413879	0.162537	66
93.576416	0.150932	66
93.727348	0.185760	67
93.913109	0.162537	68
94.075645	0.162544	62
94.238190	0.336685	63
94.574875	0.545670	66
95.120544	0.127708	66
95.248253	0.208984	69
95.457237	0.162537	0
95.619774	0.197372	0
95.817146	0.127708	0
95.944855	0.232201	0
96.177055	0.255417	57
96.432472	0.220589	58
96.653061	0.174149	61
96.827209	0.185760	63
97.012970	0.325081	62
97.338051	0.359909	60
97.697960	0.185760	57
97.883720	0.127708	58
98.011429	0.394737	57
98.406166	0.313469	59
98.719635	0.208984	58
98.928619	0.150925	57
99.079544	0.162544	0
99.242088	0.185760	0
99.427849	0.185753	70
99.613602	0.139320	69
99.752922	0.359909	59
100.112831	0.162544	65
100.275375	0.197365	65
100.472740	0.150932	65
100.623672	0.150932	65
100.774605	0.371521	65
101.146126	0.174149	0
101.320274	0.162537	0
101.482811	0.220589	74
101.703400	0.116104	73
101.819504	0.162537	72
101.982040	0.174149	72
102.156189	0.174149	77
102.330338	0.174149	75
102.504486	0.162544	77
102.667030	0.197372	70
102.864403	0.162537	62
103.026939	0.162537	61
103.189476	0.116104	61
103.305580	0.220589	61
103.526169	0.255417	61
103.781586	0.301865	61
104.083450	0.162537	61
104.245987	0.197372	77
104.443359	0.185753	66
104.629112	0.139320	61
104.768433	0.185760	61
104.954193	0.174149	61
105.128342	0.150932	61
105.279274	0.232201	60
105.511475	0.104492	61
105.615967	0.371513	61
105.987480	0.174156	60
106.161636	0.127708	62
106.289345	0.232201	60
106.521545	0.150925	60
106.672470	0.208984	61
106.881454	0.116096	60
106.997551	0.208977	62
107.206528	0.150932	61
107.357460	0.162537	61
107.519997	0.185760	58
107.705757	0.197372	61
107.903130	0.139320	61
108.042450	0.232201	61
108.274651	0.092880	61
108.367531	0.359909	61
108.727440	0.197365	63
108.924805	0.139320	0
109.064125	0.348305	61
109.412430	0.174149	61
109.586578	0.162537	0
109.749115	0.208977	61
109.958092	0.162544	60
110.120636	0.150932	71
110.271568	0.174149	74
110.445717	0.220589	76
110.666306	0.116096	73
110.782402	0.150932	0
110.933334	0.092880	0
111.026215	0.116096	74
111.142311	0.348305	81
111.490616	0.185753	72
111.676369	0.139320	76
111.815689	0.301865	76
112.117554	0.069656	0
112.187210	0.162544	0
112.349754	0.127708	0
112.477463	0.255417	75
112.732880	0.162537	74
112.895416	0.139320	75
113.034737	0.197372	76
113.232109	0.150932	75
113.383041	0.162537	69
113.545578	0.185760	60
113.731339	0.162537	0
113.893875	0.371521	64
114.265396	0.069664	62
114.335060	0.058044	62
114.393105	0.185760	61
114.578865	0.359909	66
114.938774	0.185760	61
115.124535	0.150932	61
115.275467	0.208977	61
115.484444	0.301857	61
115.786301	0.208984	61
115.995285	0.150925	61
116.146210	0.162544	61
116.308754	0.348297	61
116.657051	0.208984	61
116.866035	0.116096	62
116.982132	0.197372	0
117.179504	0.139313	0
117.318817	0.243813	76
117.562630	0.081268	0
117.643898	0.092880	0
117.736778	0.150932	62
117.887711	0.139320	61
118.027031	0.208977	62
118.236008	0.150932	61
118.386940	0.162537	61
118.549477	0.197372	66
118.746849	0.162537	62
118.909386	0.174149	59
119.083534	0.162544	61
119.246078	0.174149	61
119.420227	0.348297	61
119.768524	0.150932	58
119.919456	0.162537	61
120.081993	0.208984	62
120.290977	0.162537	0
120.453514	0.185760	72
120.639275	0.116096	72
120.755371	0.220596	73
120.975967	0.127708	74
121.103676	0.197365	74
121.301041	0.383133	74
121.684174	0.150925	73
121.835098	0.325081	81
122.160179	0.359909	74
122.520088	0.197372	74
122.717461	0.116096	0
122.833557	0.371521	81
123.205078	0.185760	74
123.390839	0.104492	74
123.495331	0.255417	73
123.750748	0.139320	74
123.890068	0.185760	61
124.075829	0.185760	61
124.261589	0.185760	63
124.447350	0.116096	65
124.563446	0.243813	62
124.807259	0.116096	62
124.923355	0.359909	64
125.283264	0.174149	62
125.457413	0.139320	0
125.596733	0.255424	66
125.852158	0.116096	62
125.968254	0.150932	62
126.119186	0.150925	62
126.270111	0.243813	62
126.513924	0.290245	69
126.804169	0.174156	67
126.978325	0.174149	64
127.152473	0.197365	60
127.349838	0.267029	59
127.616867	0.336693	64
127.953560	0.278633	65
128.232193	0.116104	64
128.348297	0.243805	64
128.592102	0.116104	0
128.708206	0.197372	61
128.905579	0.162537	67
129.068115	0.197372	71
129.265488	0.150925	66
129.416412	0.162552	71
129.578964	0.197357	70
129.776321	0.127716	69
129.904037	0.197372	76
130.101410	0.197372	74
130.298782	0.139313	73
130.438095	0.336685	73
130.774780	0.220596	64
130.995377	0.116104	61
131.111481	0.359909	73
131.471390	0.208969	73
131.680359	0.150940	0
131.831299	0.208969	76
132.040268	0.127716	71
132.167984	0.174149	71
132.342133	0.185760	76
132.527893	0.185760	79
132.713654	0.139313	81
132.852966	0.278641	74
133.131607	0.325089	74
133.456696	0.255417	74
133.712112	0.174149	0
133.886261	0.208984	0
134.095245	0.162537	72
134.257782	0.278641	71
134.536423	0.255417	81
134.791840	0.139313	81
134.931152	0.174149	0
135.105301	0.197372	74
135.302673	0.162537	74
135.465210	0.162552	75
135.627762	0.336685	74
135.964447	0.185760	75
136.150208	0.174149	0
136.324356	0.150925	0
136.475281	0.127716	0
136.602997	0.046432	0
136.649429	0.243820	74
136.893250	0.150925	78
137.044174	0.162537	76
137.206711	0.116104	0
137.322815	0.232193	77
137.555008	0.116104	79
137.671112	0.197372	0
137.868484	0.174149	75
138.042633	0.162537	74
138.205170	0.197372	77
138.402542	0.313461	71
138.716003	0.348312	65
139.064316	0.208969	77
139.273285	0.116104	76
139.389389	0.197372	75
139.586761	0.116089	80
139.702850	0.383133	77
140.085983	0.220596	66
140.306580	0.313461	70
140.620041	0.162537	76
140.782578	0.197372	75
140.979950	0.150940	74
141.130890	0.243805	64
141.374695	0.104492	70
141.479187	0.162537	75
141.641724	0.185760	62
141.827484	0.185760	62
142.013245	0.139313	62
142.152557	0.371521	60
142.524078	0.185760	62
142.709839	0.150925	61
142.860764	0.162552	65
143.023315	0.185760	62
143.209076	0.162537	60
143.371613	0.197372	60
143.568985	0.185760	63
143.754745	0.139313	63
143.894058	0.185760	60
144.079819	0.150925	60
144.230743	0.197372	63
144.428116	0.150925	60
144.579041	0.208984	61
144.788025	0.174149	61
144.962173	0.139328	61
145.101501	0.139313	0
145.240814	0.220596	59
145.461411	0.150925	0
145.612335	0.336685	61
145.949020	0.197372	72
146.146393	0.441177	70
146.587570	0.208984	67
146.796555	0.185760	67
146.982315	0.290253	67
147.272568	0.081268	66
147.353836	0.081268	64
147.435104	0.232193	64
147.667297	0.394745	73
148.062042	0.313461	71
148.375504	0.348312	67
148.723816	0.174149	64
148.897964	0.185760	70
149.083725	0.348297	73
149.432022	0.197372	71
149.629395	0.127701	67
149.757095	0.348297	66
150.105392	0.336700	80
150.442093	0.359909	74
150.802002	0.313461	70
151.115463	0.359909	71
151.475372	0.174149	70
151.649521	0.197372	73
151.846893	0.104492	69
151.951385	0.081268	70
152.032654	0.476013	72
152.508667	0.359909	74
152.868576	0.325073	74
153.193649	0.348297	74
153.541946	0.162537	71
153.704483	0.185760	70
153.890244	0.522461	74
154.412704	0.185760	78
154.598465	0.325073	79
154.923538	0.220596	73
155.144135	0.127701	74
155.271835	0.348297	72
155.620132	0.174149	67
155.794281	0.162552	60
155.956833	0.371506	61
156.328339	0.150940	69
156.479279	0.174149	66
156.653427	0.348297	60
157.001724	0.174149	65
157.175873	0.185760	64
157.361633	0.174149	64
157.535782	0.104492	65
157.640274	0.185760	67
157.826035	0.197372	65
158.023407	0.359909	67
158.383316	0.116089	65
158.499405	0.208984	66
158.708389	0.383133	62
159.091522	0.313461	63
159.404984	0.348297	67
159.753281	0.185760	65
159.939041	0.174149	67
160.113190	0.197372	72
160.310562	0.139328	73
160.449890	0.162537	71
160.612427	0.185760	68
160.798187	0.336685	67
161.134872	0.336685	65
161.471558	0.371521	64
161.843079	0.325089	65
162.168167	0.348297	70
162.516464	0.174149	70
162.690613	0.174149	66
162.864761	0.081268	69
162.946030	0.592117	64
163.538147	0.359909	62
163.898056	0.336685	62
164.234741	0.325073	63
164.559814	0.162537	64
164.722351	0.174164	62
164.896515	0.278625	62
165.175140	0.116104	62
165.291245	0.150940	62
165.442184	0.197357	62
165.639542	0.325089	64
165.964630	0.197372	74
166.162003	0.139313	74
166.301315	0.359909	72
166.661224	0.208984	71
166.870209	0.127701	71
166.997910	0.359909	73
167.357819	0.325089	80
167.682907	0.348297	79
168.031204	0.162537	79
168.193741	0.197372	65
168.391113	0.336685	65
168.727798	0.336685	78
169.064484	0.325089	73
169.389572	0.348297	69
169.737869	0.534058	68
170.271927	0.185760	67
170.457687	0.197372	66
170.655060	0.162537	66
170.817596	0.150925	66
170.968521	0.185760	67
171.154282	0.162537	68
171.316818	0.162552	62
171.479370	0.336685	61
171.816055	0.545670	66
172.361725	0.127701	65
172.489426	0.220596	69
172.710022	0.150925	0
172.860947	0.197372	0
173.058319	0.127716	0
173.186035	0.232193	0
173.418228	0.255417	57
173.673645	0.220596	58
173.894241	0.174149	61
174.068390	0.185760	63
174.254150	0.325073	62
174.579224	0.359909	60
174.939133	0.185760	57
175.124893	0.127716	58
175.252609	0.394745	57
175.647354	0.313461	59
175.960815	0.208984	58
176.169800	0.150925	57
176.320724	0.162537	0
176.483261	0.185760	0
176.669022	0.185760	70
176.854782	0.139328	69
176.994110	0.359909	59
177.354019	0.162537	65
177.516556	0.197372	65
177.713928	0.150925	65
177.864853	0.150925	65
178.015778	0.371521	64
178.387299	0.174149	57
178.561447	0.162537	57
178.723984	0.220596	62
178.944580	0.116104	73
179.060684	0.162537	72
179.223221	0.185760	72
179.408981	0.162537	79
179.571518	0.174149	74
179.745667	0.174149	77
179.919815	0.150940	80
180.070755	0.208969	68
180.279724	0.150940	68
180.430664	0.162537	0
180.593201	0.174149	80
180.767349	0.359909	81
181.127258	0.185760	0
181.313019	0.162537	74
181.475555	0.220596	72
181.696152	0.139313	70
181.835464	0.162537	69
181.998001	0.197372	78
182.195374	0.185760	71
182.381134	0.139313	0
182.520447	0.220596	0
182.741043	0.116104	0
182.857147	0.371521	71
183.228668	0.162537	0
183.391205	0.127701	0
183.518906	0.371521	76
183.890427	0.243820	72
184.134247	0.104477	0
184.238724	0.197372	70
184.436096	0.325089	72
184.761185	0.174149	72
184.935333	0.208969	79
185.144302	0.127716	77
185.272018	0.267029	77
185.539047	0.406357	71
185.945404	0.348297	61
186.293701	0.197357	66
186.491058	0.139328	0
186.630386	0.208984	60
186.839371	0.162537	61
187.001907	0.162537	76
187.164444	0.185760	74
187.350204	0.162537	77
187.512741	0.197372	70
187.710114	0.150925	73
187.861038	0.162552	72
188.023590	0.185745	0
188.209335	0.139328	0
188.348663	0.301865	72
188.650528	0.197357	63
188.847885	0.208984	63
189.056870	0.313477	72
189.370346	0.197357	72
189.567703	0.185760	72
189.753464	0.208984	77
189.962448	0.139328	84
190.101776	0.116089	0
190.217865	0.243820	78
190.461685	0.162537	74
190.624222	0.139313	73
190.763535	0.371521	74
191.135056	0.208984	73
191.344040	0.139313	0
191.483353	0.150940	65
191.634293	0.116089	66
191.750381	0.092880	74
191.843262	0.185760	74
192.029022	0.150940	80
192.179962	0.174149	78
192.354111	0.162537	74
192.516647	0.197372	76
192.714020	0.162537	0
192.876556	0.174149	73
193.050705	0.174149	74
193.224854	0.185760	79
193.410614	0.150925	83
193.561539	0.185760	75
193.747299	0.185760	73
193.933060	0.336685	75
194.269745	0.220596	73
194.490341	0.081268	68
194.571609	0.208984	73
194.780594	0.139313	0
194.919907	0.150940	0
195.070847	0.162537	0
195.233383	0.232193	82
195.465576	0.150925	68
195.616501	0.174164	81
195.790665	0.174149	78
195.964813	0.197357	76
196.162170	0.162552	77
196.324722	0.139313	75
196.464035	0.139328	0
196.603363	0.336685	78
196.940048	0.278641	76
197.218689	0.116089	76
197.334778	0.174164	74
197.508942	0.104477	73
197.613419	0.092880	73
197.706299	0.185760	76
197.892059	0.127716	0
198.019775	0.208984	73
198.228760	0.127701	78
198.356461	0.197372	68
198.553833	0.197372	64
198.751205	0.162537	64
198.913742	0.150925	64
199.064667	0.150940	62
199.215607	0.185760	71
199.401367	0.325073	71
199.726440	0.243805	64
199.970245	0.116104	64
200.086349	0.232193	62
200.318542	0.139328	63
200.457870	0.174149	65
200.632019	0.058044	64
200.690063	0.092880	0
200.782944	0.208984	62
200.991928	0.150925	64
201.142853	0.139328	64
201.282181	0.220581	63
201.502762	0.185760	65
201.688522	0.104492	69
201.793015	0.185760	70
201.978775	0.185760	64
202.164536	0.208984	65
202.373520	0.162537	63
202.536057	0.139313	67
202.675369	0.069672	66
202.745041	0.104477	66
202.849518	0.197372	66
203.046890	0.174149	67
203.221039	0.116104	0
203.337143	0.208984	64
203.546127	0.208969	61
203.755096	0.162552	66
203.917648	0.150925	67
204.068573	0.185760	68
204.254333	0.185760	64
204.440094	0.116089	67
204.556183	0.220596	67
204.776779	0.162537	78
204.939316	0.348297	64
205.287613	0.301865	61
205.589478	0.232193	62
205.821671	0.150940	62
205.972610	0.116104	60
206.088715	0.185745	0
206.274460	0.243820	65
206.518280	0.139313	65
206.657593	0.174149	66
206.831741	0.185760	61
207.017502	0.185760	65
207.203262	0.139328	64
207.342590	0.139313	65
207.481903	0.058044	0
207.539948	0.150940	61
207.690887	0.290253	64
207.981140	0.243805	66
208.224945	0.127701	66
208.352646	0.255432	67
208.608078	0.127701	65
208.735779	0.104492	65
208.840271	0.243805	62
209.084076	0.197372	67
209.281448	0.139328	70
209.420776	0.162537	62
209.583313	0.185760	66
209.769073	0.185760	68
209.954834	0.162537	77
210.117371	0.185760	76
210.303131	0.139313	83
210.442444	0.336700	82
210.779144	0.232193	80
211.011337	0.104492	70
211.115829	0.243805	69
211.359634	0.116104	0
211.475739	0.197372	64
211.673111	0.139313	64
211.812424	0.232208	76
212.044632	0.139313	76
212.183945	0.162537	76
212.346481	0.185760	76
212.532242	0.208984	74
212.741226	0.116104	75
212.857330	0.185760	75
213.043091	0.127701	65
213.170792	0.220596	65
213.391388	0.174149	62
213.565536	0.325073	61
213.890610	0.220596	79
214.111206	0.116089	0
214.227295	0.348312	64
214.575607	0.208969	64
214.784576	0.139328	66
214.923904	0.174149	67
215.098053	0.197372	65
215.295425	0.174149	64
215.469574	0.139313	67
215.608887	0.348297	62
215.957184	0.336700	65
216.293884	0.232193	75
216.526077	0.116104	75
216.642181	0.336685	64
216.978867	0.220596	74
217.199463	0.139313	63
217.338776	0.208984	64
217.547760	0.150925	64
217.698685	0.162537	65
217.861221	0.359909	63
218.221130	0.150940	70
218.372070	0.185745	77
218.557816	0.127716	0
218.685532	0.383133	64
219.068665	0.162537	64
219.231201	0.162537	65
219.393738	0.348297	61
219.742035	0.232208	64
219.974243	0.092880	0
220.067123	0.243805	62
220.310928	0.139328	61
220.450256	0.162537	63
220.612793	0.197372	69
220.810165	0.197357	66
221.007523	0.127716	65
221.135239	0.197372	64
221.332611	0.139313	64
221.471924	0.371521	64
221.843445	0.104492	0
221.947937	0.406342	63
222.354279	0.127716	64
222.481995	0.208984	62
222.690979	0.150925	62
222.841904	0.197372	64
223.039276	0.197372	63
223.236649	0.150925	62
223.387573	0.150925	0
223.538498	0.359909	64
223.898407	0.174149	61
224.072556	0.116104	62
224.188660	0.232208	63
224.420868	0.034821	64
224.455688	0.092880	64
224.548569	0.336685	62
224.885254	0.267029	64
225.152283	0.278641	74
225.430923	0.139328	0
225.570251	0.081268	64
225.651520	0.174149	62
225.825668	0.313477	73
226.139145	0.174149	75
226.313293	0.290237	75
226.603531	0.197372	69
226.800903	0.162537	70
226.963440	0.394745	63
227.358185	0.092880	60
227.451065	0.220596	61
227.671661	0.696594	72
228.368256	0.348297	67
228.716553	0.185760	65
228.902313	0.185760	65
229.088074	0.174149	72
229.262222	0.162537	73
229.424759	0.208984	69
229.633743	0.116104	67
229.749847	0.359909	65
230.109756	0.325073	64
230.434830	0.359909	65
230.794739	0.325073	67
231.119812	0.359909	77
231.479721	0.174164	75
231.653885	0.185745	75
231.839630	0.104492	73
231.944122	0.568893	64
232.513016	0.348297	62
232.861313	0.336685	62
233.197998	0.336700	67
233.534698	0.174149	69
233.708847	0.174149	62
233.882996	0.301865	62
234.184860	0.232193	62
234.417053	0.185760	62
234.602814	0.208984	63
234.811798	0.116089	62
234.927887	0.220596	62
235.148483	0.116104	64
235.264587	0.348297	64
235.612885	0.185760	63
235.798645	0.150925	60
235.949570	0.371521	61
236.321091	0.162537	69
236.483627	0.174149	68
236.657776	0.336685	66
236.994461	0.174149	65
237.168610	0.197372	65
237.365982	0.174149	65
237.540131	0.104492	64
237.644623	0.185760	67
237.830383	0.185760	65
238.016144	0.371521	67
238.387665	0.104492	64
238.492157	0.220581	65
238.712738	0.371521	62
239.084259	0.325089	62
239.409348	0.348297	67
239.757645	0.185760	65
239.943405	0.174149	67
240.117554	0.185760	72
240.303314	0.139313	73
240.442627	0.174149	71
240.616776	0.127716	68
240.744492	0.046432	67
240.790924	0.348312	66
241.139236	0.336685	64
241.475922	0.359909	64
241.835831	0.325073	64
242.160904	0.348297	70
242.509201	0.174149	70
242.683350	0.185760	79
242.869110	0.081268	72
242.950378	0.592117	64
243.542496	0.348297	62
243.890793	0.336685	62
244.227478	0.336700	65
244.564178	0.162537	69
244.726715	0.174149	62
244.900864	0.278641	62
245.179504	0.267029	62
245.446533	0.197372	62
245.643906	0.313461	63
245.957367	0.197372	0
246.154739	0.150925	0
246.305664	0.348297	72
246.653961	0.336700	71
246.990662	0.371521	72
247.362183	0.325073	70
247.687256	0.336685	71
248.023941	0.174149	65
248.198090	0.197372	60
248.395462	0.336685	62
248.732147	0.325089	62
249.057236	0.336685	60
249.393921	0.348297	57
249.742218	0.383133	59
250.125351	0.150925	67
250.276276	0.174149	67
250.450424	0.208984	64
250.659409	0.150925	66
250.810333	0.162552	67
250.972885	0.174149	59
251.147034	0.174149	58
251.321182	0.162537	57
251.483719	0.325073	57
251.808792	0.371521	66
252.180313	0.174149	67
252.354462	0.139328	66
252.493790	0.208984	69
252.702774	0.162537	70
252.865311	0.197372	0
253.062683	0.127701	0
253.190384	0.220596	66
253.410980	0.267029	63
253.678009	0.208969	58
253.886978	0.185760	62
254.072739	0.185760	63
254.258499	0.313477	62
254.571976	0.371521	60
254.943497	0.174149	57
255.117645	0.139313	58
255.256958	0.383133	57
255.640091	0.325073	59
255.965164	0.197372	58
256.162537	0.162537	57
256.325073	0.162537	0
256.487610	0.174164	0
256.661774	0.174133	70
256.835907	0.162537	69
256.998444	0.348328	59
257.346771	0.348297	65
257.695068	0.174133	65
257.869202	0.139313	65
258.008514	0.371521	64
258.380035	0.336700	56
258.716736	0.208984	57
258.925720	0.162537	0
259.088257	0.162537	0
259.250793	4.142914	0
