0.615329	0.499229	75
1.114558	0.534059	75
1.648617	0.243809	0
1.892426	0.243809	83
2.136236	0.255420	82
2.391655	0.243809	0
2.635465	0.267030	0
2.902494	0.232199	0
3.134694	0.255419	0
3.390113	0.243809	0
3.633923	0.255419	0
3.889342	0.255420	0
4.144762	0.220590	65
4.365352	0.255419	67
4.620771	0.510839	67
5.131610	0.534059	0
5.665669	0.220590	0
5.886259	0.243809	0
6.130068	0.255420	71
6.385488	0.255419	0
6.640907	0.255420	0
6.896327	0.232200	0
7.128526	0.499229	0
7.627755	0.255419	0
7.883174	0.232200	0
8.115375	0.290249	0
8.405623	0.104490	0
8.510114	0.092879	66
8.602993	0.185760	72
8.788753	0.394739	71
9.183492	0.429569	60
9.613061	0.417959	60
10.031020	0.336690	59
10.367710	0.197370	56
10.565080	0.243809	70
10.808888	0.278640	70
11.087528	0.197370	59
11.284898	0.220590	59
11.505487	0.116100	56
11.621588	0.197370	59
11.818957	0.058049	60
11.877007	0.243810	0
12.120816	0.290250	70
12.411066	0.220590	69
12.631656	0.499228	72
13.130884	0.267030	67
13.397914	0.232200	0
13.630114	0.255420	0
13.885533	0.232199	0
14.117732	0.278640	74
14.396372	0.243810	56
14.640182	0.255420	55
14.895601	0.232199	0
15.127800	0.255420	68
15.383220	0.243810	68
15.627029	0.255420	67
15.882449	0.243810	66
16.126259	0.267029	58
16.393288	0.104490	0
16.497778	0.092880	0
16.590658	0.534058	64
17.124716	0.267031	59
17.391747	0.243809	60
17.635555	0.417959	59
18.053514	0.081270	60
18.134785	0.255419	60
18.390203	0.220591	60
18.610794	0.290249	70
18.901043	0.232201	70
19.133244	0.255419	60
19.388662	0.232199	59
19.620861	0.267031	60
19.887892	0.232199	60
20.120090	0.278639	70
20.398729	0.220591	69
20.619320	0.278639	72
20.897959	0.232201	72
21.130159	0.255419	72
21.385578	0.255419	71
21.640997	0.243811	0
21.884808	0.232199	0
22.117006	0.278641	0
22.395647	0.243809	67
22.639456	0.255419	68
22.894875	0.232201	68
23.127075	0.267029	69
23.394104	0.232201	0
23.626305	0.255419	0
23.881723	0.243809	66
24.125532	0.278641	67
24.404173	0.220589	67
24.624762	0.510839	65
25.135601	0.267029	71
25.402630	0.220591	71
25.623220	0.499229	72
26.122450	0.267029	72
26.389479	0.232199	67
26.621677	0.220591	69
26.842268	0.290249	65
27.132517	0.220591	60
27.353107	0.290249	65
27.643356	0.243809	72
27.887165	0.208981	72
28.096146	0.301859	72
28.398005	0.232199	71
28.630203	0.499229	72
29.129433	0.487619	72
29.617052	0.267029	72
29.884081	0.127710	71
30.011791	0.383129	67
30.394920	0.116100	69
30.511021	0.162539	68
30.673559	0.464399	67
31.137959	0.255421	65
31.393379	0.243809	65
31.637188	0.243811	72
31.880999	0.243807	72
32.124805	0.278641	75
32.403446	0.208981	72
32.612427	0.452789	0
33.065216	0.510838	0
33.576054	0.359909	0
33.935963	0.174152	0
34.110115	0.487617	80
34.597733	0.545670	82
35.143402	0.267029	82
35.410431	0.232201	82
35.642632	0.255417	82
35.898048	0.220592	82
36.118641	0.150928	82
36.269569	0.139320	0
36.408890	0.232197	75
36.641087	0.499229	74
37.140316	0.255421	74
37.395737	0.243809	71
37.639545	0.499229	77
38.138775	0.267029	77
38.405804	0.220592	76
38.626396	0.267029	74
38.893425	0.220589	74
39.114014	0.267029	69
39.381042	0.243809	0
39.624851	0.267033	66
39.891884	0.220589	67
40.112473	0.278637	67
40.391109	0.232201	67
40.623310	0.499229	70
41.122540	0.499229	63
41.621769	0.487617	61
42.109386	0.510841	66
42.620228	0.522449	66
43.142677	0.255417	68
43.398094	0.243809	66
43.641903	0.383133	66
44.025036	0.383129	72
44.408165	0.232197	74
44.640362	0.499229	74
45.139591	0.267029	74
45.406620	0.232201	71
45.638821	0.522449	70
46.161270	0.476009	70
46.637280	0.499229	69
47.136509	0.998459	70
48.134968	0.267029	65
48.401997	0.232197	70
48.634193	0.255421	76
48.889614	0.243809	75
49.133423	0.267029	70
49.400452	0.220592	70
49.621044	0.290249	71
49.911293	0.220589	72
50.131882	0.499229	74
50.631111	0.510838	66
51.141949	0.255421	66
51.397369	0.243809	66
51.641178	0.359909	66
52.001087	0.139320	66
52.140408	0.255421	71
52.395828	0.232201	75
52.628029	0.499226	72
53.127254	0.510841	67
53.638096	0.510838	68
54.148933	0.487621	69
54.636555	0.267029	70
54.903584	0.232201	69
55.135784	0.243809	70
55.379593	0.255417	0
55.635010	0.243813	66
55.878822	0.127708	69
56.006531	0.383129	68
56.389660	0.232201	67
56.621861	0.522449	69
57.144310	0.487617	69
57.631927	0.499229	69
58.131157	0.267029	64
58.398186	0.743038	68
59.141224	0.255421	66
59.396645	0.232201	66
59.628845	0.359909	68
59.988754	0.394737	73
60.383492	0.243809	75
60.627300	0.487621	74
61.114922	0.510838	73
61.625759	0.499229	71
62.124989	0.278641	67
62.403629	0.220589	69
62.624218	0.499229	69
63.123447	0.998455	69
64.121902	0.267029	65
64.388931	0.185760	65
64.574692	0.429573	70
65.004265	0.371521	70
65.375786	0.208977	70
65.584763	0.534058	73
66.118820	0.267029	73
66.385849	0.116104	76
66.501953	0.092880	77
66.594833	0.487617	70
67.082451	0.325081	66
67.407532	0.220589	61
67.628120	0.267029	0
67.895149	0.232201	70
68.127350	0.255417	71
68.382767	0.243813	71
68.626579	0.267029	68
68.893608	0.232201	68
69.125809	0.255417	67
69.381226	0.243805	68
69.625031	0.267036	67
69.892067	0.232193	67
70.124260	0.255424	67
70.379684	0.243805	67
70.623489	0.267029	66
70.890518	0.243813	76
71.134331	0.267029	75
71.401360	0.232201	0
71.633560	0.255417	0
71.888977	0.232201	0
72.121178	0.267029	70
72.388206	0.243813	0
72.632019	0.255417	68
72.887436	0.243813	68
73.131248	0.255417	68
73.386665	0.243813	68
73.630478	0.255417	67
73.885895	0.255417	67
74.141312	0.232201	67
74.373512	0.255424	67
74.628937	0.162537	75
74.791473	0.185760	62
74.977234	0.650162	60
75.627396	0.510834	59
76.138229	0.139320	53
76.277550	0.197372	56
76.474922	0.162537	57
76.637459	0.243813	58
76.881271	0.208977	70
77.090248	0.069664	72
77.159912	0.243805	71
77.403717	0.220589	0
77.624306	0.267029	72
77.891335	0.232201	72
78.123535	0.394745	61
78.518280	0.116096	79
78.634377	0.267029	79
78.901405	0.232201	78
79.133606	0.267029	79
79.400635	0.232201	0
79.632835	0.243805	0
79.876640	0.243813	71
80.120453	0.278641	71
80.399094	0.232201	70
80.631294	0.267029	68
80.898323	0.232201	67
81.130524	0.255417	67
81.385941	0.243813	68
81.629753	0.255417	67
81.885170	0.243813	67
82.128983	0.243805	67
82.372787	0.185760	67
82.558548	0.568893	63
83.127441	0.220589	62
83.348030	0.290245	76
83.638275	0.278641	72
83.916916	0.208977	0
84.125893	0.267029	0
84.392921	0.243813	0
84.636734	0.267029	74
84.903763	0.232201	74
85.135963	0.278641	60
85.414604	0.197365	64
85.611969	0.267036	71
85.879005	0.243805	70
86.122810	0.290253	67
86.413063	0.208977	66
86.622040	0.499229	67
87.121269	0.267029	67
87.388298	0.243813	67
87.632111	0.255417	67
87.887527	0.232201	74
88.119728	0.278641	72
88.398369	0.232201	70
88.630569	0.255417	67
88.885986	0.243813	68
89.129799	0.255417	67
89.385216	0.243813	68
89.629028	0.255417	67
89.884445	0.232201	67
90.116646	0.220589	67
90.337234	0.290245	67
90.627480	0.441185	74
91.068665	0.069656	73
91.138321	0.243813	73
91.382133	0.232201	71
91.614334	0.267029	72
91.881363	0.243805	72
92.125168	0.267029	72
92.392197	0.232201	71
92.624397	0.499229	73
93.123627	0.116104	72
93.239731	0.174149	75
93.413879	0.220589	72
93.634468	0.255417	72
93.889885	0.232201	71
94.122086	0.267029	79
94.389114	0.243813	74
94.632927	0.232201	73
94.865128	0.267029	75
95.132156	0.255417	74
95.387573	0.232201	74
95.619774	0.243813	76
95.863586	0.243805	72
96.107391	0.301857	72
96.409248	0.220596	0
96.629845	0.243805	0
96.873650	0.255424	65
97.129074	0.267029	71
97.396103	0.232193	70
97.628296	0.278641	71
97.906937	0.220589	71
98.127525	0.267029	72
98.394554	0.232201	72
98.626755	0.208984	71
98.835739	0.278641	0
99.114380	0.464394	0
99.578773	0.348305	71
99.927078	0.185753	59
100.112831	0.499229	73
100.612061	0.534065	72
101.146126	0.255417	66
101.401543	0.243813	75
101.645355	0.487617	75
102.132973	0.267029	67
102.400002	0.243805	69
102.643806	0.487625	74
103.131432	0.255417	70
103.386848	0.255417	71
103.642265	0.255424	65
103.897690	0.232193	63
104.129883	0.278641	68
104.408524	0.220589	65
104.629112	0.278641	77
104.907753	0.220589	74
105.128342	0.278641	67
105.406982	0.220589	59
105.627571	0.487625	64
106.115196	0.290245	66
106.405441	0.220589	67
106.626030	0.499229	72
107.125259	0.510841	75
107.636101	0.487617	74
108.123718	0.499229	66
108.622948	0.499229	70
109.122177	0.499229	68
109.621407	0.545670	67
110.167076	0.232201	75
110.399277	0.243805	74
110.643082	0.487617	74
111.130699	0.510841	73
111.641541	0.499229	75
112.140770	0.267029	74
112.407799	0.232201	69
112.639999	0.487617	70
113.127617	0.986847	72
114.114464	0.499229	70
114.613693	0.510841	71
115.124535	0.267029	70
115.391563	0.232201	70
115.623764	0.510841	73
116.134605	0.499229	74
116.633835	0.499229	67
117.133064	0.255417	66
117.388481	0.232201	66
117.620682	0.522446	70
118.143127	0.243813	67
118.386940	0.232201	75
118.619141	0.510834	72
119.129974	0.510841	69
119.640816	0.487617	67
120.128433	0.267029	70
120.395462	0.243813	72
120.639275	0.487617	74
121.126892	0.255424	77
121.382317	0.185753	79
121.568069	0.081276	75
121.649345	0.232193	78
121.881538	0.116104	79
121.997643	0.116096	0
122.113739	0.267029	67
122.380768	0.243813	70
122.624580	0.510841	74
123.135422	0.487617	76
123.623039	0.499229	70
124.122269	0.510841	68
124.633110	0.499222	71
125.132332	0.267036	71
125.399368	0.232193	71
125.631561	0.417961	66
126.049522	0.348297	70
126.397820	0.232201	75
126.630020	0.499229	74
127.129250	0.510841	73
127.640091	0.499222	68
128.139313	0.487625	66
128.626938	0.510834	70
129.137772	0.986847	70
130.124619	0.278641	69
130.403259	0.185760	65
130.589020	0.394745	78
130.983765	0.650162	74
131.633926	0.510834	72
132.144760	0.476013	73
132.620773	0.510834	71
133.131607	0.267029	76
133.398636	0.232208	0
133.630844	0.278641	73
133.909485	0.220581	74
134.130066	0.267029	74
134.397095	0.220596	74
134.617691	0.510834	65
135.128525	0.255417	0
135.383942	0.232208	74
135.616150	0.278641	74
135.894791	0.232193	74
136.126984	0.255417	74
136.382401	0.243820	75
136.626221	0.499222	73
137.125443	0.278641	74
137.404083	0.220581	78
137.624664	0.278641	75
137.903305	0.220596	78
138.123901	0.278641	74
138.402542	0.220581	78
138.623123	0.499237	74
139.122360	0.267029	80
139.389389	0.243805	78
139.633194	0.499237	77
140.132431	0.255417	77
140.387848	0.243805	76
140.631653	0.267029	79
140.898682	0.220596	84
141.119278	0.464401	78
141.583679	0.545670	80
142.129349	0.255417	85
142.384766	0.232193	85
142.616959	0.267029	86
142.883987	0.243820	81
143.127808	0.267029	80
143.394836	0.220581	83
143.615417	0.278641	83
143.894058	0.232193	78
144.126251	0.267044	78
144.393295	0.139313	77
144.532608	0.092880	77
144.625488	0.220596	77
144.846085	0.278625	76
145.124710	0.267029	72
145.391739	0.232208	72
145.623947	0.278641	74
145.902588	0.220581	72
146.123169	0.267029	72
146.390198	0.232208	72
146.622406	0.243805	72
146.866211	0.255417	0
147.121628	0.267029	0
147.388657	0.243820	69
147.632477	0.255417	72
147.887894	0.243805	71
148.131699	0.255417	69
148.387115	0.255417	67
148.642532	0.348312	67
148.990845	0.638550	67
149.629395	0.835907	69
150.465302	0.150940	67
150.616241	0.394730	69
151.010971	0.650162	60
151.661133	0.499237	60
152.160370	0.499222	60
152.659592	0.476013	54
153.135605	0.046432	61
153.182037	0.464401	62
153.646439	0.487625	56
154.134064	0.104492	52
154.238556	0.394730	60
154.633286	0.499237	58
155.132523	0.081268	59
155.213791	0.406342	59
155.620132	0.510849	59
156.130981	0.487610	60
156.618591	0.487625	72
157.106216	0.534058	73
157.640274	0.359909	63
158.000183	0.162537	63
158.162720	0.487625	66
158.650345	0.092880	67
158.743225	0.406342	66
159.149567	0.510849	66
159.660416	0.267029	66
159.927444	0.232193	67
160.159637	0.150925	67
160.310562	0.348297	66
160.658859	0.487625	65
161.146484	0.267029	61
161.413513	0.243805	56
161.657318	0.267029	60
161.924347	0.232208	65
162.156555	0.487610	70
162.644165	0.278641	72
162.922806	0.220596	74
163.143402	0.278641	67
163.422043	0.232193	63
163.654236	0.232208	66
163.886444	0.255417	67
164.141861	0.278641	67
164.420502	0.232193	67
164.652695	0.499237	70
165.151932	0.499222	69
165.651154	0.499237	68
166.150391	0.510834	76
166.661224	0.255417	75
166.916641	0.220596	75
167.137238	0.290253	75
167.427490	0.220581	74
167.648071	0.534058	74
168.182129	0.243805	75
168.425934	0.232208	75
168.658142	0.487625	73
169.145767	0.278625	74
169.424393	0.232208	72
169.656601	0.499222	73
170.155823	0.499237	75
170.655060	0.499222	69
171.154282	0.267029	73
171.421310	0.731430	71
172.152740	0.267029	69
172.419769	0.232208	0
172.651978	0.499222	70
173.151199	0.267029	69
173.418228	0.220596	70
173.638824	0.290253	73
173.929077	0.220581	71
174.149658	0.499237	77
174.648895	0.499222	68
175.148117	0.267029	66
175.415146	0.243805	67
175.658951	0.499237	66
176.158188	0.255417	67
176.413605	0.243805	67
176.657410	0.487625	69
177.145035	0.487625	67
177.632660	0.522446	63
178.155106	0.255417	65
178.410522	0.255417	67
178.665939	0.255417	69
178.921356	0.232208	69
179.153564	0.255417	65
179.408981	0.243805	74
179.652786	0.232208	67
179.884995	0.116089	68
180.001083	0.406357	67
180.407440	0.220581	66
180.628021	0.534058	69
181.162079	0.464401	69
181.626480	0.522461	69
182.148941	0.510834	64
182.659775	0.499222	65
183.158997	0.255432	66
183.414429	0.243805	67
183.658234	0.371521	69
184.029755	0.150925	66
184.180679	0.232193	75
184.412872	0.232208	74
184.645081	0.510834	74
185.155914	0.510849	72
185.666763	0.510834	68
186.177597	0.487625	67
186.665222	0.487610	69
187.152832	0.998459	70
188.151291	0.487625	69
188.638916	0.383118	73
189.022034	0.139328	69
189.161362	0.255417	69
189.416779	0.208984	70
189.625763	0.534058	73
190.159821	0.476013	73
190.635834	0.522446	71
191.158279	0.499222	68
191.657501	0.255417	67
191.912918	0.232208	66
192.145126	0.127701	67
192.272827	0.150940	66
192.423767	0.232193	66
192.655960	0.499237	65
193.155197	0.267029	62
193.422226	0.232193	75
193.654419	0.255417	75
193.909836	0.232208	76
194.142044	0.267029	0
194.409073	0.243805	79
194.652878	0.267029	72
194.919907	0.220596	75
195.140503	0.499222	78
195.639725	0.499237	66
196.138962	0.278641	67
196.417603	0.232193	67
196.649796	0.487625	72
197.137421	0.290237	69
197.427658	0.220596	73
197.648254	0.499222	66
198.147476	0.499237	76
198.646713	0.499222	72
199.145935	0.499237	66
199.645172	0.417953	66
200.063126	0.371521	73
200.434647	0.220596	75
200.655243	0.499222	75
201.154465	0.499237	72
201.653702	0.499222	73
202.152924	0.510834	70
202.663757	0.487625	69
203.151382	0.510834	72
203.662216	0.487625	69
204.149841	0.267029	69
204.416870	0.232193	73
204.649063	0.499237	75
205.148300	0.499222	77
205.647522	0.290253	75
205.937775	0.220596	75
206.158371	0.499222	78
206.657593	0.487625	78
207.145218	0.510834	78
207.656052	0.487625	78
208.143677	0.267029	79
208.410706	0.243805	79
208.654510	0.487625	79
209.142136	0.475998	79
209.618134	0.301865	81
209.919998	0.232208	79
210.152206	0.278625	77
210.430832	0.232208	79
210.663040	0.487610	77
211.150650	0.243820	78
211.394470	0.208969	79
211.603439	0.058060	79
211.661499	0.243805	78
211.905304	0.139328	71
212.044632	0.371506	79
212.416138	0.232208	79
212.648346	0.499222	81
213.147568	0.487625	80
213.635193	0.510834	79
214.146027	0.998459	78
215.144485	0.510849	78
215.655334	0.429565	78
216.084900	0.336685	77
216.421585	0.232208	75
216.653793	0.499222	74
217.153015	0.510834	73
217.663849	0.487625	70
218.151474	0.267029	67
218.418503	0.232193	69
218.650696	0.499237	69
219.149933	0.510834	69
219.660767	0.243820	69
219.904587	0.243805	69
220.148392	0.267029	69
220.415421	0.220581	70
220.636002	0.359924	70
220.995926	0.174149	76
221.170074	0.475998	71
221.646072	0.510849	65
222.156921	0.267029	58
222.423950	21.524887	61
243.948837	0.893982	59
244.842819	0.487610	60
245.330429	0.325089	55
245.655518	0.661758	60
246.317276	0.487625	56
246.804901	0.104492	50
246.909393	0.394730	60
247.304123	0.499237	58
247.803360	0.081268	59
247.884628	0.406342	59
248.290970	0.104492	0
248.395462	0.406357	59
248.801819	0.499222	60
249.301041	0.487625	75
249.788666	0.534058	0
250.322723	0.348297	63
250.671021	0.162537	63
250.833557	0.487625	66
251.321182	0.510834	66
251.832016	0.510834	66
252.342850	0.267044	66
252.609894	0.220581	67
252.830475	0.162537	67
252.993011	0.336700	66
253.329712	0.499222	65
253.828934	0.255417	61
254.084351	0.243820	56
254.328171	0.278625	55
254.606796	0.185760	64
254.792557	0.034836	66
254.827393	0.499222	69
255.326614	0.499237	74
255.825851	0.267014	67
256.092865	0.232208	63
256.325073	0.220581	66
256.545654	0.278656	67
256.824310	0.278625	67
257.102936	0.220612	67
257.323547	0.510834	69
257.834381	0.487610	69
258.321991	0.510834	67
258.832825	0.499237	64
259.332062	0.267029	63
259.599091	0.208984	75
259.808075	0.290253	74
260.098328	0.232208	74
260.330536	0.534058	62
260.864594	0.232178	63
261.096771	0.243805	62
261.340576	0.487640	62
261.828217	0.278625	74
262.106842	0.220581	72
262.327423	0.510864	70
262.838287	0.487610	70
263.325897	0.499237	69
263.825134	0.998444	69
264.823578	0.278656	69
265.102234	0.220581	70
265.322815	0.499237	70
265.822052	0.278625	70
266.100677	0.220581	70
266.321259	0.278656	73
266.599915	0.232208	71
266.832123	0.487610	74
267.319733	0.510834	66
267.830566	0.267029	66
268.097595	0.243805	66
268.341400	0.499237	66
268.840637	0.243805	67
269.084442	0.243805	67
269.328247	0.499237	67
269.827484	0.487610	67
270.315094	0.510834	63
270.825928	0.267029	65
271.092957	0.243835	67
271.336792	0.267029	69
271.603821	0.220581	69
271.824402	0.255402	65
272.079803	0.243835	74
272.323639	0.232178	67
272.555817	0.127716	64
272.683533	0.394745	65
273.078278	0.232208	66
273.310486	0.522430	69
273.832916	0.476013	69
274.308929	0.510834	67
274.819763	1.010071	66
275.829834	0.267029	71
276.096863	0.232208	71
276.329071	0.185760	71
276.514832	0.336700	67
276.851532	0.232178	75
277.083710	0.232208	74
277.315918	0.510834	74
277.826752	0.510834	72
278.337585	0.499237	69
278.836823	0.499237	66
279.336060	0.487610	69
279.823669	0.998474	69
280.822144	0.278625	68
281.100769	0.220581	67
281.321350	0.383148	69
281.704498	0.139313	69
281.843811	0.255432	70
282.099243	0.208954	70
282.308197	0.522461	73
282.830658	0.487610	73
283.318268	0.510834	72
283.829102	0.510864	78
284.339966	0.243805	78
284.583771	0.243805	78
284.827576	0.127716	78
284.955292	0.371521	78
285.326813	0.499207	77
285.826019	0.267029	76
286.093048	0.243835	75
286.336884	0.243805	75
286.580688	0.243805	76
286.824493	0.255402	79
287.079895	0.255432	77
287.335327	0.267029	79
287.602356	0.220581	75
287.822937	0.499237	79
288.322174	0.499237	79
288.821411	0.278625	79
289.100037	0.232208	78
289.332245	0.487610	77
289.819855	0.499237	79
290.319092	0.510834	78
290.829926	0.487640	76
291.317566	0.510834	76
291.828400	0.499207	78
292.327606	1.010071	77
293.337677	0.487640	74
293.825317	0.510834	72
294.336151	0.487610	70
294.823761	0.510834	70
295.334595	0.499237	69
295.833832	0.510834	72
296.344666	0.476013	69
296.820679	0.267029	69
297.087708	0.232208	76
297.319916	0.499237	75
297.819153	0.499207	77
298.318359	0.510834	76
298.829193	0.499237	78
299.328430	0.499237	78
299.827667	0.499237	78
300.326904	0.487610	78
300.814514	0.267029	79
301.081543	0.255432	79
301.336975	0.487610	79
301.824585	0.476013	79
302.300598	0.534058	80
302.834656	0.499207	78
303.333862	0.487640	75
303.821503	0.255402	78
304.076904	0.255432	79
304.332336	0.255432	79
304.587769	0.139313	79
304.727081	0.371521	79
305.098602	0.220581	79
305.319183	0.510834	80
305.830017	0.487610	78
306.317627	0.510864	79
306.828491	0.998444	78
307.826935	0.510834	78
308.337769	0.417969	78
308.755737	0.580505	76
309.336243	0.499237	74
309.835480	0.499207	73
310.334686	0.487640	71
310.822327	0.499207	73
311.321533	0.510834	69
311.832367	0.510864	69
312.343231	0.475983	69
312.819214	0.267059	69
313.086273	0.220581	65
313.306854	0.371521	67
313.678375	0.174133	69
313.852509	0.464417	64
314.316925	0.522430	62
314.839355	0.255432	54
315.094788	4.138947	59
