0.058050	0.359909	0
0.417959	0.208980	0
0.626939	1.799546	55
2.426485	0.603719	0
3.030204	0.417959	0
3.448163	1.346757	0
4.794920	0.592109	0
5.387030	0.406349	0
5.793379	1.335147	0
7.128526	0.406349	0
7.534875	0.197370	0
7.732245	1.172608	0
8.904853	1.044898	61
9.949751	1.393197	63
11.342948	0.127709	58
11.470657	0.441179	60
11.911837	1.764717	59
13.676554	0.162539	58
13.839093	2.229115	61
16.068209	0.139320	58
16.207529	0.441179	60
16.648708	0.661768	60
17.310476	0.510839	60
17.821316	0.603718	59
18.425034	0.603720	55
19.028753	0.580498	62
19.609251	0.359909	63
19.969160	0.824308	63
20.793468	0.603720	60
21.397188	0.952019	61
22.349207	0.812698	55
23.161905	0.406349	59
23.568254	1.950476	61
25.518730	0.603720	59
26.122450	1.195827	59
27.318277	0.359909	61
27.678186	0.580498	55
28.258684	1.950478	57
30.209162	0.139318	59
30.348480	0.499229	60
30.847710	1.184219	57
32.031929	0.928795	57
32.960724	0.301861	55
33.262585	0.557278	0
33.819862	1.706669	0
35.526531	0.464397	0
35.990929	0.197372	48
36.188301	0.092876	48
36.281178	1.056511	48
37.337688	0.150928	58
37.488617	0.255421	60
37.744038	1.985306	62
39.729343	0.162540	58
39.891884	0.394737	60
40.286621	1.776325	55
42.062946	0.139320	59
42.202267	0.034832	59
42.237099	0.255417	60
42.492516	0.174152	62
42.666668	1.787933	46
44.454601	0.557281	59
45.011883	0.116100	0
45.127983	0.522449	48
45.650433	0.603718	51
46.254150	0.568890	0
46.823040	0.580498	55
47.403538	0.603718	61
48.007256	1.207439	63
49.214695	0.139320	59
49.354015	0.406349	60
49.760365	1.799545	55
51.559910	0.406349	59
51.966259	0.162540	62
52.128799	1.787933	44
53.916733	0.580502	0
54.497234	0.661766	50
55.159000	0.534061	58
55.693062	0.626938	54
56.320000	0.359909	55
56.679909	0.197369	55
56.877277	0.429569	55
57.306847	1.335148	48
58.641994	0.592110	47
59.234104	1.184219	56
60.418324	0.081268	0
60.499592	0.534058	55
61.033649	0.359909	55
61.393559	0.255421	57
61.648979	0.557278	48
62.206257	1.729889	48
63.936146	0.603718	0
64.539864	1.787933	0
66.327797	2.368439	56
68.696236	2.368439	53
71.064674	2.217499	57
73.282173	0.464401	60
73.746574	0.301865	48
74.048439	1.729881	48
75.778320	4.760094	55
80.538414	2.345215	56
82.883629	0.116096	44
82.999725	2.275558	44
85.275284	0.487617	51
85.762901	1.892426	52
87.655327	2.345215	57
90.000542	2.287170	48
92.287712	0.174149	0
92.461861	2.298775	56
94.760635	2.333603	52
97.094238	2.356827	50
99.451065	0.429573	51
99.880638	1.938866	49
101.819504	0.417953	0
102.237457	0.197372	0
102.434830	0.371521	55
102.806351	1.369972	0
104.176323	0.417961	48
104.594284	0.185760	48
104.780045	0.383133	48
105.163177	1.358368	48
106.521545	0.417953	0
106.939499	0.185760	48
107.125259	0.394737	48
107.519997	0.812698	48
108.332695	0.603722	60
108.936417	0.429573	62
109.365990	0.197365	63
109.563354	0.348297	63
109.911652	1.404808	61
111.316460	0.975243	62
112.291702	0.812698	55
113.104401	0.150925	58
113.255325	0.267036	60
113.522362	0.150925	62
113.673286	0.406349	62
114.079636	0.174149	51
114.253784	0.383133	55
114.636917	1.416420	58
116.053337	0.568886	51
116.622223	0.406349	51
117.028572	0.208977	50
117.237549	0.580498	50
117.818047	0.359909	55
118.177956	0.243813	55
118.421768	0.592110	54
119.013878	0.371521	48
119.385399	1.393196	56
120.778595	0.963631	58
121.742226	0.824303	55
122.566528	0.417961	60
122.984489	0.150932	62
123.135422	0.406349	62
123.541771	0.197365	0
123.739136	0.371521	0
124.110657	1.404808	57
125.515465	1.172607	51
126.688072	0.592110	53
127.280182	0.359909	55
127.640091	0.243813	55
127.883904	0.928795	52
128.812698	0.835922	48
129.648621	0.162537	0
129.811157	0.429565	47
130.240723	0.963638	50
131.204361	0.232193	50
131.436554	0.557281	54
131.993835	0.371521	55
132.365356	0.801086	55
133.166443	0.383133	0
133.549576	1.381577	0
134.931152	0.429581	0
135.360733	0.185745	0
135.546478	0.406357	0
135.952835	0.789474	0
136.742310	0.185760	58
136.928070	0.255417	60
137.183487	0.197372	62
137.380859	0.998459	58
138.379318	1.335144	57
139.714462	0.626938	59
140.341400	0.371521	55
140.712921	0.777878	55
141.490799	0.417953	59
141.908752	0.185760	62
142.094513	0.952011	62
143.046524	1.497696	56
144.544220	0.301865	57
144.846085	0.824295	52
145.670380	0.592117	54
146.262497	0.336685	55
146.599182	0.243805	57
146.842987	0.580505	59
147.423492	0.371521	63
147.795013	1.404800	58
149.199814	0.940414	61
150.140228	0.824310	55
150.964539	0.174149	58
151.138687	0.255417	60
151.394104	0.162537	61
151.556641	0.986847	44
152.543488	2.565811	47
155.109299	0.580490	54
155.689789	0.348312	55
156.038101	0.673370	56
156.711472	0.522446	49
157.233917	0.835922	48
158.069839	0.127716	59
158.197556	0.452789	60
158.650345	1.219040	52
159.869385	0.534058	55
160.403442	0.359909	55
160.763351	0.824310	55
161.587662	0.371521	55
161.959183	1.358368	0
163.317551	0.661774	55
163.979324	0.383118	49
164.362442	0.812698	48
165.175140	0.580505	59
165.755646	1.010071	55
166.765717	0.243805	48
167.009521	0.893967	49
167.903488	0.255417	54
168.158905	0.371521	57
168.530426	0.232208	48
168.762634	0.348297	48
169.110931	1.311920	48
170.422852	0.661774	51
171.084625	0.383133	48
171.467758	0.812698	48
172.280457	0.580490	58
172.860947	0.975250	53
173.836197	0.232193	48
174.068390	0.905579	54
174.973969	0.278641	58
175.252609	0.406342	55
175.658951	0.150940	48
175.809891	0.383118	48
176.193008	1.311935	48
177.504944	0.708206	54
178.213150	0.371521	48
178.584671	0.789474	48
179.374146	0.603729	48
179.977875	0.592102	52
180.569977	0.371521	58
180.941498	0.243805	48
181.185303	0.893967	44
182.079269	0.626938	58
182.706207	0.243820	53
182.950027	0.371521	48
183.321548	1.323532	48
184.645081	0.661774	48
185.306854	0.359909	48
185.666763	0.812698	48
186.479462	0.568878	59
187.048340	0.998459	49
188.046799	0.232208	48
188.279007	0.905579	57
189.184586	0.255417	57
189.440002	0.580490	48
190.020493	0.383133	0
190.403625	1.381592	48
191.785217	0.394745	0
192.179962	0.197357	0
192.377319	0.383133	0
192.760452	1.393204	0
194.153656	0.592102	0
194.745758	0.383133	0
195.128891	1.416412	0
196.545303	0.406357	0
196.951660	0.185760	0
197.137421	0.348297	0
197.485718	1.416412	0
198.902130	0.557281	0
199.459412	0.394745	0
199.854156	1.428024	0
201.282181	0.603714	0
201.885895	0.371521	0
202.257416	10.089066	0
212.346481	0.029022	0
