5.514739	0.208980	53
5.723719	0.441179	55
6.164898	0.104490	0
6.269388	0.476009	0
6.745397	0.127710	0
6.873106	0.870749	49
7.743855	0.278639	64
8.022494	0.162539	0
8.185034	0.348300	0
8.533334	0.441178	46
8.974512	0.267030	47
9.241542	0.325080	47
9.566622	0.592109	47
10.158731	0.290249	0
10.448979	0.325080	0
10.774059	0.058049	0
10.832108	0.545670	55
11.377778	0.092879	0
11.470657	0.162539	0
11.633197	0.150930	0
11.784127	0.069659	0
11.853786	0.557280	0
12.411066	0.325079	0
12.736145	0.267030	0
13.003175	0.046440	0
13.049615	0.278639	54
13.328254	0.255420	0
13.583673	0.394739	48
13.978413	0.313470	47
14.291883	0.278639	47
14.570521	0.359909	0
14.930430	0.058050	0
14.988481	0.185760	0
15.174240	0.301860	50
15.476100	0.371519	54
15.847619	0.325080	53
16.172699	0.150928	54
16.323627	0.162540	54
16.486168	0.301859	51
16.788027	0.301859	54
17.089886	0.313471	58
17.403357	0.325079	0
17.728436	0.301859	0
18.030294	0.162540	0
18.192835	0.150928	0
18.343763	0.301861	53
18.645624	0.185759	53
18.831383	0.150930	0
18.982313	0.255419	67
19.237732	0.185760	0
19.423492	0.185759	0
19.609251	0.301861	55
19.911112	0.162539	55
20.073650	0.150930	57
20.224581	0.325079	56
20.549660	0.208981	54
20.758640	0.394739	63
21.153379	0.185759	60
21.339138	0.139320	53
21.478458	0.313469	60
21.791927	0.301859	48
22.093786	0.313471	55
22.407257	0.650158	0
23.057415	0.313469	0
23.370884	0.406349	0
23.777233	0.743038	0
24.520271	0.150930	0
24.671202	0.510839	0
25.182041	0.638548	51
25.820589	0.464399	57
26.284988	0.162540	0
26.447529	0.313469	72
26.760998	0.185760	50
26.946758	0.116098	0
27.062857	0.626940	58
27.689796	0.626938	68
28.316734	0.476009	68
28.792744	0.464399	59
29.257143	0.313469	59
29.570612	0.615330	52
30.185942	0.626938	61
30.812880	0.476009	56
31.288889	0.174150	0
31.463039	0.603718	56
32.066757	0.615330	54
32.682087	0.174149	57
32.856236	0.150928	0
33.007164	0.313473	0
33.320637	0.626938	58
33.947575	0.301857	58
34.249432	0.313473	69
34.562904	0.325077	71
34.887981	0.928799	68
35.816780	0.476009	72
36.292789	0.150928	70
36.443718	0.626938	69
37.070656	0.615330	68
37.685986	0.313469	75
37.999454	0.313469	75
38.312923	0.638550	71
38.951473	0.615330	71
39.566803	0.626938	70
40.193741	0.313469	67
40.507210	0.313469	66
40.820679	0.476009	68
41.296688	0.150932	74
41.447620	0.313469	67
41.761089	0.301857	72
42.062946	0.626942	70
42.689888	0.325077	73
43.014965	0.301861	75
43.316826	0.464397	71
43.781223	0.174152	0
43.955376	0.139317	67
44.094692	0.162540	62
44.257233	0.150932	73
44.408165	0.162537	74
44.570702	0.150932	68
44.721634	0.162537	68
44.884171	0.928799	67
45.812969	1.253880	72
47.066849	0.940407	74
48.007256	0.313469	74
48.320724	0.615330	74
48.936054	0.626938	76
49.562992	1.253880	70
50.816872	0.476009	69
51.292881	0.174149	72
51.467030	0.603718	73
52.070747	0.626938	73
52.697685	0.313473	73
53.011158	0.313469	69
53.324627	0.626938	70
53.951565	0.626938	73
54.578503	0.301861	64
54.880363	1.416416	67
56.296780	0.476009	54
56.772789	0.139320	56
56.912109	0.162540	56
57.074650	0.336689	56
57.411339	0.301857	0
57.713196	0.452789	52
58.165985	0.174152	53
58.340137	0.139317	53
58.479454	0.162540	53
58.641994	0.139320	52
58.781315	0.336689	53
59.118004	0.301861	49
59.419865	0.139320	55
59.559185	0.162537	55
59.721722	0.162540	55
59.884262	0.150932	55
60.035194	0.150928	50
60.186123	0.313469	42
60.499592	0.162540	50
60.662132	0.150928	50
60.813061	0.150928	50
60.963989	0.162540	52
61.126530	0.139320	55
61.265850	0.197369	55
61.463219	0.150932	48
61.614151	0.150928	51
61.765079	0.139320	51
61.904400	0.162540	44
62.066940	0.476009	44
62.542950	0.139317	44
62.682266	0.476009	50
63.158276	0.174152	53
63.332428	0.139317	52
63.471745	0.162540	48
63.634285	0.150932	53
63.785217	0.185757	53
63.970974	0.127712	45
64.098686	0.162537	43
64.261223	0.139320	43
64.400543	0.034828	43
64.435371	0.162544	43
64.597916	0.116096	43
64.714012	0.185760	43
64.899773	0.150932	43
65.050705	0.150925	0
65.201630	0.626945	43
65.828575	0.325073	46
66.153648	0.139320	54
66.292969	0.777870	49
67.070839	0.150932	44
67.221771	0.208977	44
67.430748	0.278641	44
67.709389	0.464401	53
68.173790	0.174149	53
68.347939	0.127708	53
68.475647	0.174149	53
68.649796	0.139320	53
68.789116	0.174149	54
68.963264	0.615326	53
69.578590	0.162544	55
69.741135	0.150932	55
69.892067	0.150925	55
70.042992	0.150932	0
70.193924	0.313469	53
70.507393	0.325081	50
70.832474	0.452789	52
71.285263	0.185760	54
71.471024	0.139320	53
71.610344	0.464394	52
72.074738	0.626938	56
72.701675	0.476013	53
73.177689	0.162537	53
73.340225	0.139320	53
73.479546	0.127708	46
73.607254	0.174149	53
73.781403	0.150932	54
73.932335	0.150932	57
74.083267	0.150925	50
74.234192	0.162544	55
74.396736	0.139320	55
74.536057	0.650154	55
75.186211	0.336693	52
75.522903	0.290245	55
75.813148	0.313477	52
76.126625	0.162537	55
76.289162	0.150932	55
76.440094	0.313469	53
76.753563	0.313469	53
77.067032	0.313469	56
77.380501	0.301857	51
77.682358	0.325081	55
78.007439	0.301857	53
78.309296	0.174149	53
78.483444	0.127708	46
78.611153	0.174156	53
78.785309	0.162537	54
78.947845	0.162537	44
79.110382	0.139320	42
79.249702	0.313469	43
79.563171	0.313469	55
79.876640	0.150932	54
80.027573	0.162544	50
80.190117	0.313469	42
80.503586	0.301857	43
80.805443	0.301857	43
81.107300	0.174149	47
81.281448	0.150932	54
81.432381	0.174149	54
81.606529	0.139320	54
81.745850	0.185760	0
81.931610	0.127708	0
82.059319	0.313469	44
82.372787	0.313469	44
82.686256	0.325081	49
83.011337	0.162537	53
83.173874	0.139320	53
83.313194	0.185760	53
83.498955	0.116104	53
83.615059	0.162537	53
83.777596	0.185760	54
83.963356	0.162537	54
84.125893	0.116104	0
84.241997	0.208977	55
84.450974	0.104492	0
84.555466	0.174149	0
84.729614	0.150932	55
84.880547	0.150925	55
85.031471	0.150932	54
85.182404	0.313469	54
85.495872	0.313469	58
85.809341	0.301857	52
86.111198	0.162544	54
86.273743	0.162537	55
86.436279	0.174149	53
86.610428	0.139320	51
86.749748	0.313469	53
87.063217	0.301865	56
87.365082	0.313469	51
87.678551	0.313469	55
87.992020	0.197365	53
88.189384	0.116104	53
88.305489	0.185760	48
88.491249	0.116096	46
88.607346	0.174149	53
88.781494	0.162544	54
88.944038	0.150925	45
89.094963	0.150932	56
89.245895	0.174149	55
89.420044	0.139320	55
89.559364	0.174149	55
89.733513	0.139320	55
89.872833	0.162544	54
90.035378	0.150925	50
90.186302	0.325081	53
90.511383	0.301857	55
90.813240	0.301865	56
91.115105	0.174149	54
91.289253	0.150925	54
91.440178	0.174156	54
91.614334	0.139320	56
91.753654	0.301857	56
92.055511	0.313469	56
92.368980	0.313469	0
92.682449	0.325081	43
93.007530	0.162537	0
93.170067	0.139320	0
93.309387	0.185760	53
93.495148	0.116096	53
93.611244	0.174156	53
93.785400	0.162537	54
93.947937	0.174149	54
94.122086	0.127708	56
94.249794	0.313469	55
94.563263	0.162544	58
94.725807	0.150925	55
94.876732	0.150932	55
95.027664	0.162537	54
95.190201	0.313469	52
95.503670	0.150932	0
95.654602	0.104492	0
95.759094	0.267029	50
96.026123	0.232201	54
96.258324	0.185760	55
96.444084	0.150925	53
96.595009	0.104492	51
96.699501	0.058052	51
96.757553	0.150925	50
96.908478	0.162544	56
97.071022	0.301857	56
97.372879	0.313469	51
97.686348	0.301857	50
97.988205	0.208984	0
98.197189	0.139320	0
98.336510	0.139320	0
98.475830	0.162537	46
98.638367	0.139320	52
98.777687	0.174149	54
98.951836	0.278641	45
99.230476	0.348297	0
99.578773	0.290253	0
99.869026	0.162537	0
100.031563	0.150932	0
100.182495	0.290245	53
100.472740	0.243813	0
100.716553	0.104492	0
100.821045	0.255417	0
101.076462	0.162544	0
101.239006	0.197365	55
101.436371	0.185760	54
101.622131	0.429573	56
102.051704	0.487617	56
102.539322	0.464394	51
103.003716	0.301865	53
103.305580	0.278641	53
103.584221	0.208977	53
103.793198	0.162537	54
103.955734	0.290253	52
104.245987	0.081268	0
104.327255	0.267029	0
104.594284	0.139320	0
104.733604	0.150932	0
104.884537	0.150925	0
105.035461	0.150932	0
105.186394	0.232201	42
105.418594	0.394737	53
105.813332	0.127708	54
105.941040	0.185760	54
106.126801	0.150932	54
106.277733	0.162537	53
106.440269	0.255424	53
106.695694	0.359909	51
107.055603	0.325081	53
107.380684	0.162537	53
107.543221	0.139320	0
107.682541	0.208977	0
107.891518	0.150932	0
108.042450	0.139320	0
108.181770	0.325081	46
108.506851	0.116096	46
108.622948	0.162537	54
108.785484	0.162544	53
108.948029	0.162537	54
109.110565	0.139320	54
109.249886	0.278641	53
109.528526	0.336693	0
109.865219	0.162537	0
110.027756	0.162537	0
110.190292	0.174149	0
110.364441	0.162544	43
110.526985	0.185760	54
110.712746	0.104485	54
110.817230	0.313469	54
111.130699	0.069664	54
111.200363	0.197372	55
111.397736	0.232193	52
111.629929	0.267036	44
111.896965	0.499222	56
112.396187	0.139320	43
112.535507	0.116104	43
112.651611	0.197365	50
112.848976	0.092880	51
112.941856	0.278641	55
113.220497	0.394737	57
113.615234	0.174156	59
113.789391	0.150925	54
113.940315	0.174149	59
114.114464	0.139320	59
114.253784	0.162544	55
114.416328	0.116096	43
114.532425	0.197372	43
114.729797	0.150925	0
114.880722	0.162544	0
115.043266	0.139320	0
115.182587	0.336685	54
115.519272	0.290253	51
115.809525	0.301857	55
116.111382	0.336693	61
116.448074	0.150925	63
116.598999	0.162544	62
116.761543	0.267029	62
117.028572	0.034828	71
117.063400	0.197372	71
117.260773	0.139320	72
117.400093	0.290245	62
117.690338	0.313469	62
118.003807	0.174149	63
118.177956	0.127716	64
118.305672	0.290245	64
118.595917	0.197372	65
118.793289	0.150932	66
118.944221	0.174149	65
119.118370	0.127708	65
119.246078	0.313469	61
119.559547	0.313469	61
119.873016	0.174149	61
120.047165	0.150932	50
120.198097	0.313469	54
120.511566	0.290245	54
120.801811	0.301865	55
121.103676	0.185760	59
121.289436	0.139313	59
121.428749	0.185760	59
121.614510	0.139320	58
121.753830	0.301865	58
122.055695	0.301857	58
122.357552	0.336685	55
122.694237	0.313477	63
123.007713	0.278633	63
123.286346	0.325081	65
123.611427	0.174149	63
123.785576	0.162544	62
123.948120	0.162537	62
124.110657	0.139320	61
124.249977	0.313469	61
124.563446	0.313469	61
124.876915	0.313469	66
125.190384	0.313469	54
125.503853	0.301865	55
125.805717	0.301857	55
126.107574	0.278641	57
126.386215	0.371521	59
126.757736	0.301857	58
127.059593	0.267029	52
127.326622	0.359909	61
127.686531	0.325081	62
128.011612	0.278641	61
128.290253	0.325073	53
128.615326	0.174149	54
128.789474	0.162537	54
128.952011	0.162552	53
129.114563	0.139313	55
129.253876	0.290253	55
129.544128	0.325073	55
129.869202	0.174149	55
130.043350	0.441177	54
130.484528	0.150940	0
130.635468	0.290253	0
130.925720	0.185760	0
131.111481	0.313461	0
131.424942	0.220596	0
131.645538	0.092880	0
131.738419	0.185760	0
131.924179	0.139313	0
132.063492	0.185760	0
132.249252	0.058044	0
132.307297	0.139328	0
132.446625	0.116089	0
132.562714	0.127716	0
132.690430	0.185760	0
132.876190	0.116104	0
132.992294	0.162537	0
133.154831	0.325073	0
133.479904	0.139328	0
133.619232	0.174149	0
133.793381	0.127701	0
133.921082	0.348312	71
134.269394	0.220581	69
134.489975	0.069656	64
134.559631	0.325089	76
134.884720	0.267029	74
135.151749	0.034821	75
135.186569	0.104492	78
135.291061	0.208984	68
135.500046	0.162537	72
135.662582	0.476013	75
136.138596	0.116104	80
136.254700	0.464386	79
136.719086	0.139328	76
136.858414	1.149384	77
138.007797	0.162537	74
138.170334	0.092880	74
138.263214	0.278641	68
138.541855	0.406357	71
138.948212	0.278641	71
139.226852	0.336685	72
139.563538	0.859131	71
140.422668	0.383133	66
140.805801	0.336700	68
141.142502	0.255417	78
141.397919	0.220581	68
141.618500	0.139328	72
141.757828	0.092880	72
141.850708	0.835907	69
142.686615	0.325089	73
143.011703	0.313461	75
143.325165	0.267029	78
143.592194	0.975250	72
144.567444	0.917175	75
145.484619	0.336700	66
145.821320	0.325073	67
146.146393	0.278641	76
146.425034	0.336685	78
146.761719	0.301865	0
147.063583	0.626938	72
147.690521	0.313477	72
148.003998	0.313461	74
148.317459	0.336685	74
148.654144	0.290253	71
148.944397	0.301865	71
149.246262	0.197372	72
149.443634	1.056503	71
150.500137	0.162537	66
150.662674	0.162537	66
150.825211	0.626938	66
151.452148	0.301865	72
151.754013	0.313477	72
152.067490	0.626938	72
152.694427	0.313461	73
153.007889	0.313477	76
153.321365	0.475998	74
153.797363	0.301865	71
154.099228	0.313477	71
154.412704	0.127701	66
154.540405	0.197372	66
154.737778	0.452789	74
155.190567	0.092880	77
155.283447	0.545670	62
155.829117	0.928802	59
156.757919	0.174149	60
156.932068	0.127701	60
157.059769	0.650162	60
157.709930	0.301865	59
158.011795	0.174149	53
158.185944	0.127701	53
158.313644	0.325089	53
158.638733	0.139313	53
158.778046	0.185760	54
158.963806	0.127716	55
159.091522	0.162537	55
159.254059	0.162537	55
159.416595	0.139328	55
159.555923	0.452789	55
160.008713	0.185760	57
160.194473	0.301849	54
160.496323	0.313477	55
160.809799	0.325073	57
161.134872	0.139328	55
161.274200	0.174149	55
161.448349	0.139313	56
161.587662	0.139328	56
161.726990	0.127701	56
161.854691	0.208984	56
162.063675	0.325073	56
162.388748	0.603729	0
162.992477	0.371521	0
163.363998	0.116089	0
163.480087	0.139328	0
163.619415	0.174149	0
163.793564	0.150925	0
163.944489	0.150925	0
164.095413	0.150940	0
164.246353	0.162537	0
164.408890	0.150925	0
164.559814	0.313477	55
164.873291	0.313461	55
165.186752	0.336700	0
165.523453	0.220581	0
165.744034	0.290253	50
166.034286	0.243805	54
166.278091	0.162537	55
166.440628	0.325089	51
166.765717	0.104492	0
166.870209	0.197372	58
167.067581	0.301849	56
167.369431	0.313477	0
167.682907	0.313461	53
167.996368	0.220596	54
168.216965	0.139313	0
168.356277	0.232208	0
168.588486	0.197357	53
168.785843	0.417969	51
169.203812	0.371521	0
169.575333	0.301849	0
169.877182	0.150940	0
170.028122	0.162537	0
170.190659	0.290253	0
170.480911	0.278641	55
170.759552	0.290237	55
171.049789	0.232208	48
171.281998	0.104492	52
171.386490	0.220581	54
171.607071	0.150940	0
171.758011	0.301849	56
172.059860	0.290253	57
172.350113	0.197372	0
172.547485	0.139313	62
172.686798	0.174149	60
172.860947	0.127716	0
172.988663	0.116104	0
173.104767	0.208969	0
173.313736	0.301865	53
173.615601	0.197372	53
173.812973	0.162537	54
173.975510	0.267029	55
174.242538	0.336685	54
174.579224	0.150940	50
174.730164	0.150925	50
174.881088	0.150925	49
175.032013	0.150940	0
175.182953	0.197357	55
175.380310	0.139328	55
175.519638	0.301865	54
175.821503	0.116089	54
175.937592	0.208984	54
176.146576	0.313477	54
176.460052	0.290237	53
176.750290	0.301865	53
177.052155	0.197372	53
177.249527	0.255417	52
177.504944	0.174149	50
177.679092	0.301865	53
177.980957	0.325073	60
178.306030	0.174149	67
178.480179	0.116104	65
178.596283	0.127701	67
178.723984	0.162552	62
178.886536	0.870743	63
179.757278	0.139313	55
179.896591	0.139328	55
180.035919	0.325073	66
180.360992	0.150940	67
180.511932	0.150925	67
180.662857	0.150925	66
180.813782	0.150940	66
180.964722	0.150925	67
181.115646	0.603714	69
181.719360	0.301865	76
182.021225	0.336685	66
182.357910	0.174149	75
182.532059	0.150940	71
182.682999	0.162537	66
182.845535	0.162537	67
183.008072	0.162537	67
183.170609	0.127716	78
183.298325	0.174149	73
183.472473	0.150925	72
183.623398	0.162537	71
183.785934	0.150940	71
183.936874	0.162537	76
184.099411	0.150925	76
184.250336	0.162537	78
184.412872	0.150940	71
184.563812	0.464401	74
185.028214	0.162537	79
185.190750	0.313461	83
185.504211	0.162552	79
185.666763	0.475998	77
186.142761	0.116104	83
186.258865	0.452789	78
186.711655	0.150925	74
186.862579	0.998459	76
187.861038	0.139328	69
188.000366	0.174149	74
188.174515	0.092880	75
188.267395	0.278641	80
188.546036	0.406342	71
188.952377	0.278641	71
189.231018	0.336685	71
189.567703	0.859146	71
190.426849	0.383133	71
190.809982	0.336685	78
191.146667	0.255417	78
191.402084	0.220596	79
191.622681	0.139313	79
191.761993	0.092880	81
191.854874	0.835922	75
192.690796	0.325073	73
193.015869	0.301865	76
193.317734	0.278641	79
193.596375	0.975235	73
194.571609	0.917191	78
195.488800	0.336685	78
195.825485	0.313477	74
196.138962	0.301849	76
196.440811	0.325089	74
196.765900	0.301849	72
197.067749	0.789490	72
197.857239	0.139313	74
197.996552	0.325089	74
198.321640	0.336685	79
198.658325	0.290253	71
198.948578	0.301849	73
199.250427	0.197372	72
199.447800	1.056503	74
200.504303	0.150940	73
200.655243	0.174149	74
200.829391	0.626938	75
201.456329	0.615326	72
202.071655	0.615326	77
202.686981	0.325089	73
203.012070	0.313461	76
203.325531	0.336685	71
203.662216	0.139328	72
203.801544	0.719818	71
204.521362	0.208984	78
204.730347	0.313461	77
205.043808	0.232208	72
205.276016	0.545654	71
205.821671	0.476013	71
206.297684	0.162537	71
206.460220	0.290253	71
206.750473	0.325089	72
207.075562	0.615326	71
207.690887	0.313461	71
208.004349	0.313477	74
208.317825	0.638550	76
208.956375	0.301849	72
209.258224	0.243820	72
209.502045	0.638550	72
210.140594	0.684982	70
210.825577	0.638550	72
211.464127	0.603714	71
212.067841	0.626938	72
212.694778	0.626938	73
213.321716	0.464401	73
213.786118	0.313477	54
214.099594	0.162537	71
214.262131	0.162537	73
214.424667	0.301865	71
214.726532	0.162537	71
214.889069	0.150925	72
215.039993	0.801102	71
215.841095	0.301849	0
216.142944	0.139328	0
216.282272	0.162537	0
216.444809	0.301865	0
216.746674	0.325073	0
217.071747	1.253876	0
218.325623	0.325073	0
218.650696	0.139328	0
218.790024	0.162537	0
218.952560	0.301865	0
219.254425	0.313461	0
219.567886	0.290253	0
219.858139	0.208984	0
220.067123	0.150925	0
220.218048	0.476013	0
220.694061	0.127701	0
220.821762	0.476013	0
221.297775	0.325089	79
221.622864	0.139313	80
221.762177	0.301865	0
222.064041	0.638550	0
222.702591	0.325073	0
223.027664	0.301865	0
223.329529	0.313461	0
223.642990	0.301865	0
223.944855	0.150925	0
224.095779	0.174149	0
224.269928	0.150940	0
224.420868	0.150925	0
224.571793	0.476013	73
225.047806	0.139313	73
225.187119	0.626938	73
225.814056	0.313477	76
226.127533	0.162537	78
226.290070	0.150925	78
226.440994	0.162537	79
226.603531	0.150940	79
226.754471	0.301849	76
227.056320	0.336700	71
227.393021	0.301849	71
227.694870	0.336700	72
228.031570	0.278641	70
228.310211	0.174149	74
228.484360	0.150925	73
228.635284	0.150925	0
228.786209	0.150940	0
228.937149	0.313461	0
229.250610	0.255417	0
229.506027	0.046448	0
229.552475	0.336685	78
229.889160	0.162537	74
230.051697	0.139328	77
230.191025	0.336685	73
230.527710	0.278641	74
230.806351	0.290253	79
231.096603	0.185760	78
231.282364	0.150925	0
231.433289	0.162537	0
231.595825	0.150925	57
231.746750	0.255432	57
232.002182	0.058044	69
232.060226	0.174149	69
232.234375	0.150925	67
232.385300	0.162552	66
232.547852	0.139313	0
232.687164	0.348297	71
233.035461	0.278641	62
233.314102	0.162537	63
233.476639	0.487625	62
233.964264	0.139313	0
234.103577	0.150940	0
234.254517	0.162537	0
234.417053	0.150925	0
234.567978	0.290253	66
234.858231	0.139328	63
234.997559	0.058044	62
235.055603	0.139313	75
235.194916	0.325089	73
235.520004	0.290253	64
235.810257	0.290237	75
236.100494	0.185760	0
236.286255	0.150940	0
236.437195	0.162537	0
236.599731	0.150925	0
236.750656	0.255417	0
237.006073	0.046448	0
237.052521	0.336685	71
237.389206	0.301865	78
237.691071	0.336685	71
238.027756	0.290253	62
238.318008	0.174149	63
238.492157	0.127701	62
238.619858	0.162552	63
238.782410	0.150925	0
238.933334	0.313461	0
239.246796	0.255432	69
239.502228	0.046432	69
239.548660	0.336685	67
239.885345	0.313477	68
240.198822	0.325073	71
240.523895	0.290253	69
240.814148	0.278641	73
241.092789	0.185760	0
241.278549	0.150925	0
241.429474	0.162552	0
241.592026	0.162537	0
241.754562	0.243805	0
241.998367	0.046432	0
242.044800	0.348312	71
242.393112	0.301849	71
242.694962	0.325089	73
243.020050	0.290237	64
243.310287	0.174164	75
243.484451	0.139313	73
243.623764	0.162537	73
243.786301	0.150940	0
243.937241	0.313461	0
244.250702	0.255417	0
244.506119	0.046448	0
244.552567	0.325073	71
244.877640	0.162537	0
245.040176	0.150940	0
245.191116	0.325073	72
245.516190	0.301865	75
245.818054	0.313461	71
246.131516	0.150940	0
246.282455	0.162537	73
246.444992	0.127701	75
246.572693	0.185760	74
246.758453	0.301865	71
247.060318	0.325073	73
247.385391	0.301865	71
247.687256	0.336685	64
248.023941	0.290253	62
248.314194	0.174149	62
248.488342	0.127716	63
248.616058	0.174149	66
248.790207	0.139313	0
248.929520	0.313477	0
249.242996	0.255417	0
249.498413	0.058044	0
249.556458	0.325089	62
249.881546	0.174149	69
250.055695	0.139313	69
250.195007	0.325089	72
250.520096	0.290237	69
250.810333	0.290253	74
251.100586	0.185760	0
251.286346	0.139328	0
251.425674	0.162537	0
251.588211	0.162537	0
251.750748	0.255417	0
252.006165	0.046448	0
252.052612	0.336685	71
252.389297	0.301865	70
252.691162	0.325073	72
253.016235	0.568893	62
253.585129	0.429565	0
254.014694	0.348297	71
254.362991	0.185760	73
254.548752	0.116104	75
254.664856	0.092880	76
254.757736	0.243805	78
255.001541	0.185760	77
255.187302	0.313477	74
255.500778	0.185745	74
255.686523	0.127716	74
255.814240	0.313477	75
256.127716	0.162537	74
256.290253	0.150940	74
256.441193	0.150909	78
256.592102	0.139313	75
256.731415	0.313477	76
257.044891	0.348297	74
257.393188	0.301880	71
257.695068	0.290253	71
257.985321	0.139313	72
258.124634	0.185760	69
258.310394	0.174133	66
258.484528	0.116119	0
258.600647	0.162537	66
258.763184	0.069641	65
258.832825	0.104492	0
258.937317	0.208984	0
259.146301	0.104492	0
259.250793	0.208984	0
259.459778	0.104492	70
259.564270	0.313477	75
259.877747	0.092865	75
259.970612	0.232208	75
260.202820	0.301849	70
260.504669	0.162537	74
260.667206	0.150940	70
260.818146	0.301849	74
261.119995	0.139313	72
261.259308	0.162537	0
261.421844	0.162567	79
261.584412	0.162537	79
261.746948	0.301849	0
262.048798	0.336700	72
262.385498	0.197357	70
262.582855	0.731445	71
263.314301	0.162537	68
263.476837	0.162537	70
263.639374	0.150909	74
263.790283	0.092896	0
263.883179	0.220581	69
264.103760	0.139313	69
264.243073	0.313477	69
264.556549	0.487610	68
265.044159	0.034851	0
265.079010	0.046417	0
265.125427	0.243835	73
265.369263	0.174133	74
265.543396	0.243805	63
265.787201	0.232208	72
266.019409	0.116089	67
266.135498	0.081268	67
266.216766	0.220612	67
266.437378	0.162537	69
266.599915	0.150909	68
266.750824	0.185760	0
266.936584	0.127716	72
267.064301	0.487640	72
267.551941	0.290222	74
267.842163	0.185760	72
268.027924	0.243835	71
268.271759	0.220581	69
268.492340	0.116089	68
268.608429	0.336700	74
268.945129	0.174133	70
269.119263	0.139343	69
269.258606	0.116089	0
269.374695	0.185760	70
269.560455	0.325073	68
269.885529	0.313477	67
270.199005	0.325073	69
270.524078	0.174164	69
270.698242	0.116089	68
270.814331	0.174164	70
270.988495	0.139313	79
271.127808	0.162537	79
271.290344	0.116089	0
271.406433	0.197388	68
271.603821	0.139313	71
271.743134	0.162537	70
271.905670	0.162537	71
272.068207	0.325073	71
272.393280	0.104492	72
272.497772	0.197388	78
272.695160	0.313446	73
273.008606	0.104492	74
273.113098	0.208984	71
273.322083	0.267029	71
273.589111	0.208984	75
273.798096	0.069672	73
273.867767	0.162537	82
274.030304	0.499207	82
274.529510	0.197388	77
274.726898	0.325073	78
275.051971	0.510834	78
275.562805	0.267029	76
275.829834	0.928802	71
276.758636	0.174164	0
276.932800	0.127686	0
277.060486	0.638550	0
277.699036	0.301880	0
278.000916	0.313446	0
278.314362	0.464417	0
278.778778	0.174133	0
278.952911	0.150940	0
279.103851	0.162537	0
279.266388	0.162537	0
279.428925	0.127716	0
279.556641	0.499237	0
280.055878	0.127716	0
280.183594	0.313446	0
280.497040	0.313477	0
280.810516	0.348297	0
281.158813	0.325073	0
281.483887	0.116119	0
281.600006	0.150909	0
281.750916	0.174164	0
281.925079	0.139313	0
282.064392	0.383148	0
282.447540	0.243805	0
282.691345	0.301849	0
282.993195	0.197357	71
283.190552	0.127716	72
283.318268	0.162537	72
283.480804	0.476013	0
283.956818	1.195831	67
285.152649	0.673370	67
285.826019	0.626953	67
286.452972	0.301849	75
286.754822	0.313477	77
287.068298	0.626953	75
287.695251	0.034821	76
287.730072	0.278625	78
288.008698	0.313477	63
288.322174	0.313477	73
288.635651	0.325073	76
288.960724	0.615326	79
289.576050	0.336700	77
289.912750	0.441162	79
290.353912	0.476013	77
290.829926	0.336700	76
291.166626	0.290253	75
291.456879	0.301849	78
291.758728	0.301849	78
292.060577	0.348297	77
292.408875	0.127716	74
292.536591	0.150940	81
292.687531	0.638550	75
293.326080	0.278625	82
293.604706	0.197388	77
293.802094	0.301849	74
294.103943	0.162537	71
294.266479	0.139313	0
294.405792	0.162567	0
294.568359	0.162537	74
294.730896	0.313446	76
295.044342	0.150940	0
295.195282	0.626953	78
295.822235	0.325073	78
296.147308	0.313477	77
296.460785	0.301849	75
296.762634	0.313477	74
297.076111	0.325073	75
297.401184	0.290253	72
297.691437	0.464386	76
298.155823	0.162537	77
298.318359	0.325073	78
298.643433	0.313477	77
298.956909	0.290253	78
299.247162	0.325073	75
299.572235	0.267029	73
299.839264	0.092896	73
299.932159	0.267029	73
300.199188	0.626923	74
300.826111	0.313477	76
301.139587	0.313477	77
301.453064	0.104492	77
301.557556	0.174133	78
301.731689	0.336700	78
302.068390	0.348297	72
302.416687	0.278656	75
302.695343	0.626923	75
303.322266	0.150940	84
303.473206	0.092865	79
303.566071	0.394745	76
303.960815	0.301849	86
304.262665	0.150940	85
304.413605	0.116089	0
304.529694	0.348297	77
304.877991	0.313477	82
305.191467	0.464417	81
305.655884	0.174133	77
305.830017	0.139313	81
305.969330	0.092896	82
306.062225	0.394745	85
306.456970	0.139313	0
306.596283	0.185760	0
306.782043	0.127716	77
306.909760	0.116089	71
307.025848	0.359924	76
307.385773	0.301849	79
307.687622	0.708191	76
308.395813	0.208984	0
308.604797	0.185760	70
308.790558	0.197388	77
308.987946	0.197357	76
309.185303	0.208984	0
309.394287	0.069672	0
309.463959	0.139313	0
309.603271	0.313477	0
309.916748	0.267029	0
310.183777	0.325073	79
310.508850	0.162537	79
310.671387	0.476013	73
311.147400	0.116089	71
311.263489	0.359924	76
311.623413	0.092865	75
311.716278	0.139313	72
311.855591	1.149384	76
313.004974	0.174164	73
313.179138	0.081268	74
313.260406	0.290253	80
313.550659	0.406342	75
313.957001	0.267029	72
314.224030	0.348297	72
314.572327	0.847534	72
315.419861	0.394745	81
315.814606	0.336700	78
316.151306	0.255402	77
316.406708	0.220581	79
316.627289	0.232208	72
316.859497	0.835938	75
317.695435	0.626923	74
318.322357	0.278625	76
318.600983	0.359924	74
318.960907	0.615326	75
319.576233	0.917206	79
320.493439	0.325073	75
320.818512	0.336670	74
321.155182	0.615326	73
321.770508	0.301880	75
322.072388	0.928802	72
323.001190	0.325073	73
323.326263	0.336670	77
323.662933	0.290253	71
323.953186	0.301880	76
324.255066	0.185760	71
324.440826	1.068115	74
325.508942	0.150909	73
325.659851	0.801086	76
326.460938	0.301880	72
326.762817	0.313477	71
327.076294	0.615326	75
327.691620	0.325073	73
328.016693	0.301849	75
328.318542	0.476013	74
328.794556	0.313477	72
329.108032	0.150940	71
329.258972	0.162537	71
329.421509	0.081268	73
329.502777	0.232178	77
329.734955	0.162537	78
329.897491	0.301880	76
330.199371	0.081268	77
330.280640	0.232208	78
330.512848	0.150909	75
330.663757	0.487640	77
331.151398	0.116089	79
331.267487	0.452789	77
331.720276	0.139313	80
331.859589	0.719818	79
332.579407	0.429565	75
333.008972	0.185760	75
333.194733	0.359924	76
333.554657	0.394745	72
333.949402	0.278625	71
334.228027	0.348297	74
334.576324	0.847534	73
335.423859	0.383118	78
335.806976	0.336700	78
336.143677	0.255402	75
336.399078	0.220612	74
336.619690	0.150909	72
336.770599	0.081268	72
336.851868	0.847534	74
337.699402	0.313477	73
338.012878	0.313477	78
338.326355	0.278625	79
338.604980	0.348297	73
338.953278	0.615326	75
339.568604	0.476013	74
340.044617	0.441193	73
340.485809	0.336670	75
340.822479	0.325104	79
341.147583	0.615326	76
341.762909	0.313477	72
342.076385	0.928772	72
343.005157	0.313477	72
343.318634	0.336700	76
343.655334	0.301849	71
343.957184	0.290253	71
344.247437	0.197357	73
344.444794	0.441193	72
344.885986	0.626953	71
345.512939	0.162537	66
345.675476	0.789459	76
346.464935	0.290253	68
346.755188	0.313477	67
347.068665	0.626923	76
347.695587	0.325104	73
348.020691	0.301849	76
348.322540	0.336700	72
348.659241	0.139313	72
348.798553	0.313477	71
349.112030	0.313446	72
349.425476	0.092896	75
349.518372	0.220581	78
349.738953	0.150940	78
349.889893	0.162537	79
350.052429	0.766266	78
350.818695	0.476013	71
351.294708	0.777863	72
352.072571	0.615326	74
352.687897	0.638550	73
353.326447	0.476013	78
353.802460	0.162537	78
353.964996	0.301849	81
354.266846	0.208984	75
354.475830	0.092865	74
354.568695	0.557281	74
355.125977	0.696594	78
355.822571	1.253906	75
357.076477	0.615326	71
357.691803	0.638550	74
358.330353	0.626923	80
358.957275	0.452789	76
359.410065	0.719818	77
360.129883	0.696594	78
360.826477	1.242279	76
362.068756	0.626923	72
362.695679	0.626953	72
363.322632	0.162537	72
363.485168	0.464386	77
363.949554	0.452789	78
364.402344	0.127716	78
364.530060	0.568909	75
365.098969	0.731415	78
365.830383	1.242279	77
367.072662	1.242249	71
368.314911	0.789490	70
369.104401	0.476013	72
369.580414	0.150909	71
369.731323	0.777893	74
370.509216	0.174133	67
370.683350	0.139313	66
370.822662	0.476013	66
371.298676	0.313477	66
371.612152	0.464386	71
372.076538	0.615356	74
372.691895	0.174133	67
372.866028	0.139313	70
373.005341	0.325104	65
373.330444	0.150909	66
373.481354	0.476013	66
373.957367	0.313477	65
374.270844	0.301849	75
374.572693	0.313477	74
374.886169	0.638550	74
375.524719	0.301849	67
375.826569	0.336700	67
376.163269	0.301849	69
376.465118	0.290253	68
376.755371	0.313477	76
377.068848	0.626923	72
377.695770	0.313477	74
378.009247	0.313477	76
378.322723	0.162537	79
378.485260	0.313477	70
378.798737	0.150909	66
378.949646	0.162567	66
379.112213	0.150909	59
379.263123	0.162537	0
379.425659	0.139343	75
379.565002	0.162537	74
379.727539	0.162537	74
379.890076	0.150909	74
380.040985	0.150940	73
380.191925	0.313477	68
380.505402	0.313477	67
380.818878	1.253876	72
382.072754	0.626923	76
382.699677	0.313477	77
383.013153	0.313477	75
383.326630	0.162537	74
383.489166	0.777863	69
384.267029	0.301849	76
384.568878	0.940430	75
385.509308	0.313446	66
385.822754	0.476013	68
386.298767	0.777863	71
387.076630	1.253906	69
388.330536	0.150909	66
388.481445	0.313477	66
388.794922	0.464386	69
389.259308	0.476013	74
389.735321	0.150940	74
389.886261	0.162537	74
390.048798	0.777863	68
390.826660	1.253876	69
392.080536	1.242279	74
393.322815	1.253876	74
394.576691	0.313477	74
394.890167	0.940399	74
395.830566	0.464386	0
396.294952	0.777893	75
397.072845	0.940399	77
398.013245	0.313477	66
398.326721	0.174133	66
398.500854	0.464417	0
398.965271	1.857574	66
400.822845	0.476013	66
401.298859	0.777863	0
402.076721	0.940430	0
403.017151	0.313477	0
403.330627	1.242249	0
404.572876	0.940399	0
405.513275	0.313477	0
405.826752	0.336700	0
406.163452	0.127716	0
406.291168	0.789459	0
407.080627	1.253876	0
408.334503	0.150940	0
408.485443	1.091339	0
409.576782	0.313477	0
409.890259	0.940399	0
410.830658	0.325073	0
411.155731	0.719818	0
411.875549	0.197388	0
412.072937	0.127686	0
412.200623	7.926727	0
