0.499229	0.220590	53
0.719819	0.441179	54
1.160998	0.092880	0
1.253878	0.476009	52
1.729887	0.139320	0
1.869206	0.743039	47
2.612245	0.116100	0
2.728345	0.290249	0
3.018594	0.162540	0
3.181134	0.336689	51
3.517823	0.452789	46
3.970612	0.255419	47
4.226032	0.336689	47
4.562721	0.383129	47
4.945850	0.197370	46
5.143220	0.301859	0
5.445079	0.301859	54
5.746939	0.069660	0
5.816598	0.545669	54
6.362267	0.092880	0
6.455147	0.162540	0
6.617687	0.150929	0
6.768617	0.081270	0
6.849886	0.835918	48
7.685805	0.290249	50
7.976054	0.336690	52
8.312744	0.255419	48
8.568163	0.801088	47
9.369251	0.185760	0
9.555012	0.371519	47
9.926531	0.220590	47
10.147120	0.301859	0
10.448979	0.417959	54
10.866939	0.162539	55
11.029478	0.139320	52
11.168798	0.394739	52
11.563538	0.197370	49
11.760907	0.290249	47
12.051156	0.510839	47
12.561996	0.197370	46
12.759365	0.243810	0
13.003175	0.150929	0
13.154104	0.185760	50
13.339864	0.290250	49
13.630114	0.220590	47
13.850703	0.081269	48
13.931973	0.267030	48
14.199002	0.174150	47
14.373152	0.859138	47
15.232290	0.301860	54
15.534150	0.174150	53
15.708300	0.441179	53
16.149479	0.313469	53
16.462948	0.336689	49
16.799637	0.278641	47
17.078278	0.626938	47
17.705215	0.336689	52
18.041904	0.290249	53
18.332153	0.325081	0
18.657234	0.092878	0
18.750113	0.708210	0
19.458323	0.220589	0
19.678911	0.313469	0
19.992380	5.828209	81
25.820589	0.185760	79
26.006350	0.104490	75
26.110840	0.220589	0
26.331429	0.267029	0
26.598457	0.208981	65
26.807438	0.127710	65
26.935148	0.104488	67
27.039637	0.185760	81
27.225397	0.568888	77
27.794285	0.255421	76
28.049706	0.278639	74
28.328344	0.220591	0
28.548935	0.232199	67
28.781134	0.197371	82
28.978504	0.162539	67
29.141043	0.127710	67
29.268753	0.301859	67
29.570612	0.650160	79
30.220772	0.348299	0
30.569071	0.220589	0
30.789660	0.034830	0
30.824490	0.197371	72
31.021860	0.034830	71
31.056690	0.371519	78
31.428209	0.162539	77
31.590748	0.174150	75
31.764898	0.208979	0
31.973877	0.394741	80
32.368618	0.510838	71
32.879456	0.267029	69
33.146484	0.185760	67
33.332245	0.336689	0
33.668934	0.255421	0
33.924355	0.383129	0
34.307484	0.313469	67
34.620953	0.452789	0
35.073742	0.185760	74
35.259502	0.092880	74
35.352383	0.313469	74
35.665852	0.429569	0
36.095421	0.081268	0
36.176689	0.081268	0
36.257957	0.232201	80
36.490158	0.104492	0
36.594650	0.185757	0
36.780407	0.243813	0
37.024220	0.383129	52
37.407349	0.626938	53
38.034286	0.348297	53
38.382584	0.150932	0
38.533516	0.371517	55
38.905033	0.255421	55
39.160454	0.185760	53
39.346214	0.476009	54
39.822224	0.336689	70
40.158913	0.522449	76
40.681362	0.487617	66
41.168980	0.174149	0
41.343128	0.139320	0
41.482449	0.058052	0
41.540501	0.197369	54
41.737869	0.232201	57
41.970070	0.255417	75
42.225487	0.499229	75
42.724716	0.162540	76
42.887257	0.116100	0
43.003357	0.174149	0
43.177505	0.383129	0
43.560635	0.406349	58
43.966984	0.301861	58
44.268845	0.104488	54
44.373333	0.383129	74
44.756462	0.104492	68
44.860954	0.650158	0
45.511112	0.174149	65
45.685261	0.197369	67
45.882629	0.255421	66
46.138050	0.185760	65
46.323811	0.104488	67
46.428299	0.383129	63
46.811428	0.127708	62
46.939137	0.359913	62
47.299049	0.046436	0
47.345486	0.255421	59
47.600906	0.696598	62
48.297504	0.069660	62
48.367165	0.174152	62
48.541317	0.394737	64
48.936054	0.592110	65
49.528164	0.116100	63
49.644264	0.441177	61
50.085442	0.278641	60
50.364082	0.592110	77
50.956192	0.255417	80
51.211609	0.174152	70
51.385761	0.081268	56
51.467030	0.325081	71
51.792110	0.278637	71
52.070747	0.626938	70
52.697685	0.232201	60
52.929886	0.441181	62
53.371067	0.499229	64
53.870296	0.928795	62
54.799091	0.185760	61
54.984852	0.116100	61
55.100952	0.116100	61
55.217052	0.766258	66
55.983311	0.487617	55
56.470928	0.104492	58
56.575420	0.104488	59
56.679909	0.058052	0
56.737961	0.336689	59
57.074650	0.348297	58
57.422947	0.220589	59
57.643536	0.464401	60
58.107937	0.487617	62
58.595554	0.255421	67
58.850975	0.185760	55
59.036736	0.081268	54
59.118004	0.743038	55
59.861042	0.545670	54
60.406712	0.127708	54
60.534420	0.197372	54
60.731792	0.116100	56
60.847893	0.127708	62
60.975601	0.301861	74
61.277462	0.185757	0
61.463219	0.127712	0
61.590931	0.058048	0
61.648979	0.104488	0
61.753468	0.255421	0
62.008888	0.081272	0
62.090160	0.185757	0
62.275917	0.127712	0
62.403629	0.243809	0
62.647438	0.139320	0
62.786758	0.127708	68
62.914467	0.127708	61
63.042175	0.185760	67
63.227936	0.104492	67
63.332428	0.174149	0
63.506577	0.325077	71
63.831654	0.139320	67
63.970974	0.150928	67
64.121902	0.150932	71
64.272835	0.336693	71
64.609528	0.232193	72
64.841721	0.661774	72
65.503494	0.348297	0
65.851791	0.150932	76
66.002724	0.359909	78
66.362633	0.139320	78
66.501953	0.104485	0
66.606438	0.476013	77
67.082451	0.127708	81
67.210159	0.743034	80
67.953194	0.174156	80
68.127350	0.232193	75
68.359543	0.267036	0
68.626579	0.267029	0
68.893608	0.406349	72
69.299957	0.232201	72
69.532158	0.081268	83
69.613426	0.336685	82
69.950111	0.429573	70
70.379684	0.081268	70
70.460953	0.150932	74
70.611885	0.174149	73
70.786034	0.267029	66
71.053062	0.661766	78
71.714828	0.185760	79
71.900589	0.092880	81
71.993469	0.127708	0
72.121178	0.081268	0
72.202446	0.870750	85
73.073196	0.092880	71
73.166077	0.522446	74
73.688522	0.255424	0
73.943947	0.417961	77
74.361908	0.452789	71
74.814697	0.104485	0
74.919182	0.104492	78
75.023674	0.429565	78
75.453239	0.127716	78
75.580956	0.267029	73
75.847984	0.371513	78
76.219498	0.278641	78
76.498138	0.267029	77
76.765167	0.208984	78
76.974152	0.139320	77
77.113472	0.290245	0
77.403717	0.522453	71
77.926170	0.220589	71
78.146759	0.197365	0
78.344124	0.336693	67
78.680817	0.325081	72
79.005898	0.290245	71
79.296143	0.301865	71
79.598007	0.185760	71
79.783768	0.661766	59
80.445534	0.174149	75
80.619682	0.232201	77
80.851883	0.139320	66
80.991203	0.789474	65
81.780678	0.348305	62
82.128983	0.313469	59
82.442451	0.615326	60
83.057777	0.092880	59
83.150658	0.232201	62
83.382858	0.301857	62
83.684715	0.348297	60
84.033012	0.116104	60
84.149117	0.267029	60
84.416145	0.290253	59
84.706398	0.534058	59
85.240456	0.162537	59
85.402992	10.437370	56
95.840363	0.162537	0
96.002899	0.092880	0
96.095779	0.278641	75
96.374420	0.243813	74
96.618233	0.174149	74
96.792381	0.139320	78
96.931702	0.104492	77
97.036194	0.174149	0
97.210342	0.487617	75
97.697960	0.278641	67
97.976601	0.359909	81
98.336510	0.232201	80
98.568710	0.185760	80
98.754471	0.174149	80
98.928619	0.185760	73
99.114380	0.092873	78
99.207253	0.336693	77
99.543945	0.754646	80
100.298592	0.116104	0
100.414696	0.150925	73
100.565620	0.185760	73
100.751381	0.058052	0
100.809433	0.174149	0
100.983582	0.116104	0
101.099686	0.278633	70
101.378319	0.243813	0
101.622131	0.336693	0
101.958824	0.162537	0
102.121361	0.568886	70
102.690247	0.197372	48
102.887619	0.139320	47
103.026939	0.174149	48
103.201088	0.139320	48
103.340408	0.116096	48
103.456505	0.208984	0
103.665489	0.313469	63
103.978958	0.220589	61
104.199547	0.139320	0
104.338867	0.243805	54
104.582672	0.905579	0
105.488251	0.220596	0
105.708847	0.174149	54
105.882996	0.278641	53
106.161636	0.116096	54
106.277733	0.232201	55
106.509933	0.092880	53
106.602814	0.208977	52
106.811790	0.267029	53
107.078819	0.313469	53
107.392288	0.452789	53
107.845078	0.150932	52
107.996010	0.208977	52
108.204987	0.104492	53
108.309479	0.348297	54
108.657776	0.174149	53
108.831924	0.104492	0
108.936417	0.127708	0
109.064125	0.162544	0
109.226669	0.522446	54
109.749115	0.092880	50
109.841995	0.476006	0
110.318001	0.394745	0
110.712746	0.139320	55
110.852066	0.127708	54
110.979774	0.301857	65
111.281631	0.197372	55
111.479004	0.208977	68
111.687981	0.220589	68
111.908569	0.150932	0
112.059502	0.301857	76
112.361359	0.336693	0
112.698051	0.185760	0
112.883812	0.139320	0
113.023132	0.313469	73
113.336601	0.290245	73
113.626846	0.394737	73
114.021584	0.278641	71
114.300224	0.476013	73
114.776237	0.034828	68
114.811066	0.046440	75
114.857506	0.626938	70
115.484444	0.371521	82
115.855965	0.150932	83
116.006897	0.325073	80
116.331970	0.162544	74
116.494514	0.104485	64
116.598999	0.487625	77
117.086624	0.116096	81
117.202721	0.743042	79
117.945763	0.174149	83
118.119911	0.243805	80
118.363716	0.092880	0
118.456596	0.034836	0
118.491432	0.127708	0
118.619141	0.267029	0
118.886169	0.406349	72
119.292519	0.232201	71
119.524719	0.092880	0
119.617599	0.325073	0
119.942673	0.510841	70
120.453514	0.150932	74
120.604446	0.185760	75
120.790207	0.255417	69
121.045624	0.673378	77
121.719002	0.185760	67
121.904762	0.081268	0
121.986031	0.127708	82
122.113739	0.092880	81
122.206619	0.870750	85
123.077370	0.092880	71
123.170250	0.220589	74
123.390839	0.301857	76
123.692696	0.255424	79
123.948120	0.406349	77
124.354469	0.452789	71
124.807259	0.116096	71
124.923355	0.522453	77
125.445808	0.139313	74
125.585121	0.255424	73
125.840546	0.383125	66
126.223671	0.267029	66
126.490700	0.267036	64
126.757736	0.208977	64
126.966713	0.139320	55
127.106033	0.267029	59
127.373062	0.092880	60
127.465942	0.452789	59
127.918732	0.232193	59
128.150925	0.185760	0
128.336685	0.348297	66
128.684982	0.325089	59
129.010071	0.290253	59
129.300323	0.290237	59
129.590561	0.185760	58
129.776321	0.673386	59
130.449707	0.162537	69
130.612244	0.243805	73
130.856049	0.127716	66
130.983765	0.336685	66
131.320450	0.464401	64
131.784851	0.348297	61
132.133148	0.313477	59
132.446625	0.313461	60
132.760086	0.290253	59
133.050339	0.104492	59
133.154831	0.220581	62
133.375412	0.313477	62
133.688889	0.336685	60
134.025574	0.127716	60
134.153290	0.255417	60
134.408707	0.278641	59
134.687347	0.545670	59
135.233017	0.162537	59
135.395554	4.284088	56
139.679642	0.325073	53
140.004715	0.185760	64
140.190475	0.127716	68
140.318192	0.092880	71
140.411072	0.208969	75
140.620041	0.243820	73
140.863861	0.255417	72
141.119278	0.197372	0
141.316650	0.290237	81
141.606888	0.162552	69
141.769440	0.150925	66
141.920364	0.150925	61
142.071289	0.162537	0
142.233826	0.127716	74
142.361542	0.336685	79
142.698227	0.278641	79
142.976868	0.290253	81
143.267120	0.267029	81
143.534149	0.208984	79
143.743134	0.232193	79
143.975327	0.127716	0
144.103043	0.116089	0
144.219131	0.150940	66
144.370071	0.092880	65
144.462952	0.220581	65
144.683533	0.104492	72
144.788025	0.104492	73
144.892517	0.208984	71
145.101501	0.371521	66
145.473022	0.116089	63
145.589111	0.267029	74
145.856140	0.278641	69
146.134781	0.150940	71
146.285721	0.174149	65
146.459869	0.127701	64
146.587570	0.208984	0
146.796555	0.069656	66
146.866211	0.185760	68
147.051971	0.162537	68
147.214508	0.139328	0
147.353836	0.870743	79
148.224579	0.325089	70
148.549667	0.139313	70
148.688980	0.092880	70
148.781860	0.348297	64
149.130157	0.116104	58
149.246262	0.174149	57
149.420410	0.081268	0
149.501678	0.220596	69
149.722275	0.150925	69
149.873199	0.150925	69
150.024124	0.162537	71
150.186661	0.441193	69
150.627853	0.162537	81
150.790390	0.208969	80
150.999359	0.185760	80
151.185120	0.092880	79
151.278000	0.139328	71
151.417328	0.220581	61
151.637909	0.174149	82
151.812057	0.766266	72
152.578323	0.127701	0
152.706024	0.127716	69
152.833740	0.348297	72
153.182037	0.267029	66
153.449066	0.208984	81
153.658051	0.092880	69
153.750931	0.139313	76
153.890244	1.114563	74
155.004807	0.499237	69
155.504044	0.325073	74
155.829117	0.208984	74
156.038101	0.104477	0
156.142578	0.185760	66
156.328339	0.139328	65
156.467667	0.139313	61
156.606979	0.441177	76
157.048157	0.487625	78
157.535782	0.394745	0
157.930527	0.197357	85
158.127884	0.197372	82
158.325256	0.290253	77
158.615509	0.139328	73
158.754837	0.243805	82
158.998642	0.197372	83
159.196014	0.290237	85
159.486252	0.162552	90
159.648804	0.522446	83
160.171249	0.185760	92
160.357010	0.835922	82
161.192932	2.798004	81
163.990936	0.278625	67
164.269562	0.383133	67
164.652695	0.754654	67
165.407349	0.139313	67
165.546661	0.917191	66
166.463852	0.301865	66
166.765717	0.255417	62
167.021133	0.267029	64
167.288162	0.162537	60
167.450699	0.104492	63
167.555191	0.429565	63
167.984756	0.185760	65
168.170517	0.243820	59
168.414337	0.116089	62
168.530426	0.348297	63
168.878723	0.696609	66
169.575333	0.325073	65
169.900406	0.197372	61
170.097778	0.150925	59
170.248703	0.301865	60
170.550568	0.174149	59
170.724716	0.371521	62
171.096237	0.348297	62
171.444534	0.162537	61
171.607071	0.325089	63
171.932159	0.104492	66
172.036652	0.174149	70
172.210800	0.058044	65
172.268845	0.220581	66
172.489426	0.534073	64
173.023499	0.441177	63
173.464676	0.359909	64
173.824585	0.104492	61
173.929077	0.104477	79
174.033554	0.359909	75
174.393463	0.255432	75
174.648895	0.208969	77
174.857864	0.150940	78
175.008804	0.174149	75
175.182953	0.278641	76
175.461594	0.162537	0
175.624130	0.278641	67
175.902771	0.487610	67
176.390381	0.174149	66
176.564529	0.185760	65
176.750290	0.278641	63
177.028931	0.197372	65
177.226303	0.429565	63
177.655869	0.162537	60
177.818405	0.325089	59
178.143494	0.325073	63
178.468567	0.104492	59
178.573059	0.243805	65
178.816864	0.185760	64
179.002625	0.348312	65
179.350937	0.232193	66
179.583130	0.104492	67
179.687622	0.510834	62
180.198456	0.441177	60
180.639633	0.069656	62
180.709290	0.394745	62
181.104034	0.441177	63
181.545212	0.313477	65
181.858688	0.301849	0
182.160538	0.313477	66
182.474014	0.267029	65
182.741043	0.116104	60
182.857147	0.545670	63
183.402817	0.336685	64
183.739502	0.150925	0
183.890427	0.104492	0
183.994919	0.487625	63
184.482544	0.162537	64
184.645081	0.185760	64
184.830841	0.150925	0
184.981766	0.313477	64
185.295242	0.197372	63
185.492615	0.116089	62
185.608704	0.348297	63
185.957001	0.034836	63
185.991837	0.069656	63
186.061493	0.208984	65
186.270477	0.139313	81
186.409790	0.476013	70
186.885803	0.208984	65
187.094788	0.185760	71
187.280548	0.185760	77
187.466309	0.243805	75
187.710114	0.359909	75
188.070023	0.162537	77
188.232559	0.592117	78
188.824677	0.208969	0
189.033646	0.208984	79
189.242630	0.150925	78
189.393555	0.232208	76
189.625763	0.197372	0
189.823135	0.092880	0
189.916016	0.104477	0
190.020493	0.905579	81
190.926071	0.150940	82
191.077011	0.359909	79
191.436920	0.139313	78
191.576233	0.104492	0
191.680725	0.476013	79
192.156738	0.127701	81
192.284439	0.743042	81
193.027481	0.174149	80
193.201630	0.232208	84
193.433838	0.092880	0
193.526718	0.162537	82
193.689255	0.278641	84
193.967896	0.406342	72
194.374237	0.220596	71
194.594833	0.092880	0
194.687714	0.336685	0
195.024399	0.429565	70
195.453964	0.081268	70
195.535233	0.139328	74
195.674561	0.185760	85
195.860321	0.267029	70
196.127350	0.661758	78
196.789108	0.185760	78
196.974869	0.092880	78
197.067749	0.127716	81
197.195465	0.081268	81
197.276733	0.870743	83
198.147476	0.092880	71
198.240356	0.220596	74
198.460953	0.174149	76
198.635101	0.127716	0
198.762817	0.243805	78
199.006622	0.417953	74
199.424576	0.359909	71
199.784485	0.092880	71
199.877365	0.116104	71
199.993469	0.255417	71
200.248886	0.278641	71
200.527527	0.127716	72
200.655243	0.255417	73
200.910660	0.394730	66
201.305389	0.255432	67
201.560822	0.278641	64
201.839462	0.197357	64
202.036819	0.150940	69
202.187759	0.278641	0
202.466400	0.499222	71
202.965622	0.034836	71
203.000458	0.220581	79
203.221039	0.197372	77
203.418411	0.336685	61
203.755096	0.325089	71
204.080185	0.290253	71
204.370438	0.290237	71
204.660675	0.185760	71
204.846436	0.673386	59
205.519821	0.162537	70
205.682358	0.243805	73
205.926163	0.139328	66
206.065491	0.313461	66
206.378952	0.487625	64
206.866577	0.336685	65
207.203262	0.069656	72
207.272919	0.243820	71
207.516739	0.615326	72
208.132065	0.325073	73
208.457138	0.301865	77
208.759003	0.348297	72
209.107300	0.116104	72
209.223404	0.557281	74
209.780685	0.522446	76
210.303131	0.174149	78
210.477280	0.429565	0
210.906845	0.162537	82
211.069382	0.499237	71
211.568619	0.104492	69
211.673111	0.464401	79
212.137512	0.127701	81
212.265213	0.731430	82
212.996643	0.174149	84
213.170792	0.255417	84
213.426208	0.127716	0
213.553925	0.127701	0
213.681625	0.290253	0
213.971878	0.406357	72
214.378235	0.232193	71
214.610428	0.058060	72
214.668488	0.336685	71
215.005173	0.545670	70
215.550842	0.139313	80
215.690155	0.162537	81
215.852692	0.267029	69
216.119720	0.661774	78
216.781494	0.197372	71
216.978867	0.081268	80
217.060135	0.127716	83
217.187851	0.069656	81
217.257507	0.870743	72
218.128250	0.116104	73
218.244354	0.185760	73
218.430115	0.313461	63
218.743576	0.278641	73
219.022217	0.359909	70
219.382126	0.580505	66
219.962631	0.116104	72
220.078735	0.777863	62
220.856598	0.429565	66
221.286163	0.278641	64
221.564804	0.278641	64
221.843445	0.336685	65
222.180130	0.301865	0
222.481995	0.522446	71
223.004440	0.208984	78
223.213425	0.197372	78
223.410797	0.336685	58
223.747482	0.325073	68
224.072556	0.290253	71
224.362808	0.290253	58
224.653061	0.197372	70
224.850433	0.661774	59
225.512207	0.162537	72
225.674744	0.255417	73
225.930161	0.150925	66
226.081085	0.789474	68
226.870560	0.313477	61
227.184036	0.336685	71
227.520721	0.592117	71
228.112839	0.325073	72
228.437912	0.301865	0
228.739777	0.359909	70
229.099686	0.116104	72
229.215790	0.626938	66
229.842728	1.497681	67
231.340408	1.346756	64
232.687164	0.510834	63
233.197998	0.394745	63
233.592743	0.383133	0
233.975876	0.429565	77
234.405441	0.255417	72
234.660858	0.208984	80
234.869843	0.650162	75
235.520004	0.510834	78
236.030838	0.325073	77
236.355911	0.893982	80
237.249893	0.615326	82
237.865219	0.870743	80
238.735962	0.743042	82
239.479004	0.348297	0
239.827301	0.684982	76
240.512283	0.510849	79
241.023132	0.290253	77
241.313385	0.940399	71
242.253784	1.683456	66
243.937241	0.406342	75
244.343582	0.452789	0
244.796371	0.696594	75
245.492966	0.847534	78
246.340500	1.834381	81
248.174881	0.290237	84
248.465118	2.623856	80
