1.439637	0.998458	0
2.438095	0.661769	0
3.099864	0.325079	0
3.424943	0.267030	0
3.691973	0.359910	0
4.051882	1.660226	0
5.712109	0.313469	0
6.025578	0.290250	0
6.315828	0.336689	0
6.652517	0.673379	0
7.325896	0.359909	0
7.685805	0.058050	0
7.743855	0.557279	0
8.301134	0.336689	0
8.637823	0.313470	0
8.951293	0.348299	0
9.299592	1.439637	0
10.739229	0.092879	0
10.832108	0.371520	45
11.203629	0.290249	0
11.493877	0.220590	0
11.714467	0.116100	0
11.830567	0.162539	0
11.993107	0.150929	0
12.144036	0.150929	0
12.294966	0.150930	0
12.445896	0.290249	0
12.736145	0.336689	0
13.072834	0.139320	0
13.212154	0.092879	0
13.305034	0.081270	0
13.386304	0.313469	0
13.699773	0.301860	0
14.001633	0.325079	0
14.326712	0.150930	0
14.477642	0.162539	0
14.640182	0.162539	0
14.802721	0.127709	0
14.930430	0.301860	0
15.232290	0.336689	0
15.568979	0.127710	0
15.696690	0.116099	0
15.812789	0.069660	0
15.882449	0.313470	0
16.195919	0.290249	0
16.486168	0.359909	0
16.846077	0.162540	0
17.008617	0.150928	0
17.159546	0.290251	0
17.449797	0.301859	0
17.751656	0.336689	0
18.088345	0.139320	0
18.227665	0.162539	0
18.390203	0.325081	52
18.715284	0.313469	0
19.028753	0.325079	0
19.353832	0.150930	0
19.504763	0.150928	0
19.655691	0.301861	0
19.957552	0.290249	0
20.247801	0.336689	0
20.584490	0.139320	0
20.723810	0.174149	53
20.897959	0.301859	59
21.199818	0.127710	0
21.327528	0.127710	0
21.455238	0.290249	63
21.745487	0.116100	64
21.861588	0.174149	62
22.035736	0.104490	62
22.140226	0.325079	62
22.465305	0.255421	61
22.720726	0.394739	62
23.115465	0.232199	0
23.347664	0.394739	61
23.742403	0.278641	62
24.021044	0.336689	0
24.357733	0.162539	62
24.520271	0.058050	59
24.578321	0.092880	59
24.671202	0.174150	56
24.845352	0.429569	57
25.274921	0.336689	0
25.611610	0.139318	0
25.750929	0.174150	0
25.925079	0.325079	63
26.250158	0.174150	63
26.424309	0.127708	64
26.552017	0.325081	63
26.877098	0.162539	63
27.039637	0.069660	0
27.109297	0.069660	0
27.178957	0.301859	62
27.480816	0.313469	61
27.794285	0.522449	62
28.316734	0.058050	0
28.374784	0.046440	60
28.421225	0.336689	61
28.757914	0.104490	62
28.862404	0.116100	61
28.978504	0.092878	62
29.071383	0.325081	61
29.396463	0.220589	63
29.617052	0.104490	60
29.721542	0.185759	57
29.907301	0.127710	58
30.035011	0.278639	57
30.313650	0.499229	58
30.812880	0.139320	61
30.952200	0.313469	52
31.265669	0.255419	62
31.521088	0.394739	64
31.915827	0.208979	62
32.124805	0.127712	0
32.252518	0.336689	61
32.589207	0.162540	62
32.751747	0.139320	62
32.891068	0.325077	62
33.216145	0.255421	0
33.471565	0.069660	60
33.541225	0.348297	60
33.889523	0.278641	60
34.168163	0.336689	56
34.504852	0.208981	59
34.713833	0.092880	60
34.806713	0.336689	61
35.143402	0.104488	61
35.247890	0.197369	0
35.445259	0.626942	60
36.072201	0.325077	0
36.397278	0.301861	0
36.699139	0.336689	0
37.035828	0.150928	0
37.186756	0.150932	0
37.337688	0.313469	0
37.651157	0.301857	0
37.953014	0.325081	0
38.278095	0.290249	0
38.568344	0.336689	53
38.905033	0.301861	59
39.206894	0.325077	57
39.531971	0.150932	0
39.682903	0.150928	0
39.833832	0.313469	0
40.147301	0.290249	0
40.437550	0.336689	0
40.774239	0.139320	0
40.913559	0.092880	0
41.006439	0.058052	0
41.064491	0.325077	0
41.389568	0.267029	0
41.656597	0.371521	0
42.028118	0.162540	0
42.190659	0.139320	0
42.329979	0.174149	0
42.504128	0.127708	0
42.631836	0.301861	0
42.933697	0.325077	0
43.258774	0.127712	0
43.386486	0.092880	0
43.479366	0.081268	0
43.560635	0.313469	53
43.874104	0.301861	0
44.175964	0.336689	0
44.512653	0.150928	0
44.663582	0.150932	0
44.814514	0.301857	0
45.116371	0.290249	0
45.406620	0.243813	68
45.650433	0.116096	58
45.766529	0.267033	57
46.033562	0.313469	0
46.347031	0.290249	63
46.637280	0.348297	63
46.985577	0.162540	62
47.148117	0.150932	62
47.299049	0.313469	62
47.612518	0.290249	61
47.902767	0.325077	61
48.227844	0.255421	61
48.483265	0.046440	59
48.529705	0.185760	61
48.715466	0.127708	0
48.843174	0.220589	0
49.063763	0.116100	0
49.179863	0.313469	62
49.493332	0.174152	66
49.667484	0.139317	71
49.806801	0.116100	69
49.922901	0.208981	57
50.131882	0.278641	56
50.410522	0.325077	0
50.735600	0.127712	0
50.863312	0.185757	60
51.049068	0.313473	62
51.362541	0.290249	63
51.652790	0.336689	63
51.989479	0.162540	64
52.152020	0.150928	61
52.302948	0.162540	61
52.465488	0.150928	0
52.616417	0.278641	62
52.895058	0.325077	61
53.220135	0.139320	0
53.359455	0.185760	53
53.545216	0.301861	60
53.847076	0.162537	62
54.009613	0.139320	62
54.148933	0.336689	0
54.485622	0.301861	62
54.787483	0.592110	57
55.379593	0.325077	57
55.704670	0.139320	0
55.843990	0.139320	0
55.983311	0.359909	48
56.343220	0.255421	48
56.598640	0.371517	62
56.970158	0.301861	63
57.272018	0.359909	62
57.631927	0.243809	62
57.875736	0.278641	61
58.154377	0.313469	62
58.467846	0.116100	60
58.583946	0.313469	60
58.897415	0.290249	60
59.187664	0.336689	57
59.524353	0.185760	0
59.710114	0.104488	60
59.814602	0.313469	61
60.128071	0.150932	63
60.279003	0.174149	76
60.453152	0.603718	73
61.056870	0.104492	68
61.161362	0.557278	67
61.718639	0.336689	76
62.055328	0.313469	79
62.368797	0.174152	79
62.542950	0.116096	78
62.659046	0.313469	79
62.972515	0.325081	72
63.297596	0.162540	60
63.460136	0.150928	59
63.611065	0.313469	60
63.924534	0.313473	60
64.238007	0.313469	0
64.551476	0.301857	0
64.853333	0.174149	58
65.027481	0.127708	59
65.155190	0.313469	60
65.468658	0.325081	72
65.793739	0.301865	0
66.095604	0.301857	0
66.397461	0.197372	0
66.594833	0.116096	0
66.710930	0.313469	0
67.024399	0.150932	57
67.175331	0.139320	57
67.314651	0.174149	57
67.488800	0.139320	63
67.628120	0.301857	64
67.929977	0.325081	47
68.255058	0.208977	47
68.464035	0.092880	48
68.556915	0.301857	59
68.858772	0.185760	69
69.044533	0.116104	75
69.160637	0.301857	72
69.462494	0.174149	0
69.636642	0.127708	0
69.764351	0.162544	64
69.926895	0.150925	64
70.077820	0.290253	66
70.368073	0.325081	78
70.693153	0.301857	79
70.995010	0.081268	76
71.076279	0.394745	72
71.471024	0.150925	0
71.621948	0.313469	76
71.935417	0.162544	75
72.097961	0.127708	68
72.225670	0.325081	77
72.550751	0.301857	76
72.852608	0.336693	69
73.189301	0.174149	69
73.363449	0.104485	71
73.467934	0.325081	71
73.793015	0.301857	60
74.094872	0.313477	71
74.408348	0.162537	71
74.570885	0.139320	71
74.710205	0.185760	71
74.895966	0.127708	73
75.023674	0.301857	73
75.325531	0.301865	78
75.627396	0.150925	78
75.778320	0.162544	78
75.940865	0.185760	78
76.126625	0.116096	78
76.242722	0.185760	72
76.428482	0.127708	69
76.556190	0.313469	69
76.869659	0.150932	78
77.020592	0.162537	78
77.183128	0.150932	78
77.334061	0.162537	78
77.496597	0.267029	76
77.763626	0.336693	70
78.100319	0.220589	69
78.320908	0.394737	72
78.715645	0.313469	71
79.029114	0.313469	71
79.342583	0.301865	71
79.644447	0.185760	71
79.830208	0.127708	71
79.957916	0.162537	78
80.120453	0.116104	79
80.236557	0.487617	72
80.724174	0.220589	78
80.944763	0.534058	78
81.478821	0.313469	78
81.792290	0.162537	79
81.954826	0.150932	78
82.105759	0.313469	74
82.419228	0.301865	74
82.721092	0.301857	79
83.022949	0.325081	71
83.348030	0.290245	70
83.638275	0.313469	71
83.951744	0.313469	71
84.265213	0.150932	71
84.416145	0.162537	71
84.578682	0.150932	71
84.729614	0.139320	71
84.868935	0.301857	76
85.170792	0.313469	79
85.484261	0.313469	78
85.797729	0.290253	0
86.087982	0.278641	0
86.366623	0.336685	78
86.703308	0.185760	71
86.889069	0.139320	71
87.028389	0.162544	71
87.190933	0.139313	0
87.330246	0.290253	78
87.620499	0.313469	78
87.933968	0.313469	71
88.247437	0.301857	70
88.549294	0.301865	71
88.851158	0.325081	72
89.176239	0.139313	72
89.315552	0.174156	72
89.489708	0.139320	71
89.629028	0.150925	71
89.779953	0.139320	71
89.919273	0.150932	70
90.070206	0.150925	78
90.221130	0.150932	78
90.372063	0.162544	73
90.534607	0.150925	75
90.685532	0.603722	76
91.289253	0.650154	76
91.939407	0.626945	74
92.566353	0.267029	75
92.833382	0.371513	74
93.204895	0.220596	74
93.425491	0.394737	73
93.820229	0.325081	71
94.145309	0.301857	71
94.447166	0.336685	74
94.783852	0.278641	77
95.062492	0.313469	78
95.375961	0.290253	76
95.666214	0.348297	78
96.014511	0.255424	78
96.269936	0.336685	76
96.606621	0.290253	75
96.896873	0.313469	74
97.210342	0.406349	74
97.616692	0.150925	83
97.767616	0.638550	75
98.406166	0.534058	73
98.940224	1.637009	0
100.577232	0.150932	0
100.728165	0.313469	0
101.041634	0.325081	0
101.366714	0.336685	0
101.703400	0.139320	0
101.842720	0.174149	0
102.016869	0.162544	0
102.179413	0.127708	0
102.307121	0.313469	0
102.620590	0.313469	0
102.934059	0.150932	0
103.084991	0.092880	0
103.177872	0.058044	0
103.235916	0.301865	0
103.537781	0.313469	0
103.851250	0.348297	0
104.199547	0.150932	0
104.350479	0.162537	0
104.513016	0.162537	0
104.675552	0.127716	0
104.803268	0.301857	0
105.105125	0.336685	47
105.441811	0.116104	47
105.557915	0.081268	47
105.639183	0.092880	49
105.732063	0.313469	45
106.045532	0.301857	44
106.347389	0.336693	45
106.684082	0.139320	44
106.823402	0.162537	0
106.985939	0.174149	0
107.160088	0.127716	0
107.287804	0.290245	0
107.578049	0.325081	51
107.903130	0.139320	0
108.042450	0.081268	0
108.123718	0.081268	0
108.204987	0.313469	0
108.518456	0.301865	64
108.820320	0.325073	65
109.145393	0.150932	0
109.296326	0.162544	0
109.458870	0.150925	0
109.609795	0.127708	0
109.737503	0.290253	0
110.027756	0.626938	49
110.654694	0.313469	63
110.968163	0.174149	64
111.142311	0.139320	63
111.281631	0.301857	63
111.583488	0.150932	0
111.734421	0.162544	62
111.896965	0.174149	61
112.071114	0.127708	0
112.198822	0.174149	62
112.372971	0.127708	61
112.500679	0.336693	62
112.837372	0.185760	0
113.023132	0.116096	0
113.139229	0.325081	58
113.464310	0.278641	62
113.742950	0.290245	61
114.033195	0.174149	56
114.207344	0.174156	60
114.381500	0.139313	56
114.520813	0.174156	57
114.694969	0.278633	56
114.973602	0.325081	0
115.298683	0.127708	0
115.426392	0.104492	0
115.530884	0.371521	63
115.902405	0.290245	64
116.192650	0.348305	64
116.540955	0.150925	64
116.691879	0.162544	63
116.854424	0.197365	61
117.051788	0.116104	61
117.167892	0.162537	62
117.330429	0.127708	0
117.458138	0.325081	61
117.783218	0.232201	0
118.015419	0.232201	59
118.247620	0.174149	61
118.421768	0.290253	62
118.712021	0.325073	0
119.037094	0.162544	60
119.199638	0.162537	58
119.362175	0.313469	57
119.675644	0.267029	57
119.942673	0.638550	0
120.581223	0.325081	63
120.906303	0.139320	63
121.045624	0.162537	62
121.208160	0.464401	64
121.672562	0.162537	63
121.835098	0.348305	61
122.183403	0.255417	62
122.438820	0.487617	61
122.926437	0.104492	0
123.030930	0.069656	60
123.100586	0.325081	60
123.425667	0.278641	60
123.704308	0.336693	56
124.041000	0.185760	48
124.226761	0.058044	50
124.284805	0.058052	60
124.342857	0.243813	61
124.586670	0.092880	62
124.679550	0.150925	61
124.830475	0.139320	0
124.969795	0.626938	58
125.596733	0.313469	56
125.910202	0.301865	0
126.212067	0.348297	59
126.560364	0.139320	59
126.699684	0.150925	59
126.850609	0.162544	59
127.013153	0.139320	0
127.152473	0.290245	0
127.442719	0.325081	0
127.767799	0.150932	0
127.918732	0.069656	0
127.988388	0.092880	0
128.081268	0.313477	0
128.394745	0.267029	0
128.661774	0.359909	0
129.021683	0.150925	0
129.172607	0.150925	0
129.323532	0.174149	0
129.497681	0.127716	0
129.625397	0.301865	0
129.927261	0.325073	0
130.252335	0.116104	0
130.368439	0.104492	0
130.472931	0.069656	0
130.542587	0.325073	0
130.867661	0.290253	0
131.157913	0.336685	77
131.494598	0.150940	0
131.645538	0.162537	0
131.808075	0.174149	0
131.982224	0.127716	0
132.109940	0.290237	0
132.400177	0.325089	0
132.725266	0.127701	0
132.852966	0.081268	0
132.934235	0.092880	0
133.027115	0.313477	0
133.340591	0.301865	0
133.642456	0.336685	0
133.979141	0.162537	0
134.141678	0.127716	0
134.269394	0.174149	0
134.443542	0.139313	0
134.582855	0.278641	0
134.861496	0.336685	0
135.198181	0.139328	0
135.337509	0.162537	0
135.500046	0.185760	63
135.685806	0.150925	0
135.836731	0.255417	64
136.092148	0.348312	63
136.440460	0.150925	60
136.591385	0.162537	61
136.753922	0.301865	62
137.055786	0.290253	61
137.346039	0.336685	62
137.682724	0.139313	0
137.822037	0.069656	0
137.891693	0.104492	0
137.996185	0.313477	61
138.309662	0.139313	59
138.448975	0.139328	0
138.588303	0.336685	61
138.924988	0.139328	62
139.064316	0.162537	61
139.226852	0.197372	57
139.424225	0.127701	49
139.551926	0.278641	0
139.830566	0.325073	0
140.155640	0.127716	0
140.283356	0.174149	0
140.457504	0.325073	62
140.782578	0.290253	64
141.072830	0.325089	63
141.397919	0.162537	63
141.560455	0.162537	61
141.722992	0.313477	62
142.036469	0.267029	62
142.303497	0.243805	62
142.547302	0.081268	0
142.628571	0.174149	62
142.802719	0.139328	61
142.942047	0.325073	61
143.267120	0.208984	0
143.476105	0.116089	0
143.592194	0.325089	62
143.917282	0.081268	0
143.998550	0.174149	60
144.172699	0.185760	58
144.358459	0.429565	57
144.788025	0.476013	57
145.264038	0.139313	51
145.403351	0.348297	48
145.751648	0.208984	48
145.960632	0.046448	48
146.007080	0.359909	63
146.366989	0.290237	63
146.657227	0.325089	61
146.982315	0.301865	62
147.284180	0.348297	61
147.632477	0.139313	0
147.771790	0.150925	0
147.922714	0.348312	60
148.271027	0.278641	62
148.549667	0.325073	61
148.874741	0.301865	57
149.176605	0.313461	61
149.490067	0.139328	61
149.629395	0.174149	62
149.803543	0.174149	62
149.977692	0.267029	58
150.244720	0.150925	57
150.395645	0.092880	57
150.488525	0.557281	68
151.045807	0.336685	68
151.382492	0.325089	77
151.707581	0.150925	0
151.858505	0.139313	69
151.997818	0.301865	69
152.299683	0.325073	69
152.624756	0.150940	68
152.775696	0.162537	67
152.938232	0.325073	64
153.263306	0.313477	0
153.576782	0.313461	0
153.890244	0.301865	59
154.192108	0.174149	53
154.366257	0.127716	53
154.493973	0.301849	52
154.795822	0.336700	72
155.132523	0.290237	0
155.422760	0.313477	0
155.736237	0.185760	68
155.921997	0.116104	68
156.038101	0.313461	68
156.351562	0.162537	56
156.514099	0.150940	56
156.665039	0.162537	0
156.827576	0.127701	0
156.955276	0.313477	45
157.268753	0.313477	47
157.582230	0.301849	47
157.884079	0.313477	41
158.197556	0.301849	40
158.499405	0.301865	65
158.801270	0.174149	63
158.975418	0.139328	48
159.114746	0.150925	48
159.265671	0.139313	47
159.404984	0.301865	46
159.706848	0.313477	45
160.020325	0.301849	55
160.322174	0.092880	55
160.415054	0.255417	56
160.670471	0.278641	56
160.949112	0.301865	57
161.250977	0.313461	64
161.564438	0.313477	0
161.877914	0.185760	0
162.063675	0.104492	68
162.168167	0.348297	69
162.516464	0.278641	69
162.795105	0.313461	73
163.108566	0.185760	72
163.294327	0.127716	75
163.422043	0.313461	75
163.735504	0.162552	70
163.898056	0.139313	70
164.037369	0.185760	71
164.223129	0.127716	72
164.350845	0.301849	77
164.652695	0.301865	69
164.954559	0.232193	82
165.186752	0.081268	82
165.268021	0.313477	71
165.581497	0.290253	68
165.871750	0.336685	68
166.208435	0.301865	68
166.510300	0.313461	67
166.823761	0.290253	68
167.114014	0.348297	67
167.462311	0.104492	66
167.566803	0.185760	63
167.752563	0.301865	59
168.054428	0.313461	62
168.367889	0.301865	58
168.669754	0.301849	59
168.971603	0.313477	0
169.285080	0.220596	49
169.505676	0.069656	49
169.575333	0.475998	59
170.051331	0.232208	68
170.283539	0.534058	69
170.817596	0.301865	68
171.119461	0.185760	0
171.305222	0.127701	0
171.432922	0.208984	71
171.641907	0.104492	68
171.746399	0.301849	60
172.048248	0.313477	68
172.361725	0.232193	60
172.593918	0.081268	59
172.675186	0.301865	59
172.977051	0.313477	59
173.290527	0.313461	59
173.603989	0.150925	59
173.754913	0.162552	59
173.917465	0.139313	59
174.056778	0.150925	59
174.207703	0.290253	0
174.497955	0.313477	0
174.811432	0.220581	0
175.032013	0.394745	0
175.426758	0.290253	68
175.717010	0.325073	68
176.042084	0.185760	62
176.227844	0.139328	59
176.367172	0.150925	60
176.518097	0.441177	69
176.959274	0.301865	69
177.261139	0.313461	70
177.574600	0.301865	70
177.876465	0.313461	71
178.189926	0.301865	72
178.491791	0.325073	71
178.816864	0.139328	71
178.956192	0.162537	71
179.118729	0.139328	71
179.258057	0.150925	71
179.408981	0.150925	70
179.559906	0.150940	71
179.710846	0.150925	79
179.861771	0.139313	74
180.001083	0.104492	78
180.105576	0.522446	78
180.628021	0.359909	78
180.987930	0.278641	76
181.266571	0.638550	74
181.905121	0.255417	79
182.160538	0.383133	76
182.543671	0.208984	73
182.752655	0.394745	74
183.147400	0.638535	76
183.785934	0.325089	72
184.111023	0.278641	74
184.389664	0.278641	74
184.668304	0.336685	77
185.004990	0.615326	77
185.620316	0.487625	75
186.107941	0.150925	76
186.258865	0.301865	74
186.560730	0.301849	73
186.862579	0.255432	76
187.118011	0.603714	75
187.721725	0.359909	73
188.081635	0.325073	72
188.406708	0.139328	75
188.546036	0.162537	73
188.708572	0.290253	79
188.998825	0.313461	79
189.312286	0.325089	76
189.637375	0.232193	70
189.869568	0.150925	76
190.020493	0.487625	75
190.508118	0.081268	77
190.589386	0.568893	75
191.158279	0.650162	73
191.808441	0.243805	77
192.052246	0.383133	74
192.435379	0.232193	74
192.667572	0.383133	67
193.050705	0.638550	72
193.689255	0.325073	72
194.014328	0.278641	79
194.292969	0.336685	78
194.629654	0.290253	73
194.919907	0.150940	78
195.070847	0.452774	76
195.523621	0.325089	78
195.848709	0.278641	76
196.127350	0.325073	74
196.452423	0.104492	73
196.556915	0.313477	74
196.870392	0.104477	80
196.974869	0.197372	78
197.172241	0.510849	73
197.683090	0.510834	74
198.193924	1.555740	0
199.749664	0.150925	0
199.900589	0.325073	69
200.225662	0.301865	68
200.527527	0.313477	68
200.841003	0.301849	73
201.142853	0.174149	73
201.317001	0.139328	73
201.456329	0.232193	73
201.688522	0.081268	0
201.769791	0.325089	67
202.094879	0.243805	66
202.338684	0.058044	66
202.396729	0.325089	66
202.721817	0.301849	0
203.023666	0.313477	0
203.337143	0.185760	66
203.522903	0.116104	0
203.639008	0.197357	0
203.836365	0.116104	0
203.952469	0.301865	0
204.254333	0.336685	0
204.591019	0.197372	0
204.788391	0.069656	0
204.858047	0.336685	69
205.194733	0.301865	69
205.496597	0.313477	0
205.810074	0.185760	73
205.995834	0.116089	73
206.111923	0.174149	73
206.286072	0.139328	73
206.425400	0.301849	67
206.727249	0.301865	67
207.029114	0.127716	66
207.156830	0.092880	66
207.249710	0.092880	0
207.342590	0.301849	0
207.644440	0.301865	0
207.946304	0.313461	0
208.259766	0.278641	0
208.538406	0.197372	0
208.735779	0.116104	0
208.851883	0.290253	0
209.142136	0.325073	66
209.467209	0.313477	66
209.780685	0.278641	65
210.059326	0.290237	65
210.349564	0.383133	63
210.732697	0.267029	61
210.999725	0.313477	61
211.313202	0.301849	61
211.615051	0.336700	58
211.951752	0.301849	61
212.253601	0.325089	64
212.578690	0.220581	64
212.799271	0.058060	0
212.857330	0.336685	67
213.194016	0.290253	66
213.484268	0.243805	65
213.728073	0.174149	64
213.902222	0.197372	60
214.099594	0.313461	60
214.413055	0.290253	60
214.703308	0.638550	69
215.341858	0.301865	69
215.643723	0.313461	73
215.957184	0.174149	73
216.131332	0.127716	73
216.259048	0.301865	75
216.560913	0.325073	76
216.885986	0.290253	0
217.176239	0.325073	0
217.501312	0.290253	0
217.791565	0.313477	0
218.105042	0.162537	0
218.267578	0.127701	0
218.395279	0.301865	0
218.697144	0.313461	0
219.010605	0.301865	0
219.312469	0.162537	0
219.475006	0.139328	0
219.614334	0.336685	69
219.951019	0.278641	69
220.229660	0.313477	0
220.543137	0.278625	73
220.821762	0.220596	73
221.042358	0.116104	72
221.158463	0.290237	75
221.448700	0.313477	76
221.762177	0.301865	0
222.064041	0.301849	0
222.365891	0.313477	77
222.679367	0.313461	77
222.992828	0.150940	78
223.143768	0.139313	0
223.283081	0.185760	0
223.468842	0.127716	0
223.596558	0.301849	0
223.898407	0.313477	57
224.211884	0.116104	0
224.327988	0.081268	0
224.409256	0.406342	80
224.815598	0.301865	80
225.117462	0.325073	79
225.442535	0.208984	79
225.651520	0.058044	79
225.709564	0.034836	78
225.744400	0.301865	77
226.046265	0.290237	77
226.336502	0.325089	75
226.661591	0.313461	75
226.975052	0.301865	77
227.276917	0.301865	78
227.578781	0.313461	75
227.892242	0.243805	73
228.136047	0.069672	73
228.205719	0.301849	73
228.507568	0.301865	75
228.809433	0.313477	75
229.122910	0.278625	73
229.401535	0.371521	72
229.773056	0.278641	72
230.051697	0.313477	72
230.365173	0.232193	0
230.597366	0.081268	0
230.678635	0.301865	0
230.980499	0.290253	72
231.270752	0.359909	72
231.630661	0.220581	0
231.851242	0.081268	0
231.932510	0.290253	73
232.222763	0.313477	72
232.536240	0.313461	72
232.849701	0.301865	75
233.151566	0.278641	75
233.430206	0.313461	73
233.743668	0.313477	75
234.057144	0.301865	79
234.359009	0.104477	78
234.463486	0.197372	78
234.660858	0.278641	76
234.939499	0.348297	72
235.287796	0.290253	75
235.578049	0.336685	76
235.914734	0.278641	73
236.193375	0.313477	73
236.506851	0.313461	71
236.820312	0.081268	71
236.901581	0.220596	74
237.122177	0.278641	69
237.400818	0.313461	71
237.714279	0.290253	76
238.004532	0.603729	74
238.608261	0.301849	74
238.910110	0.278641	73
239.188751	0.139328	69
239.328079	1.532516	69
240.860596	0.313461	0
241.174057	0.325089	0
241.499146	0.278625	0
241.777771	0.325089	0
242.102859	0.626938	0
242.729797	0.626938	0
243.356735	0.301865	0
243.658600	0.116089	0
243.774689	0.499237	0
244.273926	0.034821	0
244.308746	0.603729	0
244.912476	0.336685	0
245.249161	0.568893	0
245.818054	0.034821	0
245.852875	0.313477	0
246.166351	0.174149	0
246.340500	0.092880	0
246.433380	0.348297	0
246.781677	0.325073	0
247.106750	0.278641	0
247.385391	0.336700	0
247.722092	0.545670	0
248.267761	0.069656	0
248.337418	0.255417	0
248.592834	0.058044	0
248.650879	0.452789	0
249.103668	0.174149	49
249.277817	0.197372	44
249.475189	0.394745	60
249.869934	0.348297	64
250.218231	0.150925	63
250.369156	0.150940	63
250.520096	0.290237	61
250.810333	0.301865	61
251.112198	0.313477	62
251.425674	0.150925	61
251.576599	0.162537	61
251.739136	0.325089	60
252.064224	0.301849	61
252.366074	0.325089	61
252.691162	0.301849	68
252.993011	0.150940	69
253.143951	0.139313	69
253.283264	0.290253	0
253.573517	0.336685	0
253.910202	0.127716	0
254.037918	0.150925	64
254.188843	0.325073	70
254.513916	0.232208	63
254.746124	0.092880	65
254.839005	0.301865	64
255.140869	0.162537	64
255.303406	0.139313	63
255.442719	0.278641	60
255.721359	0.069656	51
255.791016	0.185760	0
255.976776	0.104492	62
256.081268	0.325073	61
256.406342	0.150940	0
256.557281	0.069672	0
256.626953	0.255402	0
256.882355	0.127716	0
257.010071	0.174133	0
257.184204	0.127716	0
257.311920	0.313477	60
257.625397	0.301849	62
257.927246	0.208984	57
258.136230	0.383148	57
258.519379	0.464386	49
258.983765	0.162537	50
259.146301	0.336700	59
259.483002	0.232178	63
259.715179	0.406372	63
260.121552	0.243805	0
260.365356	0.359894	54
260.725250	0.255432	62
260.980682	0.359894	61
261.340576	0.301880	74
261.642456	0.313477	72
261.955933	0.290222	71
262.246155	0.626953	70
262.873108	0.081268	72
262.954376	0.220581	77
263.174957	0.139343	79
263.314301	0.162537	78
263.476837	0.150909	74
263.627747	0.290253	71
263.917999	0.139313	0
264.057312	0.650177	67
264.707489	0.301849	64
265.009338	0.348297	64
265.357635	0.243805	63
265.601440	0.313477	65
265.914917	0.046448	69
265.961365	0.325073	69
266.286438	0.301849	67
266.588287	0.290253	62
266.878540	0.208984	64
267.087524	0.092896	59
267.180420	0.325073	59
267.505493	0.301849	60
267.807343	0.162537	60
267.969879	0.127716	63
268.097595	0.290253	60
268.387848	0.313477	79
268.701324	0.313446	78
269.014771	0.313477	67
269.328247	0.278656	64
269.606903	0.325073	63
269.931976	0.313477	64
270.245453	0.162537	59
270.407990	0.127716	63
270.535706	0.278625	64
270.814331	0.325073	66
271.139404	0.313477	65
271.452881	0.290253	60
271.743134	0.301849	59
272.044983	0.313477	63
272.358459	0.150940	64
272.509399	0.162537	63
272.671936	0.162537	64
272.834473	0.116089	64
272.950562	0.301880	78
273.252441	0.313446	78
273.565887	0.139313	78
273.705200	0.162567	77
273.867767	0.475983	68
274.343750	0.162567	69
274.506317	0.301849	75
274.808167	0.162537	64
274.970703	0.139313	69
275.110016	0.290253	69
275.400269	0.301849	69
275.702118	0.452789	70
276.154907	0.081268	69
276.236176	0.081299	72
276.317474	0.325073	78
276.642548	0.116089	79
276.758636	0.162537	78
276.921173	0.313477	71
277.234650	0.139313	71
277.373962	0.162537	71
277.536499	0.301880	70
277.838379	0.081268	72
277.919647	0.208984	72
278.128632	0.313446	78
278.442078	0.232208	78
278.674286	0.371521	75
279.045807	0.174133	68
279.219940	0.139343	68
279.359283	0.185760	69
279.545044	0.127686	69
279.672729	0.162567	69
279.835297	0.150909	68
279.986206	0.162537	67
280.148743	0.116119	68
280.264862	0.290253	68
280.555115	0.359894	69
280.915009	0.185760	68
281.100769	0.104492	73
281.205261	0.290253	74
281.495514	0.290253	68
281.785767	0.301849	75
282.087616	0.174164	72
282.261780	0.150909	78
282.412689	0.429565	75
282.842255	0.162567	72
283.004822	0.603699	73
283.608521	0.626953	68
284.235474	0.313446	64
284.548920	0.150940	66
284.699860	0.162537	75
284.862396	0.592102	71
285.454498	0.313477	68
285.767975	0.301880	70
286.069855	0.301849	70
286.371704	0.290253	71
286.661957	0.325073	71
286.987030	0.150940	71
287.137970	0.139313	71
287.277283	0.162537	71
287.439819	0.429565	68
287.869385	0.313477	77
288.182861	0.313477	79
288.496338	0.626923	69
289.123260	0.290253	68
289.413513	0.150940	71
289.564453	0.162537	72
289.726990	0.592102	64
290.319092	0.325073	68
290.644165	0.301880	71
290.946045	0.301849	71
291.247894	0.278625	71
291.526520	0.325104	72
291.851624	0.150909	71
292.002533	0.127716	71
292.130249	0.150940	72
292.281189	0.162537	71
292.443726	0.139313	71
292.583038	0.150940	72
292.733978	0.139313	73
292.873291	0.162537	77
293.035828	0.139313	79
293.175140	0.139313	79
293.314453	0.104492	78
293.418945	0.522461	75
293.941406	0.650146	77
294.591553	0.626953	74
295.218506	0.255432	78
295.473938	0.371490	73
295.845428	0.116119	73
295.961548	0.104492	74
296.066040	0.394745	76
296.460785	0.615326	76
297.076111	0.638550	78
297.714661	0.592102	78
298.306763	0.127716	78
298.434479	0.487610	76
298.922089	0.371521	75
299.293610	0.278625	76
299.572235	0.313477	73
299.885712	0.301849	74
300.187561	0.232208	77
300.419769	0.603729	73
301.023499	0.348297	75
301.371796	0.301849	72
301.673645	0.313477	72
301.987122	0.139313	72
302.126434	0.429565	74
302.556000	0.580505	70
303.136505	0.127716	80
303.264221	0.510834	75
303.775055	0.371521	75
304.146576	0.290253	75
304.436829	0.603729	73
305.040558	0.243805	79
305.284363	0.383118	73
305.667480	0.220581	73
305.888062	0.394745	75
306.282806	0.708221	76
306.991028	0.522430	78
307.513458	0.313477	79
307.826935	0.290253	78
308.117188	0.603729	78
308.720917	0.325073	76
309.045990	0.290253	76
309.336243	0.325073	74
309.661316	0.534058	75
310.195374	0.696594	67
310.891968	0.522461	61
311.414429	2.565796	57
313.980225	9.790131	0
