0.522449	0.441179	59
0.963628	0.104490	0
1.068118	0.174150	63
1.242268	0.267029	63
1.509297	0.406349	62
1.915646	0.452789	61
2.368435	0.162540	61
2.530975	0.417959	61
2.948934	0.243809	60
3.192744	0.684989	61
3.877733	0.325079	61
4.202812	0.255420	61
4.458231	0.243809	57
4.702041	0.708209	56
5.410249	0.232200	0
5.642449	0.139320	0
5.781769	0.034830	0
5.816598	0.220590	62
6.037188	0.301859	63
6.339047	0.243810	63
6.582857	0.127710	63
6.710567	0.116100	64
6.826667	0.185760	62
7.012426	0.417959	61
7.430386	0.313469	61
7.743855	0.034830	60
7.778685	0.232200	61
8.010884	0.139319	61
8.150204	0.116100	61
8.266304	0.081269	0
8.347573	0.394740	60
8.742313	0.232199	61
8.974512	0.243810	61
9.218322	0.127710	60
9.346032	0.046439	62
9.392471	0.220590	63
9.613061	0.290250	57
9.903311	0.580499	56
10.483809	0.359909	45
10.843719	0.150930	48
10.994649	0.313469	59
11.308118	0.267030	63
11.575148	0.394739	63
11.969887	0.197370	62
12.167256	0.162539	61
12.329796	0.371519	61
12.701315	0.127710	58
12.829025	0.267029	61
13.096054	0.208980	61
13.305034	0.185760	60
13.490793	0.104490	0
13.595284	0.441179	59
14.036463	0.267029	58
14.303492	0.278640	55
14.582131	0.092880	57
14.675012	0.139319	58
14.814331	0.452789	60
15.267120	0.092879	61
15.360000	0.534060	61
15.894059	3.065034	57
18.959093	0.441179	55
19.400272	0.197369	55
19.597641	0.139320	57
19.736961	0.336689	56
20.073650	0.255421	60
20.329071	0.290249	62
20.619320	0.220589	63
20.839909	0.139320	63
20.979229	0.174150	62
21.153379	0.464397	61
21.617777	0.325081	61
21.942858	0.545668	61
22.488525	0.058050	58
22.546576	0.208981	60
22.755556	0.139318	0
22.894875	0.185760	61
23.080635	0.441179	61
23.521814	0.127710	63
23.649525	0.325079	59
23.974604	0.580498	56
24.555101	0.139320	54
24.694422	0.267029	0
24.961451	0.499229	61
25.460680	0.325079	63
25.785759	0.243811	63
26.029570	0.092880	63
26.122450	0.174149	63
26.296598	0.150930	63
26.447529	0.162539	61
26.610067	0.162540	62
26.772608	0.255419	61
27.028027	0.092880	61
27.120907	0.139320	61
27.260227	0.127708	0
27.387936	0.150930	0
27.538866	0.208981	58
27.747847	0.301859	60
28.049706	0.139320	61
28.189026	0.162539	60
28.351564	0.336689	61
28.688253	0.243811	62
28.932064	0.290249	57
29.222313	0.603720	56
29.826033	0.267029	0
30.093061	0.127710	0
30.220772	0.406349	60
30.627121	0.232199	63
30.859320	0.383129	63
31.242449	0.278639	63
31.521088	0.325081	61
31.846169	0.081268	61
31.927437	0.255421	61
32.182858	0.267029	61
32.449886	0.267029	61
32.716915	0.081272	61
32.798187	0.104488	60
32.902676	0.336689	59
33.239365	0.278641	59
33.518005	0.290249	56
33.808254	0.104488	57
33.912743	0.116100	58
34.028843	0.104492	60
34.133335	0.394737	60
34.528072	4.493061	57
39.021133	0.301861	0
39.322994	0.174149	71
39.497143	0.139320	68
39.636463	0.185760	73
39.822224	0.325077	74
40.147301	0.174152	75
40.321453	0.348297	68
40.669750	0.615330	69
41.285080	0.336689	70
41.621769	0.139320	68
41.761089	0.116100	71
41.877190	0.255417	73
42.132607	0.127712	0
42.260319	0.290249	71
42.550568	0.325077	70
42.875645	0.162540	71
43.038185	0.208981	70
43.247166	0.290249	74
43.537415	0.476009	71
44.013424	0.092880	79
44.106304	0.162540	80
44.268845	0.174149	76
44.442993	0.197369	78
44.640362	0.104492	78
44.744854	0.092880	73
44.837734	0.092876	80
44.930611	0.139320	78
45.069931	0.313469	68
45.383400	0.162540	0
45.545940	0.174149	0
45.720089	0.325081	0
46.045170	0.255421	75
46.300591	0.336689	68
46.637280	0.243809	68
46.881088	0.325081	71
47.206169	0.116100	71
47.322269	0.290249	71
47.612518	0.255417	70
47.867935	0.116100	70
47.984035	0.313469	71
48.297504	0.278641	70
48.576145	0.267029	75
48.843174	0.301861	72
49.145035	1.219048	71
50.364082	0.383129	0
50.747211	0.371517	71
51.118729	0.290253	71
51.408981	0.162537	71
51.571518	0.150932	71
51.722450	0.673378	59
52.395828	1.462856	59
53.858685	0.267029	58
54.125713	0.104492	57
54.230206	0.917187	56
55.147392	0.348301	59
55.495693	0.464397	59
55.960091	0.603718	59
56.563808	0.162540	58
56.726349	0.325081	58
57.051430	0.150928	58
57.202358	0.220589	58
57.422947	1.346760	59
58.769707	0.174149	58
58.943855	0.232201	57
59.176056	0.359909	69
59.535965	0.429569	63
59.965534	0.243809	67
60.209343	0.313469	76
60.522812	0.371521	75
60.894333	0.696598	74
61.590931	0.197369	81
61.788300	0.534058	74
62.322357	1.996918	75
64.319275	0.383125	74
64.702400	0.383133	75
65.085533	0.243813	76
65.329346	0.313469	76
65.642815	0.383125	75
66.025940	0.510841	73
66.536781	0.139320	73
66.676102	0.162537	79
66.838638	0.267029	82
67.105667	0.348305	61
67.453972	0.603714	59
68.057686	4.899414	56
72.957100	0.371513	45
73.328613	0.348305	60
73.676918	0.174149	63
73.851067	0.452789	63
74.303856	0.150932	63
74.454788	0.174149	62
74.628937	0.197365	61
74.826302	0.116104	61
74.942406	0.174149	61
75.116554	0.150932	61
75.267487	0.348297	61
75.615784	0.162537	62
75.778320	0.162544	59
75.940865	0.208977	60
76.149841	0.104492	61
76.254333	0.290245	61
76.544579	0.278641	61
76.823219	0.127708	61
76.950928	0.150932	60
77.101860	0.081268	59
77.183128	0.116104	56
77.299232	0.626938	56
77.926170	0.325073	0
78.251244	0.116104	0
78.367348	0.383125	62
78.750473	0.325081	63
79.075554	0.336693	63
79.412247	0.139320	63
79.551567	0.174149	62
79.725716	0.208977	61
79.934692	0.208984	61
80.143677	0.058044	62
80.201721	0.162544	61
80.364265	0.325073	61
80.689339	0.220596	62
80.909935	0.243805	59
81.153740	0.487617	61
81.641357	0.232201	61
81.873558	0.255424	60
82.128983	0.243805	57
82.372787	0.626938	56
82.999725	0.359909	0
83.359634	0.185760	0
83.545395	0.348305	62
83.893700	0.104485	63
83.998184	0.232201	63
84.230385	0.452789	63
84.683174	0.150932	63
84.834106	0.197365	61
85.031471	0.359909	61
85.391380	0.394745	61
85.786125	0.174149	61
85.960274	0.116096	0
86.076370	0.406349	59
86.482719	0.267029	58
86.749748	0.325081	55
87.074829	0.092880	57
87.167709	0.139320	59
87.307030	0.383125	60
87.690155	0.139320	61
87.829475	0.441185	61
88.270660	4.156372	56
92.427032	0.255417	0
92.682449	0.174149	0
92.856598	0.185760	62
93.042358	0.185760	62
93.228119	0.243805	63
93.471924	0.359917	63
93.831841	0.162537	62
93.994377	0.487617	61
94.481995	0.267029	61
94.749023	0.371521	61
95.120544	0.185760	61
95.306305	0.127708	58
95.434013	0.313469	60
95.747482	0.127708	0
95.875191	0.162544	57
96.037735	0.174149	61
96.211884	0.185760	61
96.397644	0.104485	61
96.502129	0.174156	63
96.676285	0.197365	57
96.873650	0.162544	56
97.036194	0.406349	56
97.442543	0.336685	51
97.779228	0.174149	52
97.953377	0.336693	61
98.290070	0.301857	63
98.591927	0.301857	63
98.893784	0.232201	62
99.125984	0.162544	60
99.288528	0.301857	61
99.590385	0.255417	61
99.845802	0.243813	61
100.089615	0.278641	61
100.368256	0.464401	60
100.832657	0.232193	61
101.064850	0.127716	62
101.192566	0.116096	61
101.308662	0.069656	0
101.378319	0.139320	62
101.517639	0.232201	62
101.749840	0.197372	57
101.947212	0.476006	56
102.423218	0.127708	56
102.550926	0.336693	49
102.887619	0.139320	50
103.026939	0.359909	61
103.386848	0.208977	63
103.595825	0.104492	63
103.700317	0.220589	63
103.920906	0.127708	63
104.048615	0.290253	63
104.338867	0.336685	61
104.675552	0.301865	61
104.977417	0.185760	61
105.163177	0.301857	61
105.465034	0.139320	0
105.604355	0.406349	59
106.010704	0.104492	58
106.115196	0.150925	55
106.266121	0.313469	55
106.579590	0.092880	57
106.672470	0.139320	59
106.811790	0.499229	61
107.311020	0.476013	61
107.787033	0.383125	57
108.170158	2.078186	65
110.248344	3.041817	60
113.290161	4.725258	62
118.015419	0.336693	63
118.352112	0.359909	63
118.712021	0.290245	59
119.002266	0.371521	56
119.373787	0.278641	63
119.652428	0.336685	63
119.989113	0.139320	63
120.128433	0.383133	65
120.511566	0.127708	66
120.639275	0.267029	59
120.906303	0.325081	59
121.231384	0.081268	59
121.312653	0.243813	59
121.556465	0.313469	59
121.869934	0.522446	59
122.392380	0.696602	59
123.088982	0.255417	0
123.344398	0.417961	64
123.762360	0.301857	63
124.064217	0.673378	68
124.737595	0.313469	65
125.051064	0.313469	66
125.364532	0.417961	67
125.782494	0.545670	60
126.328163	0.313469	59
126.641632	0.313469	59
126.955101	0.290253	61
127.245354	0.545670	64
127.791023	0.127708	64
127.918732	0.626938	59
128.545670	0.847534	63
129.393204	0.371506	63
129.764709	0.232208	59
129.996918	0.139313	63
130.136230	0.301865	61
130.438095	0.150925	64
130.589020	0.150940	66
130.739960	0.684982	60
131.424942	1.822769	59
133.247711	0.325073	55
133.572784	0.278641	63
133.851425	0.336685	63
134.188110	0.336700	64
134.524811	0.475998	60
135.000809	0.766266	61
135.767075	0.058044	65
135.825119	0.626938	60
136.452057	1.242279	59
137.694336	0.603714	59
138.298050	0.278641	0
138.576691	0.394745	63
138.971436	0.267029	63
139.238464	0.394730	63
139.633194	0.278641	63
139.911835	0.568893	64
140.480728	0.116104	61
140.596832	0.197357	63
140.794189	0.534058	61
141.328247	0.069672	61
141.397919	1.637009	59
143.034927	0.081268	57
143.116196	0.208969	52
143.325165	0.394745	0
143.719910	0.394745	63
144.114655	0.243805	63
144.358459	0.673370	63
145.031830	0.499237	61
145.531067	0.058044	61
145.589111	0.104492	61
145.693604	0.197372	63
145.890976	0.522446	73
146.413422	0.046448	73
146.459869	1.311920	73
147.771790	0.383133	0
148.154922	0.069656	0
148.224579	0.104492	0
148.329071	0.371521	0
148.700592	0.429565	78
149.130157	0.267029	75
149.397186	0.406357	75
149.803543	0.267029	75
150.070572	0.557281	73
150.627853	0.116089	66
150.743942	0.208984	65
150.952927	0.534058	73
151.486984	0.232193	78
151.719177	1.880829	75
153.600006	0.313461	0
153.913467	0.394745	63
154.308212	0.232193	63
154.540405	0.394745	63
154.935150	0.243805	63
155.178955	0.534058	61
155.713013	0.116104	61
155.829117	0.174149	63
156.003265	0.267029	61
156.270294	0.336685	61
156.606979	0.139328	61
156.746307	0.534058	59
157.280365	3.448166	56
160.728531	0.162537	57
160.891068	0.197372	59
161.088440	0.406342	63
161.494781	0.301865	63
161.796646	0.081268	0
161.877914	0.162537	63
162.040451	0.162537	61
162.202988	0.336700	61
162.539688	0.267029	61
162.806717	0.290237	61
163.096954	0.185760	61
163.282715	0.139328	60
163.422043	0.150925	59
163.572968	0.092880	61
163.665848	0.383133	61
164.048981	0.150925	61
164.199905	0.104492	62
164.304398	0.116104	63
164.420502	0.197372	61
164.617874	0.197357	57
164.815231	0.603729	56
165.418961	0.359909	46
165.778870	0.162537	48
165.941406	0.313477	58
166.254883	0.162537	63
166.417419	0.092880	63
166.510300	0.394730	63
166.905029	0.313477	63
167.218506	0.243805	61
167.462311	0.150925	0
167.613235	0.150940	0
167.764175	0.441177	61
168.205353	0.208984	61
168.414337	0.139313	60
168.553650	0.127716	58
168.681366	0.162537	61
168.843903	0.162537	61
169.006439	0.139328	60
169.145767	0.313461	61
169.459229	0.313477	61
169.772705	0.208969	57
169.981674	0.580505	56
170.562180	0.301849	48
170.864029	0.150940	49
171.014969	0.592102	63
171.607071	0.127716	63
171.734787	0.174149	63
171.908936	0.290253	60
172.199188	0.510834	61
172.710022	0.162537	61
172.872559	0.417969	61
173.290527	0.197357	61
173.487885	0.081284	0
173.569168	0.336685	59
173.905853	0.092880	59
173.998734	0.232193	58
174.230927	0.371521	56
174.602448	0.046448	58
174.648895	0.150925	58
174.799820	0.383133	60
175.182953	0.127701	61
175.310654	0.429581	61
175.740234	0.359909	56
176.100143	5.038727	62
181.138870	5.003891	62
186.142761	0.499237	62
186.641998	0.406342	63
187.048340	0.092880	63
187.141220	0.313477	59
187.454697	0.371521	60
187.826218	0.267029	56
188.093246	0.464401	56
188.557648	0.464386	60
189.022034	0.313477	59
189.335510	0.313477	59
189.648987	0.127701	59
189.776688	0.534058	59
190.310745	0.534058	59
190.844803	0.232208	0
191.077011	0.267029	56
191.344040	0.139313	56
191.483353	0.174149	56
191.657501	0.139328	56
191.796829	0.162537	56
191.959366	0.162537	63
192.121902	0.174149	63
192.296051	0.290253	63
192.586304	0.162537	61
192.748840	0.278641	56
193.027481	0.197372	63
193.224854	0.185760	64
193.410614	0.185760	62
193.596375	0.301849	60
193.898224	0.104492	59
194.002716	0.162552	60
194.165268	0.185745	59
194.351013	0.243820	59
194.594833	0.197372	59
194.792206	0.383118	59
195.175323	0.208984	59
195.384308	0.789474	60
196.173782	0.940414	63
197.114197	0.313461	63
197.427658	0.371521	61
197.799179	0.301865	59
198.101044	0.301865	62
198.402908	0.684982	59
199.087891	1.822769	59
200.910660	0.267029	55
201.177689	0.267029	68
201.444717	0.301865	68
201.746582	0.220581	68
201.967163	0.150925	63
202.118088	0.429581	63
202.547668	0.034821	63
202.582489	0.719818	64
203.302307	0.743042	60
204.045349	1.729889	60
205.775238	0.348297	64
206.123535	0.417969	67
206.541504	0.243805	66
206.785309	0.684982	63
207.470291	0.568893	62
208.039185	0.116104	62
208.155289	0.174149	62
208.329437	0.255417	61
208.584854	0.313461	61
208.898315	1.741501	62
210.639816	0.232208	53
210.872025	0.383118	0
211.255142	0.394745	63
211.649887	0.255417	65
211.905304	0.673386	63
212.578690	0.661758	61
213.240448	0.197372	61
213.437820	0.545670	69
213.983490	0.719818	61
214.703308	0.615326	59
215.318634	0.371521	59
215.690155	0.058060	56
215.748215	0.116089	0
215.864304	0.348297	0
216.212601	0.417969	64
216.630569	0.267029	66
216.897598	0.417953	66
217.315552	0.267029	63
217.582581	0.568893	63
218.151474	0.092880	61
218.244354	0.197372	62
218.441727	0.522446	62
218.964172	0.058044	63
219.022217	0.975250	63
219.997467	0.731415	62
220.728882	0.267044	53
220.995926	0.325073	0
221.320999	0.417953	66
221.738953	0.243820	66
221.982773	0.661758	65
222.644531	0.650162	62
223.294693	0.174149	61
223.468842	0.650162	63
224.119003	0.069656	63
224.188660	0.545670	60
224.734329	1.428024	56
226.162354	1.600342	56
