1.160998	0.313469	0
1.474467	0.325079	0
1.799546	0.301859	0
2.101406	0.336689	0
2.438095	0.278639	0
2.716735	0.290250	63
3.006984	0.197370	63
3.204354	0.127710	63
3.332063	0.174150	0
3.506213	0.127710	0
3.633923	0.174150	63
3.808073	0.139320	0
3.947392	0.313470	0
4.260862	0.174150	63
4.435011	0.116100	0
4.551111	0.197370	65
4.748481	0.139319	67
4.887800	0.278640	68
5.166440	0.325079	66
5.491519	0.313469	0
5.804989	0.174150	0
5.979138	0.127710	0
6.106848	0.197370	0
6.304218	0.069660	0
6.373878	0.313469	0
6.687347	0.325079	65
7.012426	0.208980	66
7.221406	0.127710	67
7.349116	0.313469	63
7.662585	0.301859	61
7.964445	0.197369	0
8.161814	0.116100	0
8.277914	0.174150	0
8.452064	0.127709	0
8.579773	0.174150	0
8.753922	0.127710	0
8.881633	0.313469	63
9.195102	0.208980	65
9.404081	0.092880	65
9.496962	0.325079	66
9.822041	0.325080	62
10.147120	0.290249	60
10.437369	0.197370	0
10.634739	0.127710	0
10.762449	0.162539	0
10.924989	0.139319	0
11.064308	0.185760	0
11.250068	0.116100	0
11.366168	0.313469	0
11.679637	0.197370	0
11.877007	0.104490	0
11.981497	0.185760	0
12.167256	0.127709	56
12.294966	0.174150	59
12.469115	0.127710	58
12.596826	0.301859	66
12.898685	0.139320	64
13.038005	0.197370	64
13.235374	0.174150	68
13.409524	0.127709	67
13.537233	0.278640	64
13.815873	0.336689	68
14.152562	0.185760	68
14.338322	0.116100	67
14.454422	0.174150	67
14.628572	0.139319	63
14.767891	0.301860	63
15.069751	0.301859	0
15.371610	0.185760	0
15.557369	0.127710	65
15.685080	0.185760	66
15.870839	0.127709	66
15.998549	0.197371	67
16.195919	0.127708	0
16.323627	0.185760	68
16.509388	0.104490	68
16.613878	0.174149	67
16.788027	0.139320	67
16.927347	0.174149	77
17.101496	0.139320	77
17.240816	0.301859	64
17.542675	0.313471	67
17.856146	0.150928	0
18.007074	0.162540	0
18.169615	0.301859	68
18.471474	0.197371	67
18.668844	0.116098	0
18.784943	0.313471	67
19.098413	0.150928	68
19.249342	0.150930	68
19.400272	0.174149	68
19.574421	0.139320	0
19.713741	0.313469	0
20.027210	0.301861	0
20.329071	0.174149	0
20.503220	0.139320	0
20.642540	0.174149	0
20.816689	0.116100	0
20.932789	0.208981	64
21.141769	0.116098	68
21.257868	0.174150	68
21.432018	0.139320	68
21.571339	0.162539	65
21.733877	0.150930	66
21.884808	0.162539	65
22.047346	0.150930	66
22.198277	0.150930	68
22.349207	0.139318	0
22.488525	0.267031	67
22.755556	0.220589	64
22.976145	0.139320	64
23.115465	0.162539	64
23.278004	0.150930	63
23.428934	0.197371	63
23.626305	0.371519	68
23.997824	0.046440	68
24.044264	0.162539	67
24.206802	0.150930	67
24.357733	0.197369	66
24.555101	0.104490	65
24.659592	0.313469	63
24.973061	0.208981	63
25.182041	0.104490	63
25.286531	0.162539	0
25.449070	0.139320	56
25.588390	0.174149	58
25.762539	0.139320	59
25.901859	0.301859	62
26.203718	0.278641	62
26.482359	0.208979	63
26.691338	0.139320	63
26.830658	0.174149	64
27.004807	0.127710	64
27.132517	0.313469	61
27.445986	0.301861	61
27.747847	0.174149	61
27.921995	0.139320	60
28.061316	0.174149	61
28.235464	0.127710	0
28.363174	0.197371	63
28.560545	0.116098	0
28.676643	0.313471	0
28.990114	0.162539	64
29.152653	0.139320	0
29.291973	0.174149	0
29.466122	0.139320	0
29.605442	0.185760	0
29.791203	0.127708	0
29.918911	0.301861	0
30.220772	0.174149	0
30.394920	0.139320	0
30.534241	0.174149	0
30.708389	0.139320	0
30.847710	0.185760	0
31.033470	0.116098	0
31.149569	0.301861	0
31.451429	0.174149	0
31.625578	0.150930	0
31.776508	0.162539	0
31.939047	0.127710	63
32.066757	0.162540	63
32.229298	0.464397	67
32.693695	0.174152	65
32.867847	0.139317	63
33.007164	0.174152	64
33.181316	0.139320	63
33.320637	0.185757	59
33.506393	0.127712	58
33.634106	0.301857	58
33.935963	0.174152	59
34.110115	0.139317	58
34.249432	0.185760	59
34.435192	0.127712	58
34.562904	0.301857	59
34.864761	0.278641	57
35.143402	0.139320	58
35.282722	0.069660	62
35.352383	0.162537	63
35.514919	0.150932	66
35.665852	0.139320	67
35.805172	0.162537	67
35.967709	0.139320	68
36.107029	0.290249	68
36.397278	0.197372	68
36.594650	0.127708	67
36.722359	0.185760	66
36.908119	0.116100	65
37.024220	0.139317	63
37.163536	0.185760	66
37.349297	0.290249	67
37.639545	0.185760	64
37.825306	0.127708	63
37.953014	0.185760	63
38.138775	0.127712	63
38.266487	0.197369	63
38.463856	0.058048	60
38.521904	0.371521	63
38.893425	0.127708	63
39.021133	0.092880	64
39.114014	0.092880	64
39.206894	0.174149	65
39.381042	0.116100	65
39.497143	0.313469	60
39.810612	0.313469	61
40.124081	0.162540	61
40.286621	0.150928	60
40.437550	0.174152	0
40.611702	0.139317	0
40.751019	0.301861	64
41.052879	0.313469	68
41.366348	0.162540	68
41.528889	0.139320	67
41.668209	0.185760	66
41.853970	0.116100	65
41.970070	0.197369	64
42.167439	0.127708	67
42.295147	0.150928	67
42.446075	0.104492	64
42.550568	0.046440	64
42.597008	0.174149	63
42.771156	0.127708	0
42.898865	0.325081	64
43.223946	0.185760	66
43.409706	0.116100	69
43.525806	0.220589	68
43.746395	0.092880	68
43.839275	0.162540	67
44.001816	0.150928	65
44.152744	0.301857	65
44.454601	0.150932	63
44.605534	0.464397	63
45.069931	0.174152	60
45.244083	0.139317	58
45.383400	0.162540	0
45.545940	0.139320	0
45.685261	0.197369	56
45.882629	0.429569	60
46.312199	0.162540	61
46.474739	0.150928	63
46.625668	0.162540	63
46.788208	0.104492	0
46.892700	0.336689	60
47.229389	0.313469	61
47.542858	0.174149	61
47.717007	0.139320	60
47.856327	0.174149	62
48.030476	0.127708	64
48.158184	0.197372	63
48.355556	0.116100	0
48.471657	0.301857	0
48.773514	0.174152	0
48.947666	0.139317	0
49.086983	0.174152	0
49.261135	0.139317	0
49.400452	0.185760	0
49.586212	0.127712	0
49.713924	0.301857	63
50.015781	0.174152	63
50.189934	0.139317	64
50.329250	0.174152	0
50.503403	0.127708	0
50.631111	0.197369	0
50.828480	0.116100	0
50.944580	0.301861	0
51.246441	0.185760	0
51.432201	0.139317	0
51.571518	0.162540	0
51.734058	0.139320	0
51.873379	0.174149	0
52.047527	0.092880	70
52.140408	0.359909	71
52.500317	0.162540	68
52.662857	0.452789	67
53.115646	0.174149	66
53.289795	0.139320	64
53.429115	0.162540	65
53.591656	0.174149	0
53.765804	0.150928	63
53.916733	0.116100	64
54.032833	0.197372	64
54.230206	0.127708	0
54.357914	0.185760	71
54.543674	0.116100	71
54.659775	0.185757	71
54.845531	0.127712	71
54.973244	0.162540	71
55.135784	0.139317	70
55.275101	0.150932	67
55.426033	0.174149	66
55.600182	0.174149	67
55.774330	0.127712	67
55.902042	0.174149	65
56.076191	0.150928	63
56.227119	0.150932	63
56.378052	0.127708	63
56.505760	0.325077	63
56.830837	0.174152	65
57.004990	0.127708	65
57.132698	0.185760	66
57.318459	0.104488	67
57.422947	0.197372	63
57.620319	0.139317	63
57.759636	0.185760	64
57.945396	0.116100	63
58.061497	0.174149	64
58.235645	0.150932	64
58.386578	0.185757	67
58.572334	0.116100	66
58.688435	0.162540	64
58.850975	0.127708	63
58.978683	0.197372	64
59.176056	0.127708	67
59.303764	0.162540	65
59.466305	0.150928	67
59.617233	0.301861	67
59.919094	0.162540	66
60.081635	0.139317	67
60.220951	0.174152	66
60.395103	0.150928	66
60.546032	0.185760	65
60.731792	0.116100	66
60.847893	0.162537	64
61.010429	0.150932	62
61.161362	0.162540	61
61.323902	0.139317	63
61.463219	0.313469	63
61.776688	0.185760	68
61.962448	0.116100	71
62.078548	0.185760	70
62.264309	0.127708	69
62.392017	0.162540	68
62.554558	0.348301	68
62.902859	0.104488	67
63.007347	0.174149	66
63.181496	0.139320	64
63.320816	0.174149	64
63.494965	0.162540	63
63.657505	0.150928	63
63.808434	0.127712	64
63.936146	0.185757	64
64.121902	0.127708	63
64.249611	0.185760	70
64.435371	0.127716	70
64.563087	0.290245	68
64.853333	0.185760	71
65.039093	0.127708	69
65.166801	0.197372	68
65.364174	0.127708	67
65.491882	0.185760	68
65.677643	0.116096	67
65.793739	0.174149	66
65.967888	0.267036	63
66.234924	0.487617	64
66.722542	0.185760	66
66.908302	0.127708	66
67.036011	0.313469	67
67.349480	0.290245	62
67.639725	0.197372	61
67.837097	0.127708	63
67.964806	0.174149	64
68.138954	0.116104	63
68.255058	0.185760	64
68.440819	0.127708	64
68.568527	0.208977	65
68.777504	0.104492	66
68.881996	0.197372	65
69.079369	0.116096	65
69.195465	0.174149	65
69.369614	0.139320	65
69.508934	0.185760	65
69.694695	0.116096	66
69.810791	0.174149	65
69.984940	0.139320	65
70.124260	0.197372	65
70.321632	0.116096	65
70.437729	0.174156	65
70.611885	0.116096	65
70.727982	0.882362	65
71.610344	0.232193	63
71.842537	0.127716	64
71.970253	0.313469	63
72.283722	0.185753	64
72.469475	0.127716	63
72.597191	0.174149	64
72.771339	0.139320	63
72.910660	0.185760	64
73.096420	0.116096	64
73.212517	0.197372	0
73.409889	0.104485	0
73.514374	0.185760	63
73.700134	0.127708	64
73.827843	0.197372	66
74.025215	0.127708	67
74.152924	0.290253	68
74.443176	0.313469	66
74.756645	0.185760	65
74.942406	0.127708	0
75.070114	0.174149	0
75.244263	0.139320	59
75.383583	0.197372	59
75.580956	0.406349	62
75.987305	0.185753	65
76.173058	0.116104	66
76.289162	0.220589	67
76.509750	0.104492	68
76.614243	0.313469	63
76.927711	0.301857	61
77.229568	0.174149	68
77.403717	0.139320	67
77.543037	0.174149	0
77.717186	0.127708	0
77.844894	0.208984	64
78.053879	0.104492	64
78.158371	0.313469	63
78.471840	0.185753	65
78.657593	0.116104	65
78.773697	0.325081	66
79.098778	0.301857	62
79.400635	0.313469	60
79.714104	0.174149	63
79.888252	0.139320	64
80.027573	0.162544	63
80.190117	0.139313	64
80.329430	0.197372	64
80.526802	0.104492	0
80.631294	0.301857	0
80.933151	0.185760	64
81.118912	0.139320	64
81.258232	0.174149	64
81.432381	0.127708	64
81.560089	0.197372	64
81.757462	0.081268	0
81.838730	0.325081	67
82.163811	0.325081	64
82.488892	0.313469	67
82.802361	0.185760	67
82.988121	0.429565	68
83.417686	0.162537	65
83.580223	0.150932	63
83.731155	0.278641	63
84.009796	0.232201	60
84.241997	0.104492	58
84.346489	0.313469	58
84.659958	0.174149	58
84.834106	0.139320	0
84.973427	0.197365	65
85.170792	0.406349	68
85.577141	0.232201	68
85.809341	0.092880	68
85.902222	0.185760	68
86.087982	0.104492	66
86.192474	0.208977	65
86.401451	0.116096	65
86.517548	0.301865	63
86.819412	0.301857	67
87.121269	0.185760	65
87.307030	0.069656	68
87.376686	0.243813	64
87.620499	0.127708	63
87.748207	0.197372	63
87.945580	0.104492	61
88.050072	0.313469	63
88.363541	0.174149	63
88.537689	0.127708	63
88.665398	0.162537	65
88.827934	0.162544	65
88.990479	0.301857	66
89.292336	0.313469	63
89.605804	0.174149	63
89.779953	0.139320	64
89.919273	0.174149	0
90.093422	0.127708	0
90.221130	0.174156	63
90.395287	0.139320	64
90.534607	0.313469	68
90.848076	0.174149	67
91.022224	0.127708	66
91.149933	0.174149	66
91.324081	0.139320	64
91.463402	0.185760	64
91.649162	0.127708	67
91.776871	0.139320	64
91.916191	0.174149	63
92.090340	0.162537	64
92.252876	0.139320	63
92.392197	0.174156	0
92.566353	0.127708	64
92.694061	0.150925	63
92.844986	0.150932	65
92.995918	0.243813	68
93.239731	0.255417	65
93.495148	0.127708	65
93.622856	0.150932	66
93.773788	0.150925	0
93.924713	0.208984	63
94.133698	0.116096	63
94.249794	0.127708	0
94.377502	0.197372	59
94.574875	0.150932	58
94.725807	0.139320	58
94.865128	0.162537	57
95.027664	0.139320	55
95.166985	0.290253	58
95.457237	0.325073	62
95.782310	0.197372	62
95.979683	0.104492	0
96.084175	0.208977	63
96.293152	0.104492	63
96.397644	0.325073	61
96.722717	0.301865	60
97.024582	0.185760	60
97.210342	0.127708	60
97.338051	0.301857	60
97.639908	0.313469	63
97.953377	0.313469	63
98.266846	0.185760	63
98.452606	0.127708	63
98.580315	0.174156	63
98.754471	0.127708	64
98.882179	0.301857	62
99.184036	0.313469	67
99.497505	0.162537	67
99.660042	0.162544	67
99.822586	0.162537	67
99.985123	0.116104	68
100.101227	0.325073	67
100.426300	0.197372	67
100.623672	0.092880	65
100.716553	0.197372	63
100.913925	0.127708	64
101.041634	0.185760	63
101.227394	0.116096	63
101.343491	0.162544	59
101.506035	0.452789	68
101.958824	0.325073	64
102.283897	0.208984	63
102.492882	0.092880	63
102.585762	0.208977	59
102.794739	0.429573	59
103.224312	0.162537	59
103.386848	0.139320	59
103.526169	0.185760	58
103.711929	0.116096	59
103.828026	0.185760	58
104.013786	0.139320	58
104.153107	0.290253	58
104.443359	0.185753	59
104.629112	0.092880	57
104.721992	0.348305	64
105.070297	0.174149	67
105.244446	0.139320	59
105.383766	0.313469	68
105.697235	0.162537	68
105.859772	0.139320	67
105.999092	0.174149	65
106.173241	0.139320	64
106.312561	0.208984	63
106.521545	0.104485	65
106.626030	0.290253	67
106.916283	0.325081	64
107.241364	0.301857	63
107.543221	0.301857	63
107.845078	0.325081	63
108.170158	0.116096	64
108.286255	0.185760	64
108.472015	0.208984	65
108.681000	0.104485	65
108.785484	0.313469	62
109.098953	0.301865	60
109.400818	0.185760	61
109.586578	0.104485	61
109.691063	0.197372	0
109.888435	0.127708	0
110.016144	0.301857	64
110.318001	0.313477	68
110.631477	0.185753	67
110.817230	0.127716	66
110.944946	0.174149	65
111.119095	0.139320	63
111.258415	0.162537	64
111.420952	0.150932	67
111.571884	0.243805	68
111.815689	0.232201	64
112.047890	0.127708	63
112.175598	0.174156	65
112.349754	0.092873	66
112.442627	0.058052	67
112.500679	0.174149	66
112.674828	0.127708	69
112.802536	0.185760	68
112.988297	0.127716	67
113.116013	0.174149	67
113.290161	0.116096	67
113.406258	0.208977	66
113.615234	0.116104	65
113.731339	0.185760	64
113.917099	0.127708	67
114.044807	0.301857	66
114.346664	0.174149	65
114.520813	0.139320	0
114.660133	0.174149	66
114.834282	0.127716	68
114.961998	0.301857	68
115.263855	0.313469	68
115.577324	0.197372	67
115.774696	0.081268	67
115.855965	0.081268	0
115.937233	0.267029	66
116.204262	0.313469	64
116.517731	0.278641	63
116.796371	0.220589	62
117.016960	0.116104	60
117.133064	0.174149	60
117.307213	0.127708	60
117.434921	0.197372	63
117.632294	0.116096	63
117.748390	0.301857	63
118.050247	0.325081	63
118.375328	0.301857	65
118.677185	0.313469	65
118.990654	0.243813	66
119.234467	0.081268	64
119.315735	0.174149	63
119.489883	0.116104	64
119.605988	0.174149	64
119.780136	0.139320	64
119.919456	0.301857	63
120.221313	0.232201	63
120.453514	0.081268	64
120.534782	0.174149	63
120.708931	0.127716	0
120.836647	0.185753	71
121.022400	0.116104	71
121.138504	0.185760	71
121.324265	0.104485	70
121.428749	0.348305	71
121.777054	0.174149	68
121.951202	0.441177	67
122.392380	0.174149	66
122.566528	0.139320	69
122.705849	0.174149	68
122.879997	0.162544	64
123.042542	0.278641	64
123.321182	0.185753	64
123.506935	0.127716	64
123.634651	0.197365	65
123.832016	0.104492	71
123.936508	0.313469	72
124.249977	0.174149	71
124.424126	0.127708	71
124.551834	0.150932	68
124.702766	0.174149	68
124.876915	0.185760	67
125.062675	0.116096	63
125.178772	0.174156	63
125.352928	0.162537	63
125.515465	0.150932	63
125.666397	0.116096	64
125.782494	0.325081	63
126.107574	0.174149	65
126.281723	0.139320	65
126.421043	0.278641	67
126.699684	0.208977	64
126.908661	0.127708	63
127.036369	0.185760	63
127.222130	0.116104	63
127.338234	0.174149	64
127.512383	0.162537	64
127.674919	0.290253	67
127.965172	0.174141	64
128.139313	0.127716	63
128.267029	0.185760	64
128.452789	0.127716	66
128.580505	0.174149	66
128.754654	0.127701	67
128.882355	0.313477	67
129.195831	0.174149	66
129.369980	0.139313	67
129.509293	0.162537	68
129.671829	0.150940	66
129.822769	0.185760	65
130.008530	0.116089	63
130.124619	0.162552	65
130.287170	0.150925	63
130.438095	0.174149	63
130.612244	0.127716	63
130.739960	0.313461	63
131.053421	0.185760	62
131.239182	0.116104	65
131.355286	0.313461	70
131.668747	0.162552	68
131.831299	0.452789	68
132.284088	0.174149	66
132.458237	0.139313	65
132.597549	0.174149	66
132.771698	0.174149	64
132.945847	0.267029	64
133.212875	0.185760	64
133.398636	0.127716	62
133.526352	0.185760	70
133.712112	0.127701	70
133.839813	0.290253	71
134.130066	0.197372	71
134.327438	0.127716	69
134.455154	0.185745	68
134.640900	0.127716	67
134.768616	0.197372	68
134.965988	0.104492	67
135.070480	0.174149	65
135.244629	0.267029	63
135.511658	0.487610	64
135.999268	0.185760	66
136.185028	0.127716	70
136.312744	0.313477	67
136.626221	0.301849	61
136.928070	0.197372	61
137.125443	0.104492	64
137.229935	0.197372	64
137.427307	0.116089	63
137.543396	0.185760	64
137.729156	0.116104	64
137.845261	0.208984	65
138.054245	0.116089	66
138.170334	0.174149	65
138.344482	0.127716	66
138.472198	0.301865	65
138.774063	0.313461	65
139.087524	0.185760	65
139.273285	0.127716	65
139.401001	0.174149	65
139.575150	0.139313	65
139.714462	0.174149	65
139.888611	0.127716	65
140.016327	0.313477	64
140.329803	0.162537	71
140.492340	0.150925	71
140.643265	0.174149	71
140.817413	0.081268	71
140.898682	0.220596	64
141.119278	0.139313	64
141.258591	0.197372	63
141.455963	0.104492	63
141.560455	0.197372	66
141.757828	0.116089	67
141.873917	0.267029	67
142.140945	0.325089	67
142.466034	0.336685	67
142.802719	0.162537	67
142.965256	0.150940	67
143.116196	0.185760	67
143.301956	0.127701	65
143.429657	0.185760	63
143.615417	0.116104	65
143.731522	0.278641	65
144.010162	0.197372	63
144.207535	0.150925	66
144.358459	0.197372	66
144.555832	0.290253	64
144.846085	0.127701	66
144.973785	0.162537	65
145.136322	0.150940	66
145.287262	0.290237	69
145.577499	0.185760	70
145.763260	0.150940	71
145.914200	0.162537	70
146.076736	0.139313	67
146.216049	0.197372	65
146.413422	0.406357	66
146.819778	0.255417	66
147.075195	0.232193	64
147.307388	0.139328	67
147.446716	0.104492	64
147.551208	0.208969	67
147.760178	0.162537	67
147.922714	0.139328	67
148.062042	0.313461	66
148.375504	0.185760	64
148.561264	0.127716	64
148.688980	0.290253	66
148.979233	0.197372	63
149.176605	0.116089	63
149.292694	0.185760	63
149.478455	0.139328	65
149.617783	0.139313	64
149.757095	0.162537	65
149.919632	0.197372	66
150.117004	0.104492	64
150.221497	0.174149	63
150.395645	0.139328	64
150.534973	0.185745	63
150.720718	0.127716	61
150.848434	0.313477	66
151.161911	0.301849	63
151.463760	0.197372	67
151.661133	0.116104	67
151.777237	0.290253	68
152.067490	0.127701	66
152.195190	0.208984	66
152.404175	0.267029	70
152.671204	0.336685	71
153.007889	0.313477	71
153.321365	0.185760	69
153.507126	0.127701	66
153.634827	0.185760	70
153.820587	0.116104	0
153.936691	0.185760	71
154.122452	0.127701	66
154.250153	0.185760	65
154.435913	0.127716	64
154.563629	0.185760	64
154.749390	0.116104	61
154.865494	0.208969	65
155.074463	0.104492	63
155.178955	0.162537	70
155.341492	0.139328	68
155.480820	0.162537	70
155.643356	0.150925	63
155.794281	0.185760	64
155.980042	0.127716	63
156.107758	0.301849	61
156.409607	0.185760	60
156.595367	0.116104	0
156.711472	0.197372	58
156.908844	0.116104	61
157.024948	0.197357	64
157.222305	0.116104	65
157.338409	0.313477	67
157.651886	0.104492	67
157.756378	0.046432	63
157.802811	0.162537	63
157.965347	0.197372	63
158.162720	0.104492	63
158.267212	0.197372	65
158.464584	0.116089	64
158.580673	0.197372	64
158.778046	0.116104	63
158.894150	0.174149	62
159.068298	0.127716	61
159.196014	0.197357	60
159.393372	0.104492	60
159.497864	0.313477	65
159.811340	0.301849	62
160.113190	0.197372	63
160.310562	0.127716	63
160.438278	0.185760	62
160.624039	0.116104	0
160.740143	0.185760	70
160.925903	0.092865	71
161.018768	0.336700	71
161.355469	0.185760	68
161.541229	0.429565	67
161.970795	0.174149	66
162.144943	0.325073	65
162.470016	0.174149	64
162.644165	0.278641	64
162.922806	0.162552	63
163.085358	0.116089	63
163.201447	0.208984	69
163.410431	0.116104	71
163.526535	0.208969	71
163.735504	0.104492	72
163.839996	0.290253	70
164.130249	0.127716	68
164.257965	0.208969	67
164.466934	0.174149	68
164.641083	0.127716	66
164.768799	0.174149	65
164.942947	0.150925	63
165.093872	0.162552	63
165.256424	0.139313	63
165.395737	0.278641	63
165.674377	0.208984	65
165.883362	0.127701	65
166.011063	0.243820	66
166.254883	0.255417	64
166.510300	0.290237	63
166.800537	0.127716	63
166.928253	0.174149	0
167.102402	0.174149	67
167.276550	0.185760	67
167.462311	0.092880	65
167.555191	0.185760	63
167.740952	0.290253	63
168.031204	0.139313	66
168.170517	0.162552	66
168.333069	0.139313	67
168.472382	0.301865	66
168.774246	0.185760	66
168.960007	0.116089	67
169.076096	0.162537	65
169.238632	0.174164	66
169.412796	0.208969	65
169.621765	0.092880	64
169.714645	0.162537	65
169.877182	0.162552	61
170.039734	0.162537	61
170.202271	0.139313	63
170.341583	0.278641	63
170.620224	0.208984	67
170.829208	0.116104	64
170.945312	0.301849	70
171.247162	0.174149	68
171.421310	0.452789	67
171.874100	0.174149	66
172.048248	0.313477	66
172.361725	0.162537	64
172.524261	0.290253	64
172.814514	0.162537	63
172.977051	0.139328	64
173.116379	0.313461	70
173.429840	0.290253	71
173.720093	0.208984	71
173.929077	0.116089	69
174.045166	0.174149	68
174.219315	0.127716	67
174.347031	0.313461	67
174.660492	0.174164	65
174.834656	0.278625	63
175.113281	0.476013	64
175.589294	0.208984	66
175.798279	0.116104	64
175.914383	0.290237	67
176.204620	0.325089	62
176.529709	0.174149	61
176.703857	0.116104	63
176.819962	0.325073	64
177.145035	0.267029	63
177.412064	0.359909	63
177.771973	0.150925	65
177.922897	0.127716	66
178.050613	0.208984	66
178.259598	0.104477	65
178.364075	0.243820	66
178.607895	0.069656	67
178.677551	0.325073	66
179.002625	0.162552	65
179.165176	0.127701	65
179.292877	0.185760	65
179.478638	0.127716	66
179.606354	0.197372	66
179.803726	0.104477	65
179.908203	0.185760	65
180.093964	0.116104	64
180.210068	0.197372	70
180.407440	0.267029	70
180.674469	0.162537	63
180.837006	0.301865	70
181.138870	0.197372	68
181.336243	0.429565	68
181.765808	0.185760	66
181.951569	0.301849	64
182.253418	0.174149	64
182.427567	0.267044	64
182.694611	0.197357	63
182.891968	0.104492	63
182.996460	0.313477	70
183.309937	0.301849	71
183.611786	0.313477	70
183.925262	0.197372	68
184.122635	0.116089	67
184.238724	0.313477	67
184.552200	0.174149	65
184.726349	0.278641	63
185.004990	0.487625	64
185.492615	0.313461	66
185.806076	0.301865	67
186.107941	0.313461	62
186.421402	0.301865	62
186.723267	0.313461	64
187.036728	0.301865	64
187.338593	0.313477	65
187.652069	0.301849	65
187.953918	0.313477	65
188.267395	0.301849	66
188.569244	0.313477	65
188.882721	0.313477	65
189.196198	0.301849	65
189.498047	0.174149	67
189.672195	0.139328	70
189.811523	0.290253	65
190.101776	0.313461	65
190.415237	0.290253	63
190.705490	0.325073	63
191.030563	0.313477	63
191.344040	0.313461	63
191.657501	0.313477	68
191.970978	0.220581	71
192.191559	0.081268	71
192.272827	0.313477	64
192.586304	0.301865	66
192.888168	0.313461	68
193.201630	0.313477	66
193.515106	0.313461	67
193.828568	0.301865	65
194.130432	0.290253	64
194.420685	0.325073	63
194.745758	0.313477	65
195.059235	0.313461	67
195.372696	0.313477	63
195.686172	0.301849	61
195.988022	0.301865	66
196.289886	0.325073	70
196.614960	0.301865	64
196.916824	0.313477	63
197.230301	0.301849	65
197.532150	0.313477	66
197.845627	0.301849	62
198.147476	0.313477	60
198.460953	0.313477	63
198.774429	0.301849	63
199.076279	0.325089	64
199.401367	0.290237	63
199.691605	0.325089	64
200.016693	0.208969	64
200.225662	0.104492	64
200.330154	0.301865	63
200.632019	0.313461	63
200.945480	0.313477	63
201.258957	0.301865	63
201.560822	0.301849	63
201.862671	0.313477	61
202.176147	0.313461	67
202.489609	0.301865	67
202.791473	0.313477	68
203.104950	0.301849	66
203.406799	0.313477	68
203.720276	0.313461	71
204.033737	0.278641	71
204.312378	0.336685	64
204.649063	0.301865	65
204.950928	0.313477	67
205.264404	0.313461	63
205.577866	0.313477	60
205.891342	0.301849	62
206.193192	0.325089	65
206.518280	0.301849	64
206.820129	0.313477	63
207.133606	0.301865	65
207.435471	0.313461	66
207.748932	0.301865	62
208.050797	0.185760	61
208.236557	0.139313	60
208.375870	0.290253	61
208.666122	0.232193	64
208.898315	0.081284	64
208.979599	0.220581	63
209.200180	0.092880	63
209.293060	0.603714	0
209.896774	0.313477	0
210.210251	0.220581	63
210.430832	0.139328	64
210.570160	8.049683	63
