6.861496	0.197370	77
7.058866	0.406349	79
7.465215	0.452789	77
7.918005	0.557279	65
8.475284	0.185760	0
8.661043	0.325079	63
8.986122	0.313470	65
9.299592	0.359909	67
9.659501	1.532517	61
11.192019	0.313469	63
11.505487	0.220590	65
11.726077	0.139319	65
11.865396	0.267030	67
12.132426	0.104490	64
12.236917	2.043356	61
14.280272	0.290249	55
14.570521	0.243810	58
14.814331	0.104490	58
14.918821	0.394739	67
15.313560	0.243809	68
15.557369	0.185760	68
15.743129	0.034830	67
15.777959	0.104490	67
15.882449	0.243810	68
16.126259	0.429569	68
16.555828	0.580498	68
17.136326	0.545670	0
17.681995	0.313469	0
17.995464	0.197371	66
18.192835	0.139318	66
18.332153	0.150930	67
18.483084	0.325079	68
18.808163	0.116100	67
18.924263	0.336689	68
19.260952	0.162540	77
19.423492	0.174149	67
19.597641	0.267031	64
19.864672	0.429569	67
20.294241	0.534058	68
20.828299	0.267031	67
21.095329	0.452789	67
21.548119	0.150928	68
21.699047	0.313471	68
22.012518	0.986847	0
22.999365	0.243811	61
23.243176	0.208979	64
23.452154	0.278639	68
23.730793	0.313471	67
24.044264	0.185759	66
24.230022	0.127710	65
24.357733	0.243809	65
24.601542	0.197371	61
24.798912	0.139318	67
24.938231	0.127710	67
25.065941	0.336689	63
25.402630	0.174150	63
25.576780	0.174149	0
25.750929	0.197371	63
25.948299	0.336689	68
26.284988	0.417959	67
26.702948	0.592110	64
27.295057	0.208979	63
27.504036	0.174150	62
27.678186	0.208979	56
27.887165	0.336689	57
28.223854	0.534060	62
28.757914	0.127710	62
28.885624	0.336689	63
29.222313	0.208979	64
29.431292	4.632383	61
34.063675	0.290249	62
34.353924	0.174149	63
34.528072	0.394741	67
34.922813	0.104488	67
35.027302	0.174149	64
35.201450	0.104492	63
35.305943	0.325077	63
35.631020	0.336689	58
35.967709	0.952019	58
36.919727	0.255421	58
37.175148	0.267029	57
37.442177	0.104488	58
37.546665	0.719822	66
38.266487	0.441177	68
38.707664	0.243809	68
38.951473	0.081272	67
39.032745	0.301857	65
39.334602	0.127712	63
39.462315	0.452789	67
39.915104	0.336689	65
40.251793	0.301857	63
40.553650	0.220589	63
40.774239	0.545670	63
41.319908	0.104492	62
41.424400	0.116100	64
41.540501	0.255417	64
41.795918	0.371521	60
42.167439	0.139320	60
42.306759	0.359909	61
42.666668	0.150928	61
42.817596	0.255421	62
43.073017	0.139320	63
43.212337	0.139317	64
43.351654	0.336689	68
43.688343	0.325081	67
44.013424	0.081268	66
44.094692	0.174152	65
44.268845	0.197369	63
44.466213	0.278641	67
44.744854	0.116100	66
44.860954	0.127708	63
44.988663	0.208981	61
45.197643	0.267029	63
45.464672	0.243809	66
45.708481	0.232201	69
45.940681	0.104488	68
46.045170	0.278641	68
46.323811	0.441177	65
46.764988	0.139320	63
46.904308	0.476009	63
47.380318	0.406349	59
47.786667	0.267029	55
48.053696	0.116100	56
48.169796	0.615330	61
48.785126	0.290249	63
49.075375	0.116100	63
49.191475	4.794918	60
53.986393	0.441181	0
54.427574	0.406349	71
54.833923	0.139320	68
54.973244	0.441177	67
55.414421	0.162540	66
55.576962	0.325081	66
55.902042	0.185757	61
56.087799	0.348301	63
56.436100	0.255421	0
56.691521	0.267029	71
56.958549	0.208981	71
57.167530	0.116096	72
57.283627	0.267033	71
57.550659	0.139317	68
57.689976	0.232201	67
57.922176	0.255421	67
58.177597	0.058048	66
58.235645	0.139320	66
58.374966	0.185760	63
58.560726	0.301857	63
58.862583	0.255421	63
59.118004	0.058052	64
59.176056	0.301857	65
59.477913	0.162540	66
59.640453	0.058048	68
59.698502	0.255421	64
59.953922	0.174149	63
60.128071	0.150932	64
60.279003	0.162540	0
60.441544	0.092876	0
60.534420	0.185760	66
60.720181	0.185760	67
60.905941	0.278641	64
61.184582	0.301857	64
61.486439	0.278641	66
61.765079	0.185760	67
61.950840	0.441177	66
62.392017	0.104492	67
62.496510	0.174149	65
62.670658	0.278641	66
62.949299	0.116096	65
63.065395	0.232201	0
63.297596	0.336689	61
63.634285	0.243809	63
63.878094	0.290249	63
64.168343	0.208984	0
64.377327	0.220589	70
64.597916	0.232201	68
64.830116	0.638542	67
65.468658	0.336693	66
65.805351	0.185760	62
65.991112	0.348297	64
66.339409	0.220589	70
66.559998	0.394745	71
66.954742	0.197365	70
67.152107	0.325081	70
67.477188	0.208977	68
67.686165	0.150932	68
67.837097	0.243813	67
68.080910	0.046440	66
68.127350	0.127708	66
68.255058	0.278641	63
68.533699	0.510834	63
69.044533	0.174149	66
69.218681	0.150932	66
69.369614	0.116104	66
69.485718	0.197365	67
69.683083	0.325081	62
70.008163	0.267029	60
70.275192	0.592110	64
70.867302	0.092880	63
70.960182	2.147842	65
73.108025	0.801094	64
73.909119	0.232193	63
74.141312	0.290253	63
74.431564	1.462860	63
75.894424	0.232201	0
76.126625	0.208977	65
76.335602	0.406349	67
76.741951	0.452789	66
77.194740	0.441177	65
77.635918	0.290253	0
77.926170	0.348297	63
78.274467	0.301857	65
78.576324	0.359909	67
78.936234	1.520912	61
80.457146	0.325073	63
80.782219	0.220596	65
81.002815	0.081268	65
81.084084	0.058044	64
81.142128	0.267036	67
81.409164	2.368431	61
83.777596	0.348297	0
84.125893	0.336693	67
84.462585	0.336685	67
84.799271	0.336693	67
85.135963	0.162537	67
85.298500	0.429573	67
85.728073	0.139320	66
85.867393	0.185760	63
86.053154	0.243805	63
86.296959	0.348305	59
86.645264	0.464394	58
87.109657	0.162544	56
87.272202	0.208977	65
87.481178	0.394737	67
87.875916	0.081276	69
87.957191	0.162537	68
88.119728	0.116096	68
88.235825	0.197372	68
88.433197	0.139320	65
88.572517	0.301857	65
88.874374	0.243813	64
89.118187	0.301857	67
89.420044	0.208984	64
89.629028	0.406349	63
90.035378	0.185753	63
90.221130	0.069664	60
90.290794	0.092880	62
90.383675	0.290245	63
90.673920	0.150932	63
90.824852	0.139320	63
90.964172	0.150932	65
91.115105	0.150925	65
91.266029	0.092880	66
91.358910	0.220589	66
91.579498	0.371521	63
91.951019	0.325081	61
92.276100	0.139320	0
92.415421	0.267029	0
92.682449	0.162537	67
92.844986	0.325081	68
93.170067	0.162544	68
93.332611	0.127708	66
93.460320	0.174149	66
93.634468	0.139320	65
93.773788	0.174149	64
93.947937	0.139320	67
94.087257	0.116096	67
94.203354	0.476013	63
94.679367	0.232201	63
94.911568	0.232193	0
95.143761	0.150932	67
95.294693	0.255417	68
95.550110	0.394745	66
95.944855	0.127708	65
96.072563	0.174149	63
96.246712	0.197372	62
96.444084	0.220589	62
96.664673	0.638550	58
97.303223	0.150925	55
97.454147	0.162544	57
97.616692	0.139320	57
97.756012	0.626938	62
98.382950	0.290245	63
98.673195	0.394745	61
99.067940	0.127708	60
99.195648	0.162537	60
99.358185	0.615334	60
99.973518	0.325073	62
100.298592	0.359909	63
100.658501	0.139320	64
100.797821	0.476013	63
101.273834	0.208977	0
101.482811	0.139320	66
101.622131	0.301857	67
101.923988	0.383133	67
102.307121	0.104492	67
102.411613	0.116096	66
102.527710	0.197372	67
102.725082	0.208977	67
102.934059	0.092880	65
103.026939	0.208977	64
103.235916	0.092880	64
103.328796	0.232201	63
103.560997	0.092880	58
103.653877	0.150932	59
103.804810	0.452789	67
104.257599	0.046440	67
104.304039	0.301857	64
104.605896	0.220589	63
104.826485	0.278641	60
105.105125	0.719818	58
105.824944	0.325081	58
106.150024	0.150925	58
106.300949	0.208984	57
106.509933	0.232201	58
106.742134	0.162537	59
106.904671	0.104492	58
107.009163	0.383125	64
107.392288	0.127708	67
107.519997	0.185760	63
107.705757	0.325081	68
108.030838	0.301857	67
108.332695	0.313477	65
108.646172	0.174149	63
108.820320	0.406349	67
109.226669	0.348297	64
109.574966	0.348297	63
109.923264	0.255424	63
110.178688	0.336685	63
110.515373	0.267029	63
110.782402	0.255424	65
111.037827	0.058044	64
111.095871	0.673378	61
111.769249	0.197372	61
111.966621	0.301857	0
112.268478	0.359909	0
112.628387	0.162544	69
112.790932	0.150925	68
112.941856	0.197372	67
113.139229	0.290253	65
113.429482	0.278633	64
113.708115	0.301865	67
114.009979	0.116096	68
114.126076	0.162544	0
114.288620	0.185753	62
114.474373	0.174156	65
114.648529	0.092880	65
114.741409	0.232193	68
114.973602	0.325081	69
115.298683	0.197372	67
115.496056	0.220589	67
115.716644	0.348297	65
116.064941	0.162544	63
116.227486	0.243805	67
116.471291	0.348305	66
116.819595	0.150925	66
116.970520	0.174149	66
117.144669	0.255424	68
117.400093	0.127708	67
117.527802	0.406349	68
117.934151	0.174149	67
118.108299	0.162537	64
118.270836	0.267029	66
118.537865	0.313477	64
118.851341	0.208977	63
119.060318	0.104492	63
119.164810	0.290245	61
119.455055	0.278641	60
119.733696	0.626938	63
120.360634	0.626938	65
120.987572	0.290253	65
121.277824	0.162537	66
121.440361	0.104492	65
121.544853	0.777870	64
122.322723	0.081268	63
122.403992	0.220589	63
122.624580	0.626938	63
123.251518	0.452789	0
123.704308	0.394737	71
124.099045	0.162544	68
124.261589	0.429565	67
124.691154	0.162544	66
124.853699	0.336685	65
125.190384	0.174149	62
125.364532	0.348305	63
125.712837	0.255417	0
125.968254	0.255417	70
126.223671	0.220589	71
126.444260	0.116104	71
126.560364	0.267029	71
126.827393	0.150932	68
126.978325	0.220589	67
127.198914	0.313469	67
127.512383	0.139320	66
127.651703	0.185760	63
127.837463	0.301849	63
128.139313	0.267044	63
128.406357	0.046432	64
128.452789	0.301865	65
128.754654	0.150925	66
128.905579	0.069656	68
128.975235	0.255417	64
129.230652	0.174149	63
129.404800	0.150940	63
129.555740	0.174149	0
129.729889	0.092880	0
129.822769	0.174149	66
129.996918	0.197372	67
130.194290	0.267029	64
130.461319	0.301849	64
130.763168	0.278641	66
131.041809	0.185760	67
131.227570	0.116104	65
131.343674	0.325073	67
131.668747	0.116104	67
131.784851	0.162537	65
131.947388	0.267029	66
132.214417	0.127716	65
132.342133	0.232193	65
132.574326	0.348312	61
132.922638	0.232193	64
133.154831	0.290253	63
133.445084	0.220581	75
133.665665	0.208984	70
133.874649	0.243805	69
134.118454	0.476013	68
134.594467	0.162537	66
134.757004	0.325089	65
135.082092	0.185760	62
135.267853	0.232193	63
135.500046	0.116104	64
135.616150	0.220581	69
135.836731	0.394745	71
136.231476	0.197372	70
136.428848	0.325073	70
136.753922	0.220596	68
136.974518	0.139313	68
137.113831	0.243805	67
137.357635	0.046448	66
137.404083	0.127701	66
137.531784	0.278641	63
137.810425	0.510849	63
138.321274	0.174149	66
138.495422	0.150925	66
138.646347	0.092880	65
138.739227	0.220596	67
138.959824	0.325073	62
139.284897	0.267029	59
139.551926	0.371521	63
139.923447	0.220596	64
140.144043	0.092880	63
140.236923	2.136230	65
142.373154	0.592102	63
142.965256	0.220596	0
143.185852	0.243805	63
143.429657	0.325089	63
143.754745	0.116089	66
143.870834	0.232208	67
144.103043	0.336685	67
144.439728	0.325073	67
144.764801	0.510849	67
145.275650	0.325073	67
145.600723	0.232208	66
145.832932	0.150925	0
145.983856	0.325073	65
146.308929	0.197372	63
146.506302	0.348297	66
146.854599	0.290253	62
147.144852	0.232193	65
147.377045	0.058060	65
147.435104	0.232193	63
147.667297	0.197372	64
147.864670	0.197372	70
148.062042	0.174149	71
148.236191	0.139313	69
148.375504	0.174164	67
148.549667	0.174149	66
148.723816	0.394730	65
149.118546	0.139328	67
149.257874	0.127701	64
149.385574	0.220596	0
149.606171	0.220581	66
149.826752	0.278641	67
150.105392	0.150940	67
150.256332	0.208969	67
150.465302	0.220596	63
150.685898	0.185760	63
150.871658	0.150925	64
151.022583	0.232208	66
151.254791	0.232193	63
151.486984	0.150925	63
151.637909	0.127716	62
151.765625	0.290253	64
152.055878	0.162537	65
152.218414	0.208984	66
152.427399	0.197357	64
152.624756	0.081268	63
152.706024	0.185760	63
152.891785	0.185760	62
153.077545	0.127716	62
153.205261	0.313461	64
153.518723	0.278641	62
153.797363	0.174149	67
153.971512	0.162552	68
154.134064	0.208969	68
154.343033	0.116104	68
154.459137	0.510834	70
154.969971	0.325089	71
155.295059	0.092880	71
155.387939	0.243805	71
155.631744	0.092880	70
155.724625	0.092880	67
155.817505	0.267029	65
156.084534	0.104492	0
156.189026	0.069656	0
156.258682	0.197372	65
156.456055	0.139313	65
156.595367	0.150940	65
156.746307	0.162537	64
156.908844	0.150925	63
157.059769	0.139328	61
157.199097	0.185760	64
157.384857	0.255417	63
157.640274	0.290253	67
157.930527	0.336685	63
158.267212	0.150925	64
158.418137	0.313477	61
158.731613	0.232193	59
158.963806	0.255417	59
159.219223	0.116104	61
159.335327	0.185760	64
159.521088	0.162537	65
159.683624	0.197372	67
159.880997	0.104492	67
159.985489	0.499222	63
160.484711	0.139328	63
160.624039	0.290253	65
160.914291	0.185760	64
161.100052	0.174149	64
161.274200	0.243805	61
161.518005	0.255417	58
161.773422	0.174149	63
161.947571	0.162537	65
162.110107	0.243820	64
162.353928	0.069656	61
162.423584	0.034836	63
162.458420	0.220581	64
162.679001	0.255417	64
162.934418	0.359909	0
163.294327	0.394745	71
163.689072	0.150925	68
163.839996	0.441177	67
164.281174	0.162552	66
164.443726	0.336685	65
164.780411	0.174149	62
164.954559	0.348297	64
165.302856	0.255417	0
165.558273	0.476013	71
166.034286	0.116104	72
166.150391	0.267029	71
166.417419	0.139313	68
166.556732	0.232208	68
166.788940	0.313461	67
167.102402	0.139328	66
167.241730	0.185760	63
167.427490	0.301849	63
167.729340	0.255417	63
167.984756	0.058060	64
168.042816	0.301849	65
168.344666	0.162552	66
168.507217	0.058044	68
168.565262	0.255417	64
168.820679	0.174149	63
168.994827	0.150940	63
169.145767	0.267029	0
169.412796	0.174149	66
169.586945	0.185760	67
169.772705	0.278625	64
170.051331	0.301865	64
170.353195	0.278641	66
170.631836	0.174149	67
170.805984	0.452789	66
171.258774	0.104492	67
171.363266	0.174149	65
171.537415	0.267029	66
171.804443	0.127716	65
171.932159	0.232193	0
172.164352	0.336685	61
172.501038	0.243820	63
172.744858	0.290237	63
173.035095	0.220596	0
173.255692	0.208984	70
173.464676	0.232193	69
173.696869	0.638550	67
174.335419	0.336685	65
174.672104	0.185760	62
174.857864	0.336700	64
175.194565	0.232193	69
175.426758	0.394745	71
175.821503	0.197357	70
176.018860	0.325089	70
176.343948	0.208984	68
176.552933	0.150925	68
176.703857	0.232193	67
176.936050	0.058060	66
176.994110	0.127701	66
177.121811	0.278641	63
177.400452	0.510834	63
177.911285	0.174164	66
178.085449	0.139313	66
178.224762	0.116104	66
178.340866	0.185760	67
178.526627	0.313461	62
178.840088	0.185760	61
179.025848	0.104492	58
179.130341	0.592102	64
179.722443	0.150940	63
179.873383	0.278641	64
180.152023	0.058044	66
180.210068	0.162537	66
180.372604	0.476013	66
180.848618	0.069656	66
180.918274	1.509293	66
182.427567	0.290253	64
182.717819	0.174149	62
182.891968	0.255432	74
183.147400	0.208969	70
183.356369	0.046448	70
183.402817	0.197357	69
183.600174	0.476013	68
184.076187	0.162537	66
184.238724	0.325089	66
184.563812	0.185760	62
184.749573	0.232193	63
184.981766	0.116104	64
185.097870	0.220581	64
185.318451	0.394745	71
185.713196	0.197372	70
185.910568	0.325073	70
186.235641	0.220596	68
186.456238	0.139313	68
186.595551	0.243820	67
186.839371	0.046432	65
186.885803	0.139328	66
187.025131	0.267029	63
187.292160	0.510834	63
187.802994	0.174149	66
187.977142	0.034836	66
188.011978	0.127701	66
188.139679	0.104492	66
188.244171	0.208984	67
188.453156	0.313461	62
188.766617	0.267029	59
189.033646	0.603729	64
189.637375	0.081268	63
189.718643	2.147842	65
191.866486	0.499222	64
192.365707	0.359909	0
192.725616	0.243820	63
192.969437	1.660217	63
194.629654	0.267029	0
194.896683	0.208984	66
195.105667	0.394745	67
195.500412	0.452789	66
195.953201	0.197372	65
196.150574	0.232193	0
196.382767	0.290253	0
196.673019	0.383133	64
197.056152	0.290237	66
197.346390	0.359909	67
197.706299	0.615341	62
198.321640	0.893967	61
199.215607	0.325073	63
199.540680	0.232193	65
199.772873	0.069672	65
199.842545	0.325073	66
200.167618	2.089798	61
202.257416	0.371521	0
202.628937	0.243805	63
202.872742	1.660233	63
204.532974	0.267029	0
204.800003	0.208969	65
205.008972	0.394745	67
205.403717	0.452789	66
205.856506	0.417953	65
206.274460	0.301865	0
206.576324	0.359909	63
206.936234	0.313477	66
207.249710	0.348297	67
207.598007	0.626938	62
208.224945	0.893967	61
209.118912	0.336685	63
209.455597	0.220596	65
209.676193	0.069656	65
209.745850	0.325073	66
210.070923	2.113022	61
212.183945	0.336685	0
212.520630	0.243820	63
212.764450	5.070648	63
