5.746939	0.243810	0
5.990748	0.255419	0
6.246168	0.476009	0
6.722177	0.232199	0
6.954376	0.255420	0
7.209796	0.464399	0
7.674195	0.290250	0
7.964445	0.452789	0
8.417233	0.243810	0
8.661043	0.162539	0
8.823583	0.208980	0
9.032562	0.058050	0
9.090612	0.626939	0
9.717551	0.429569	84
10.147120	0.383129	64
10.530250	0.139319	64
10.669569	0.487619	61
11.157188	0.336689	59
11.493877	0.371519	58
11.865396	0.290250	58
12.155646	0.058050	59
12.213696	0.359909	59
12.573606	0.290249	60
12.863854	0.220590	62
13.084444	0.359910	64
13.444354	0.220590	64
13.664944	0.162539	64
13.827483	0.290249	64
14.117732	0.441179	63
14.558911	0.290250	61
14.849161	0.104489	60
14.953650	0.116100	59
15.069751	1.845986	58
16.915737	0.150930	0
17.066668	0.499228	57
17.565895	0.092880	58
17.658775	0.092880	59
17.751656	0.278639	60
18.030294	0.371519	64
18.401814	0.127710	64
18.529524	0.243809	0
18.773333	0.174150	0
18.947483	0.394739	60
19.342222	0.348299	59
19.690521	0.592110	59
20.282631	0.197369	60
20.480000	0.104490	60
20.584490	0.116100	60
20.700590	0.150928	62
20.851519	0.116100	64
20.967619	0.336689	64
21.304308	0.371519	64
21.675827	0.313471	64
21.989298	0.313469	64
22.302767	0.185759	0
22.488525	0.301861	60
22.790386	1.880816	58
24.671202	0.127710	0
24.798912	0.580498	0
25.379410	0.534060	55
25.913469	0.626940	57
26.540409	0.185759	60
26.726168	0.476009	58
27.202177	0.371519	59
27.573696	0.278639	59
27.852335	0.348299	59
28.200634	0.127710	60
28.328344	0.069660	60
28.398005	0.243809	62
28.641813	0.417959	60
29.059772	0.452789	60
29.512562	0.267031	0
29.779593	0.267029	0
30.046621	0.220589	60
30.267210	0.278641	62
30.545851	0.092880	64
30.638731	0.847527	64
31.486258	0.116100	64
31.602358	0.557280	64
32.159637	0.116100	62
32.275738	0.081268	62
32.357006	0.406349	0
32.763355	0.743038	59
33.506393	0.174152	0
33.680546	0.325077	0
34.005623	0.127712	0
34.133335	0.092876	0
34.226212	0.406349	59
34.632561	0.336693	59
34.969254	0.255417	59
35.224670	0.069660	59
35.294331	0.429569	59
35.723900	0.371521	64
36.095421	0.162537	62
36.257957	0.452789	60
36.710747	0.417961	58
37.128708	0.336689	57
37.465397	0.208981	57
37.674377	0.487617	57
38.161995	0.255421	0
38.417416	0.232201	0
38.649616	0.255417	0
38.905033	0.127712	0
39.032745	0.081268	0
39.114014	0.290249	0
39.404263	0.243809	0
39.648071	0.232201	0
39.880272	0.243809	0
40.124081	0.243809	0
40.367889	0.232201	0
40.600090	0.255421	0
40.855511	0.243809	0
41.099319	0.069660	0
41.168980	0.429569	59
41.598549	0.243809	65
41.842358	0.139320	64
41.981678	0.116100	64
42.097778	0.185760	63
42.283539	0.046440	62
42.329979	0.255417	60
42.585396	0.255421	59
42.840816	0.127708	59
42.968525	0.092880	58
43.061405	0.499229	59
43.560635	0.243809	59
43.804443	0.162540	59
43.966984	0.092880	60
44.059864	0.174149	60
44.234013	0.267029	62
44.501041	0.208981	64
44.710022	0.081272	0
44.791294	0.232197	64
45.023491	0.243813	64
45.267303	0.278637	65
45.545940	0.092880	64
45.638821	0.150928	64
45.789749	0.174152	63
45.963902	0.174149	62
46.138050	0.359909	59
46.497959	0.255421	59
46.753380	0.243809	59
46.997189	0.232201	60
47.229389	0.255417	59
47.484806	0.243813	58
47.728619	0.243809	56
47.972427	0.255417	56
48.227844	0.162540	56
48.390385	0.092880	55
48.483265	0.232201	0
48.715466	0.150928	0
48.866394	0.092880	0
48.959274	0.232201	0
49.191475	0.267029	60
49.458504	0.243809	63
49.702312	0.139320	64
49.841633	0.116100	63
49.957733	0.220589	62
50.178322	0.243809	62
50.422131	0.278641	59
50.700771	0.232201	58
50.932972	0.243809	0
51.176781	0.243809	58
51.420589	0.243809	58
51.664398	0.232201	58
51.896599	0.255421	60
52.152020	0.243809	62
52.395828	0.267029	64
52.662857	0.220589	64
52.883446	0.232201	64
53.115646	0.267029	64
53.382675	0.255421	64
53.638096	0.243809	62
53.881905	0.232201	62
54.114105	0.267029	59
54.381134	0.243809	60
54.624943	0.232201	59
54.857143	0.232201	57
55.089344	0.243809	56
55.333153	0.255417	56
55.588570	0.255421	57
55.843990	0.127712	0
55.971703	0.116096	0
56.087799	0.243813	0
56.331612	0.267029	0
56.598640	0.232197	0
56.830837	0.220592	0
57.051430	0.267029	56
57.318459	0.255421	57
57.573879	0.232197	59
57.806076	0.220592	59
58.026669	0.278637	59
58.305305	0.243809	59
58.549114	0.243813	59
58.792927	0.243809	59
59.036736	0.255417	59
59.292152	0.232201	59
59.524353	0.220589	59
59.744942	0.034832	59
59.779774	0.243809	59
60.023582	0.220589	62
60.244171	0.290249	60
60.534420	0.232201	59
60.766621	0.232201	59
60.998821	0.185760	0
61.184582	0.058048	0
61.242630	0.243809	0
61.486439	0.243813	59
61.730251	0.255417	62
61.985668	0.116100	64
62.101768	0.139320	0
62.241089	0.441177	65
62.682266	0.255421	65
62.937687	0.278641	65
63.216328	0.243809	64
63.460136	0.243809	63
63.703945	0.243809	61
63.947754	0.255424	58
64.203178	0.267029	60
64.470207	0.208977	59
64.679184	0.243813	59
64.922997	0.255417	58
65.178413	0.243813	0
65.422226	0.243805	0
65.666031	0.243813	0
65.909843	0.243805	0
66.153648	0.255424	0
66.409073	0.243805	0
66.652878	0.092880	0
66.745758	0.406349	58
67.152107	0.243813	64
67.395920	0.243805	62
67.639725	0.487625	60
68.127350	0.255417	59
68.382767	0.232201	57
68.614967	0.255417	56
68.870384	0.243813	57
69.114197	0.243805	57
69.358002	0.243813	0
69.601814	0.243813	58
69.845627	0.243805	56
70.089432	0.243813	55
70.333244	0.174149	0
70.507393	0.081268	0
70.588661	0.208977	0
70.797638	0.139320	0
70.936958	0.150932	0
71.087891	0.243813	64
71.331703	0.139320	62
71.471024	0.104485	69
71.575508	0.243813	70
71.819321	0.232201	76
72.051521	0.220589	81
72.272110	0.278641	75
72.550751	0.255417	78
72.806168	0.220589	79
73.026756	0.267029	79
73.293785	0.232201	79
73.525986	0.243813	71
73.769798	0.255417	71
74.025215	0.255417	74
74.280632	0.232201	88
74.512833	0.220589	88
74.733421	0.174149	88
74.907570	0.359917	86
75.267487	0.139313	86
75.406799	0.092880	74
75.499680	0.267029	77
75.766708	0.220596	76
75.987305	0.267029	77
76.254333	0.220589	77
76.474922	0.255417	77
76.730339	0.232201	84
76.962540	0.267029	78
77.229568	0.232201	81
77.461769	0.243813	83
77.705582	0.255417	80
77.960999	0.243805	74
78.204803	0.232201	74
78.437004	0.243813	76
78.680817	0.139320	0
78.820137	0.139320	76
78.959457	0.232201	82
79.191658	0.139320	84
79.330978	0.092880	83
79.423859	0.220589	83
79.644447	0.267029	74
79.911476	0.278641	74
80.190117	0.208977	0
80.399094	0.267029	72
80.666122	0.243813	72
80.909935	0.243805	71
81.153740	0.232201	71
81.385941	0.255417	68
81.641357	0.197372	68
81.838730	0.058052	76
81.896782	0.243805	75
82.140587	0.232201	74
82.372787	0.174149	73
82.546936	0.081276	74
82.628212	0.487617	83
83.115829	0.162537	74
83.278366	0.081268	76
83.359634	0.243813	83
83.603447	0.255417	83
83.858864	0.383133	79
84.241997	0.104492	73
84.346489	0.255417	74
84.601906	0.232201	73
84.834106	0.243805	72
85.077911	0.243813	71
85.321724	0.243813	71
85.565536	0.255417	71
85.820953	0.255417	71
86.076370	0.232201	67
86.308571	0.197372	68
86.505943	0.290245	72
86.796188	0.174149	72
86.970337	0.081276	73
87.051613	0.232193	75
87.283806	0.267036	74
87.550842	0.220589	66
87.771431	0.290245	75
88.061676	0.220589	76
88.282265	0.243813	76
88.526077	0.232201	68
88.758278	0.278641	68
89.036919	0.197365	68
89.234283	0.267029	68
89.501312	0.255424	70
89.756737	0.255417	70
90.012154	0.197372	71
90.209526	0.522446	66
90.731972	0.243813	64
90.975784	0.150925	62
91.126709	0.116104	62
91.242813	0.487617	68
91.730431	0.383133	61
92.113564	0.116096	59
92.229660	0.232201	58
92.461861	0.243805	58
92.705666	0.243813	0
92.949478	0.255417	0
93.204895	0.150932	0
93.355827	0.081268	0
93.437096	0.255424	0
93.692520	0.243805	0
93.936325	0.174149	0
94.110474	0.081276	0
94.191750	0.476006	63
94.667755	0.185760	64
94.853516	0.081268	63
94.934784	0.150932	62
95.085716	0.092880	62
95.178596	0.476006	71
95.654602	0.267029	61
95.921631	0.208984	61
96.130615	0.255417	61
96.386032	0.243813	61
96.629845	0.243805	60
96.873650	0.197372	60
97.071022	0.058052	60
97.129074	0.243805	0
97.372879	0.150932	0
97.523811	0.220589	0
97.744400	0.359909	64
98.104309	0.220589	64
98.324898	0.046440	65
98.371338	0.232201	64
98.603539	0.255417	63
98.858955	0.197372	62
99.056328	0.162537	62
99.218864	0.371521	61
99.590385	0.255417	62
99.845802	0.220589	62
100.066391	0.255424	61
100.321815	0.232201	61
100.554016	0.267029	59
100.821045	0.232201	58
101.053246	0.255417	58
101.308662	0.243813	58
101.552475	0.255417	0
101.807892	0.232201	0
102.040092	0.243805	0
102.283897	0.243813	0
102.527710	0.255417	0
102.783127	0.197372	0
102.980499	0.034828	0
103.015327	0.243813	0
103.259140	0.255417	53
103.514557	0.255417	53
103.769974	0.243813	0
104.013786	0.232201	59
104.245987	0.499229	64
104.745216	0.150932	64
104.896149	0.116096	64
105.012245	0.162537	64
105.174782	0.069664	62
105.244446	0.243805	61
105.488251	0.255424	59
105.743675	0.220589	59
105.964264	0.232201	0
106.196465	0.116096	0
106.312561	0.162544	60
106.475105	0.243805	59
106.718910	0.255424	60
106.974335	0.220589	62
107.194923	0.255417	62
107.450340	0.243813	64
107.694153	0.232193	63
107.926346	0.185760	64
108.112106	0.325081	64
108.437187	0.232201	64
108.669388	0.255417	63
108.924805	0.243813	62
109.168617	0.243813	60
109.412430	0.267029	59
109.679459	0.220589	59
109.900047	0.255417	59
110.155464	0.232201	57
110.387665	0.255417	0
110.643082	0.243813	57
110.886894	0.243805	57
111.130699	0.162544	56
111.293243	0.104492	54
111.397736	0.162537	0
111.560272	0.255417	0
111.815689	0.232201	59
112.047890	0.325081	60
112.372971	0.232201	64
112.605171	0.185760	64
112.790932	0.081268	64
112.872200	0.104492	0
112.976692	0.150925	61
113.127617	0.220589	60
113.348206	0.255424	59
113.603630	0.197365	58
113.800995	0.278641	0
114.079636	0.255424	58
114.335060	0.232193	59
114.567253	0.174156	59
114.741409	0.081268	59
114.822678	0.255417	61
115.078094	0.220589	62
115.298683	0.208984	64
115.507668	0.301857	64
115.809525	0.220589	64
116.030113	0.267029	64
116.297142	0.243813	65
116.540955	0.174149	64
116.715103	0.081268	63
116.796371	0.162537	63
116.958908	0.081276	62
117.040184	0.232201	62
117.272385	0.139313	59
117.411697	0.127716	59
117.539413	0.174149	60
117.713562	0.301857	58
118.015419	0.243813	57
118.259232	0.243805	56
118.503036	0.243813	0
118.746849	0.139320	0
118.886169	0.104485	0
118.990654	0.255424	69
119.246078	0.255417	69
119.501495	0.232201	69
119.733696	0.255417	69
119.989113	0.104492	72
120.093605	0.371521	62
120.465126	0.162537	57
120.627663	0.092880	58
120.720543	0.197372	59
120.917915	0.267029	60
121.184944	0.290245	59
121.475189	0.220596	59
121.695786	0.243805	59
121.939590	0.255424	58
122.195015	0.243805	59
122.438820	0.487617	60
122.926437	0.243813	62
123.170250	0.255417	60
123.425667	0.232201	60
123.657867	0.255417	60
123.913284	0.243813	0
124.157097	0.243813	60
124.400909	0.139320	60
124.540230	0.127708	62
124.667938	0.208977	62
124.876915	0.267029	64
125.143944	0.359909	65
125.503853	0.127708	65
125.631561	0.383133	65
126.014694	0.359909	64
126.374603	0.243813	62
126.618416	0.232193	62
126.850609	0.255424	60
127.106033	0.267029	59
127.373062	0.220589	58
127.593651	0.255417	59
127.849068	0.092880	83
127.941948	0.174156	83
128.116104	0.220581	82
128.336685	0.220596	0
128.557281	0.267029	0
128.824310	0.243805	0
129.068115	0.255417	0
129.323532	0.232208	0
129.555740	0.232193	0
129.787933	0.267029	59
130.054962	0.243820	63
130.298782	0.150925	63
130.449707	0.104492	62
130.554199	0.220581	61
130.774780	0.255417	60
131.030197	0.267029	58
131.297226	0.232208	57
131.529434	0.243805	57
131.773239	0.243820	57
132.017059	0.243805	57
132.260864	0.243805	56
132.504669	0.255417	57
132.760086	0.243820	55
133.003906	0.220581	55
133.224487	0.232208	69
133.456696	0.232193	69
133.688889	0.116104	0
133.804993	0.185760	64
133.990753	0.243805	63
134.234558	0.220596	62
134.455154	0.255417	67
134.710571	0.243805	62
134.954376	0.232193	65
135.186569	0.278641	71
135.465210	0.243820	59
135.709030	0.255417	59
135.964447	0.243805	60
136.208252	0.243805	59
136.452057	0.232208	59
136.684265	0.255417	59
136.939682	0.255417	74
137.195099	0.162537	74
137.357635	0.255432	74
137.613068	0.185760	74
137.798828	0.127701	74
137.926529	0.232208	75
138.158737	0.139313	72
138.298050	0.104492	74
138.402542	0.267029	78
138.669571	0.232193	82
138.901764	0.267029	84
139.168793	0.220596	84
139.389389	0.255417	84
139.644806	0.243805	83
139.888611	0.255432	83
140.144043	0.220581	76
140.364624	0.243805	76
140.608429	0.267029	76
140.875458	0.232208	74
141.107666	0.243805	74
141.351471	0.243805	74
141.595276	0.162552	74
141.757828	0.092880	74
141.850708	0.394730	81
142.245438	0.092880	74
142.338318	0.243820	74
142.582138	0.243805	74
142.825943	0.499222	73
143.325165	0.255432	71
143.580597	0.232193	72
143.812790	0.255417	72
144.068207	0.232208	0
144.300415	0.243805	0
144.544220	0.255417	0
144.799637	0.255417	74
145.055054	0.232208	74
145.287262	0.232193	75
145.519455	0.104492	78
145.623947	0.406342	72
146.030289	0.127716	76
146.158005	0.104492	76
146.262497	0.243805	75
146.506302	0.255417	83
146.761719	0.383133	82
147.144852	0.116104	73
147.260956	0.220581	73
147.481537	0.255432	73
147.736969	0.255417	74
147.992386	0.243805	74
148.236191	0.243805	78
148.479996	0.243820	78
148.723816	0.267029	72
148.990845	0.232193	72
149.223038	0.162537	74
149.385574	0.197372	75
149.582947	0.139328	82
149.722275	0.232193	76
149.954468	0.243805	74
150.198273	0.243820	74
150.442093	0.255417	79
150.697510	0.487610	76
151.185120	0.255432	72
151.440552	0.232193	71
151.672745	0.255417	72
151.928162	0.243805	71
152.171967	0.232208	71
152.404175	0.255417	71
152.659592	0.255417	74
152.915009	0.220596	64
153.135605	0.255417	64
153.391022	0.255417	64
153.646439	0.243805	64
153.890244	0.174149	71
154.064392	0.069672	61
154.134064	0.232193	61
154.366257	0.255417	63
154.621674	0.255417	65
154.877090	0.243820	65
155.120911	0.243805	65
155.364716	0.243805	65
155.608521	0.162552	64
155.771072	0.336685	64
156.107758	0.232193	64
156.339951	0.267029	65
156.606979	0.243820	62
156.850800	0.162537	62
157.013336	0.081268	62
157.094604	0.232193	65
157.326797	0.116104	74
157.442902	0.081268	76
157.524170	0.034836	76
157.559006	0.267029	65
157.826035	0.139313	68
157.965347	0.104492	69
158.069839	0.243805	61
158.313644	0.081284	70
158.394928	0.429565	71
158.824493	0.127701	70
158.952194	0.092880	72
159.045074	0.255417	71
159.300491	0.127716	72
159.428207	0.127716	72
159.555923	0.232193	72
159.788116	0.232208	0
160.020325	0.243805	0
160.264130	0.255417	75
160.519547	0.267029	74
160.786575	0.220596	74
161.007172	0.208969	71
161.216141	0.290253	66
161.506393	0.232208	76
161.738602	0.185745	78
161.924347	0.325089	75
162.249435	0.232193	76
162.481628	0.278641	76
162.760269	0.208984	0
162.969254	0.267029	77
163.236282	0.232193	73
163.468475	0.243820	73
163.712296	0.243805	73
163.956100	0.243805	71
164.199905	0.255417	69
164.455322	0.255432	74
164.710754	0.232193	74
164.942947	0.243805	79
165.186752	0.220596	79
165.407349	0.185760	72
165.593109	0.104492	74
165.697601	0.150925	74
165.848526	0.104492	74
165.953018	0.220581	74
166.173599	0.220596	69
166.394196	0.522446	75
166.916641	0.243805	75
167.160446	0.243820	76
167.404266	0.255417	76
167.659683	0.243805	76
167.903488	0.232208	76
168.135696	0.255417	69
168.391113	0.487610	67
168.878723	0.255432	68
169.134155	0.243805	68
169.377960	0.232193	68
169.610153	0.243820	68
169.853973	0.255417	68
170.109390	0.243805	70
170.353195	0.487625	70
170.840820	0.255417	71
171.096237	0.232193	71
171.328430	0.267029	70
171.595459	0.232208	71
171.827667	0.243805	70
172.071472	0.232208	71
172.303680	0.394730	71
172.698410	0.127716	70
172.826126	0.371521	64
173.197647	0.116089	63
173.313736	0.232208	63
173.545944	0.139313	61
173.685257	0.104492	61
173.789749	0.116104	0
173.905853	0.383133	62
174.288986	0.092880	62
174.381866	0.650146	60
175.032013	0.243820	59
175.275833	0.255417	60
175.531250	0.232193	0
175.763443	0.243820	0
176.007263	0.243805	0
176.251068	0.255417	0
176.506485	0.255417	0
176.761902	0.476013	0
177.237915	0.243805	64
177.481720	0.255417	62
177.737137	0.092880	65
177.830017	0.162552	69
177.992569	0.232193	62
178.224762	0.255417	62
178.480179	0.243805	62
178.723984	0.232208	62
178.956192	0.255417	62
179.211609	0.255417	60
179.467026	0.220596	0
179.687622	0.255417	0
179.943039	0.150925	0
180.093964	0.092880	0
180.186844	0.127716	0
180.314560	0.371521	64
180.686081	0.162537	64
180.848618	0.081268	64
180.929886	0.243805	65
181.173691	0.267029	63
181.440720	0.197372	61
181.638092	0.220596	62
181.858688	0.301849	62
182.160538	0.255432	61
182.415970	0.232193	62
182.648163	0.243805	62
182.891968	0.243820	62
183.135788	0.267029	60
183.402817	0.232193	58
183.635010	0.243805	59
183.878815	0.243820	59
184.122635	0.255417	59
184.378052	0.220581	65
184.598633	0.255432	62
184.854065	0.243805	65
185.097870	0.255417	70
185.353287	0.232208	72
185.585495	0.243805	75
185.829300	0.267029	76
186.096329	0.487610	76
186.583939	0.243820	76
186.827759	0.243805	77
187.071564	0.255417	76
187.326981	0.208984	77
187.535965	0.267029	77
187.802994	0.243805	77
188.046799	0.267029	74
188.313828	0.208984	70
188.522812	0.267029	70
188.789841	0.243805	70
189.033646	0.255432	71
189.289078	0.232193	71
189.521271	0.243805	69
189.765076	0.255417	69
190.020493	0.255432	72
190.275925	0.232193	72
190.508118	0.255417	72
190.763535	0.243805	72
191.007339	0.232208	72
191.239548	0.243805	72
191.483353	0.255417	73
191.738770	0.243820	72
191.982590	0.255417	71
192.238007	0.220581	71
192.458588	0.255432	70
192.714020	0.255417	71
192.969437	0.243805	71
193.213242	0.243805	70
193.457047	0.255432	72
193.712479	0.232193	76
193.944672	0.487625	76
194.432297	0.255417	76
194.687714	0.243805	76
194.931519	0.243805	77
195.175323	0.243820	75
195.419144	0.255417	75
195.674561	0.232193	77
195.906754	0.255417	71
196.162170	0.220596	71
196.382767	0.267029	71
196.649796	0.232193	70
196.881989	0.255432	70
197.137421	0.243805	71
197.381226	0.255417	69
197.636642	0.243805	69
197.880447	0.243820	72
198.124268	0.232193	72
198.356461	0.255417	71
198.611877	0.243820	72
198.855698	0.255417	72
199.111115	0.232193	71
199.343307	0.255417	71
199.598724	0.243820	72
199.842545	0.243805	67
200.086349	0.232193	70
200.318542	0.290253	70
200.608795	0.034836	71
200.643631	0.185760	71
200.829391	0.139313	71
200.968704	0.139328	70
201.108032	0.127701	73
201.235733	0.092880	74
201.328613	0.243820	74
201.572433	0.220581	82
201.793015	0.243805	78
202.036819	0.267029	72
202.303848	0.243820	78
202.547668	0.243805	79
202.791473	0.487625	79
203.279099	0.243805	70
203.522903	0.255417	70
203.778320	0.243805	73
204.022125	0.243820	74
204.265945	0.174149	74
204.440094	0.092880	74
204.532974	0.116089	79
204.649063	0.359909	68
205.008972	0.139328	72
205.148300	0.104492	74
205.252792	0.348297	76
205.601089	0.139313	76
205.740402	0.487625	77
206.228027	0.255417	77
206.483444	0.232208	77
206.715652	0.267029	77
206.982681	0.220581	64
207.203262	0.278641	64
207.481903	0.243805	64
207.725708	0.243820	65
207.969528	0.150925	0
208.120453	0.069656	0
208.190109	0.243820	62
208.433929	0.162537	62
208.596466	0.092880	64
208.689346	0.267029	63
208.956375	0.127701	61
209.084076	0.104492	62
209.188568	0.232208	62
209.420776	0.243805	62
209.664581	0.441177	66
210.105759	0.313477	72
210.419235	0.243805	71
210.663040	0.232193	72
210.895233	0.243820	68
211.139053	0.255417	68
211.394470	0.243805	66
211.638275	0.267029	62
211.905304	0.197372	62
212.102676	0.255417	64
212.358093	0.185760	65
212.543854	0.359909	65
212.903763	0.139328	64
213.043091	0.069656	64
213.112747	0.255417	64
213.368164	0.243805	64
213.611969	0.429565	63
214.041534	0.313477	62
214.355011	0.243805	61
214.598816	0.255417	62
214.854233	0.220596	62
215.074829	0.243805	62
215.318634	0.255432	62
215.574066	0.255417	66
215.829483	0.232193	64
216.061676	0.185760	65
216.247437	0.301865	65
216.549301	0.255417	69
216.804718	0.243805	74
217.048523	0.127716	74
217.176239	0.116104	73
217.292343	0.243805	77
217.536148	0.278641	76
217.814789	0.208969	72
218.023758	0.255432	72
218.279190	0.243805	72
218.522995	0.255417	72
218.778412	0.232193	71
219.010605	0.243820	74
219.254425	0.255417	79
219.509842	0.208984	76
219.718826	0.197357	75
219.916183	0.081284	76
219.997467	0.243805	74
220.241272	0.255417	76
220.496689	0.255417	75
220.752106	0.174149	85
220.926254	0.301865	87
221.228119	0.243805	0
221.471924	0.208984	0
221.680908	0.046432	86
221.727341	0.232208	86
221.959549	0.255417	86
222.214966	0.232193	84
222.447159	0.220596	83
222.667755	0.278641	83
222.946396	0.255417	83
223.201813	0.243805	83
223.445618	0.243820	76
223.689438	0.162537	74
223.851974	0.325073	74
224.177048	0.081268	85
224.258316	0.139328	88
224.397644	0.278641	69
224.676285	0.116089	76
224.792374	0.116104	74
224.908478	0.243805	61
225.152283	0.092880	68
225.245163	0.116104	81
225.361267	0.534058	75
225.895325	0.243820	0
226.139145	0.116089	72
226.255234	0.394745	63
226.649979	0.220581	57
226.870560	0.255432	56
227.125992	0.150925	59
227.276917	0.348297	68
227.625214	0.232208	76
227.857422	0.208969	66
228.066391	0.290253	63
228.356644	0.232193	66
228.588837	0.243820	72
228.832657	0.267029	64
229.099686	0.232193	66
229.331879	0.476013	64
229.807892	0.267029	74
230.074921	0.150925	74
230.225845	0.081268	74
230.307114	0.255432	74
230.562546	0.232193	78
230.794739	0.243805	78
231.038544	0.267029	79
231.305573	0.243820	78
231.549393	0.139313	78
231.688705	0.104492	79
231.793198	0.255417	78
232.048615	0.220596	74
232.269211	0.267029	73
232.536240	0.116089	74
232.652328	0.116104	74
232.768433	0.243805	74
233.012238	0.220596	74
233.232834	0.499237	75
233.732071	0.278625	76
234.010696	0.232208	76
234.242905	0.267029	76
234.509933	0.208984	76
234.718918	0.278641	76
234.997559	0.220581	69
235.218140	0.499237	68
235.717377	0.243805	68
235.961182	0.243805	68
236.204987	0.243805	68
236.448792	0.243820	68
236.692612	0.255417	68
236.948029	0.243805	70
237.191833	0.487625	71
237.679459	0.255417	71
237.934875	0.255417	70
238.190292	0.232208	71
238.422501	0.243805	71
238.666306	0.255417	71
238.921722	0.127716	71
239.049438	0.127701	71
239.177139	0.255417	71
239.432556	0.232208	71
239.664764	0.116104	71
239.780869	0.116089	71
239.896957	0.255417	71
240.152374	0.127716	71
240.280090	0.116104	71
240.396194	0.255417	71
240.651611	0.243805	71
240.895416	0.243820	71
241.139236	0.499222	76
241.638458	0.476013	63
242.114471	0.255417	64
242.369888	0.220581	61
242.590469	0.510849	70
243.101318	0.487610	60
243.588928	0.255432	71
243.844360	0.232193	0
244.076553	0.243805	0
244.320358	0.232208	0
244.552567	0.267029	56
244.819595	0.220581	55
245.040176	0.267029	72
245.307205	0.232208	71
245.539413	0.127701	70
245.667114	0.371521	0
246.038635	0.208984	64
246.247620	0.034836	63
246.282455	0.243805	63
246.526260	0.499222	71
247.025482	0.267029	61
247.292511	0.220596	62
247.513107	0.243805	61
247.756912	0.255417	61
248.012329	0.243820	59
248.256149	0.208969	60
248.465118	0.278641	67
248.743759	0.243820	72
248.987579	0.208969	72
249.196548	0.278641	68
249.475189	0.208984	64
249.684174	0.290253	65
249.974426	0.243805	64
250.218231	0.232193	61
250.450424	0.197372	62
250.647797	0.301865	62
250.949661	0.278641	62
251.228302	0.208984	62
251.437286	0.255417	62
251.692703	0.232193	61
251.924896	0.278641	60
252.203537	0.208984	59
252.412521	0.267029	58
252.679550	0.232193	59
252.911743	0.267029	59
253.178772	0.232208	59
253.410980	0.243805	58
253.654785	0.243805	58
253.898590	0.185760	59
254.084351	0.081268	59
254.165619	0.220596	59
254.386215	0.267029	58
254.653244	0.232193	59
254.885437	0.267029	58
255.152466	0.220596	58
255.373062	0.255417	58
255.628479	0.232208	58
255.860687	0.267029	58
256.127716	0.220581	58
256.348297	0.243805	58
256.592102	0.255432	58
256.847534	0.267029	0
257.114563	0.232208	70
257.346771	0.243805	70
257.590576	0.243805	0
257.834381	0.243805	0
258.078186	0.243805	71
258.321991	0.255432	70
258.577423	0.243805	70
258.821228	10.031006	0
