1.300317	0.406349	0
1.706667	0.650159	0
2.356825	0.348299	0
2.705125	0.673379	0
3.378503	0.696599	0
4.075102	0.359910	0
4.435011	0.638549	0
5.073560	0.336689	0
5.410249	0.626939	0
6.037188	0.336689	0
6.373878	0.325079	0
6.698957	0.429569	60
7.128526	0.383129	64
7.511655	0.104490	64
7.616145	0.487619	61
8.103765	0.034829	60
8.138594	0.359910	60
8.498504	0.348299	59
8.846803	0.313469	59
9.160272	0.348300	59
9.508572	0.208980	60
9.717551	0.081269	61
9.798820	0.162540	61
9.961361	0.406349	62
10.367710	0.336689	64
10.704399	0.034830	65
10.739229	0.185760	64
10.924989	0.464399	62
11.389388	0.081269	63
11.470657	0.174150	61
11.644807	0.185760	60
11.830567	0.626938	59
12.457505	1.288708	60
13.746213	0.568889	60
14.315102	0.267030	60
14.582131	0.348299	64
14.930430	0.150930	64
15.081361	0.208980	62
15.290340	0.208980	61
15.499320	0.522449	59
16.021769	0.185760	50
16.207529	0.301859	56
16.509388	0.255419	59
16.764807	0.243811	60
17.008617	0.197369	61
17.205986	0.487619	63
17.693605	0.336689	64
18.030294	0.116100	64
18.146395	0.476009	63
18.622404	0.162539	62
18.784943	0.417959	60
19.202902	0.650160	58
19.853062	0.174149	57
20.027210	0.208981	57
20.236191	0.893969	57
21.130159	0.104488	0
21.234648	0.278641	0
21.513288	0.208979	0
21.722267	0.417959	57
22.140226	0.267031	57
22.407257	0.278639	59
22.685896	0.197369	60
22.883265	0.232201	60
23.115465	0.243809	61
23.359274	0.081270	61
23.440544	0.313469	58
23.754013	0.267031	59
24.021044	0.313469	59
24.334513	0.116100	60
24.450613	0.069658	60
24.520271	0.301861	62
24.822132	0.162539	60
24.984671	0.615330	60
25.600000	0.359909	0
25.959909	0.104490	59
26.064400	0.150928	60
26.215328	0.255421	62
26.470749	0.092878	64
26.563627	0.847528	64
27.411156	0.406349	64
27.817505	0.208981	64
28.026485	0.174149	64
28.200634	0.394741	62
28.595375	0.301859	61
28.897234	1.544127	62
30.441360	0.255419	57
30.696779	0.313471	58
31.010250	0.394739	59
31.404989	0.150928	63
31.555918	0.197371	64
31.753288	0.127710	62
31.880999	0.406347	60
32.287346	0.476009	60
32.763355	0.243809	62
33.007164	0.034832	59
33.041996	0.452789	58
33.494785	0.208981	60
33.703766	0.081268	60
33.785034	0.174149	60
33.959183	0.162540	60
34.121723	0.058048	61
34.179771	1.973698	60
36.153469	0.348301	48
36.501770	0.116100	48
36.617870	0.104488	46
36.722359	0.359909	61
37.082268	0.116100	63
37.198368	0.220589	65
37.418957	0.174149	64
37.593105	0.092880	63
37.685986	0.325081	61
38.011066	0.267029	60
38.278095	0.208981	56
38.487076	0.127708	0
38.614784	0.336689	59
38.951473	0.325081	59
39.276554	0.197369	60
39.473923	0.092880	60
39.566803	0.278641	62
39.845444	0.255417	59
40.100861	0.150932	65
40.251793	0.255417	64
40.507210	0.325081	63
40.832291	0.232201	63
41.064491	0.278637	63
41.343128	0.232201	60
41.575329	0.197369	59
41.772697	0.394741	58
42.167439	0.371517	60
42.538956	0.615330	60
43.154285	0.476009	0
43.630295	0.243809	57
43.874104	0.267029	57
44.141132	0.127712	57
44.268845	0.139320	60
44.408165	0.116096	59
44.524261	0.127712	63
44.651974	0.220589	65
44.872562	0.197369	64
45.069931	0.116100	62
45.186031	0.220589	61
45.406620	0.325081	60
45.731701	0.185760	59
45.917461	0.220589	0
46.138050	0.301861	59
46.439911	0.290249	59
46.730160	0.208977	60
46.939137	0.092880	61
47.032017	0.278641	62
47.310658	0.116100	63
47.426758	0.139320	64
47.566078	0.139320	64
47.705399	0.150928	64
47.856327	0.139320	64
47.995647	0.301857	64
48.297504	0.092880	62
48.390385	0.208981	64
48.599365	0.220589	62
48.819954	0.150932	60
48.970886	0.220589	59
49.191475	0.522449	57
49.713924	0.243809	57
49.957733	0.684986	57
50.642719	0.336693	0
50.979412	0.139317	0
51.118729	0.267033	57
51.385761	0.336689	57
51.722450	0.313469	57
52.035919	0.313469	57
52.349388	0.174149	59
52.523537	0.139320	59
52.662857	0.301861	60
52.964718	0.371517	58
53.336235	0.116100	59
53.452335	0.220589	59
53.672924	0.243809	59
53.916733	0.464401	59
54.381134	0.150928	60
54.532063	0.301861	62
54.833923	0.359909	58
55.193832	0.139320	59
55.333153	0.243809	60
55.576962	0.150928	57
55.727890	0.220592	57
55.948483	0.255417	59
56.203899	0.243809	63
56.447708	0.104492	63
56.552200	0.208981	61
56.761181	0.267029	57
57.028210	0.301857	65
57.330067	0.150932	65
57.480999	0.278637	60
57.759636	0.301861	64
58.061497	0.081268	64
58.142765	0.162540	63
58.305305	0.243809	62
58.549114	0.383129	60
58.932243	0.127712	59
59.059956	0.255417	59
59.315372	0.638550	59
59.953922	0.371521	0
60.325443	0.301857	56
60.627300	0.255421	58
60.882721	0.069660	59
60.952381	0.267029	58
61.219410	0.162540	0
61.381950	0.220589	63
61.602539	0.127712	63
61.730251	0.127708	61
61.857960	0.510838	59
62.368797	0.348301	60
62.717098	0.150928	60
62.868027	0.220589	61
63.088615	0.325081	58
63.413696	0.185760	59
63.599457	0.232197	59
63.831654	0.220592	59
64.052246	0.278641	59
64.330887	0.290245	57
64.621132	0.325081	0
64.946213	0.162537	64
65.108749	0.417961	63
65.526711	0.220589	62
65.747299	0.197372	63
65.944672	0.208977	62
66.153648	0.150932	61
66.304581	0.162537	62
66.467117	0.220589	62
66.687706	0.255424	60
66.943130	0.185760	60
67.128891	0.267029	60
67.395920	0.243805	59
67.639725	0.208984	60
67.848709	0.243805	59
68.092514	0.290253	51
68.382767	0.185760	52
68.568527	0.150932	0
68.719460	0.174149	59
68.893608	0.278633	60
69.172241	0.325081	61
69.497322	0.220589	63
69.717911	0.104492	64
69.822403	0.116104	64
69.938507	0.278633	65
70.217140	0.174149	65
70.391289	0.208984	64
70.600273	0.452789	60
71.053062	0.255417	64
71.308479	0.371521	64
71.680000	0.092880	64
71.772881	0.429565	64
72.202446	0.174156	61
72.376602	0.290245	62
72.666847	0.359909	63
73.026756	0.092880	62
73.119637	0.417961	62
73.537598	0.359909	59
73.897507	0.104492	60
74.001999	0.232193	60
74.234192	0.476013	60
74.710205	0.185760	60
74.895966	0.267029	57
75.162994	0.197365	57
75.360359	0.197372	57
75.557732	0.208977	57
75.766708	0.220596	0
75.987305	0.150925	57
76.138229	0.476013	60
76.614243	0.267029	59
76.881271	0.232201	64
77.113472	0.406349	63
77.519821	0.197365	64
77.717186	0.092880	62
77.810066	0.394737	62
78.204803	0.046440	62
78.251244	0.174156	62
78.425400	0.197365	62
78.622765	0.278641	62
78.901405	0.325081	62
79.226486	0.127708	62
79.354195	0.127708	0
79.481903	0.278641	63
79.760544	0.220589	64
79.981133	0.220589	62
80.201721	0.255424	60
80.457146	0.208977	60
80.666122	0.116096	60
80.782219	0.313469	59
81.095688	0.197372	60
81.293060	0.464401	60
81.757462	0.185760	60
81.943222	0.394737	56
82.337959	0.069656	58
82.407616	0.185760	60
82.593376	0.267029	63
82.860405	0.150932	64
83.011337	0.255417	64
83.266754	0.267036	64
83.533791	0.150925	63
83.684715	0.476013	63
84.160728	0.452789	65
84.613518	0.185753	65
84.799271	0.452789	64
85.252060	0.232201	64
85.484261	0.243813	64
85.728073	0.174149	64
85.902222	0.383133	57
86.285355	0.046440	0
86.331795	0.162537	63
86.494331	0.174149	62
86.668480	0.185760	62
86.854240	0.208977	64
87.063217	0.150932	62
87.214149	0.301857	62
87.516006	0.510841	59
88.026848	0.278641	60
88.305489	0.301857	60
88.607346	0.162544	60
88.769890	0.197365	59
88.967255	0.464401	57
89.431656	0.127708	57
89.559364	0.208977	57
89.768341	0.267036	58
90.035378	0.255417	60
90.290794	0.220589	65
90.511383	0.150932	65
90.662315	0.069656	65
90.731972	0.197372	65
90.929344	0.232201	65
91.161545	0.383125	62
91.544670	0.313469	64
91.858139	0.417961	62
92.276100	0.197372	62
92.473473	0.232193	62
92.705666	0.185760	62
92.891426	0.429573	62
93.320999	0.220589	62
93.541588	0.417961	62
93.959549	0.243805	62
94.203354	0.197372	62
94.400726	0.162537	61
94.563263	0.510841	62
95.074104	0.243813	64
95.317917	0.417953	64
95.735870	0.197372	64
95.933243	0.441177	64
96.374420	0.406349	64
96.780769	0.232201	64
97.012970	0.476013	60
97.488983	0.162537	59
97.651520	0.255417	57
97.906937	0.185760	59
98.092697	0.406349	58
98.499046	0.185760	58
98.684807	0.476013	59
99.160820	0.174149	58
99.334969	0.417953	58
99.752922	0.545670	58
100.298592	0.371521	64
100.670113	0.417961	63
101.088074	0.092880	61
101.180954	0.325081	63
101.506035	0.371513	62
101.877548	0.278641	63
102.156189	0.487617	61
102.643806	0.162544	61
102.806351	0.301857	60
103.108208	0.139320	59
103.247528	0.174149	57
103.421677	0.301857	63
103.723534	0.185760	64
103.909294	0.243813	64
104.153107	0.383133	63
104.536240	0.185753	62
104.721992	0.243813	62
104.965805	0.383133	62
105.348938	0.255417	61
105.604355	0.452789	61
106.057144	0.185760	61
106.242905	0.417953	60
106.660858	0.150932	60
106.811790	0.534058	63
107.345848	0.174149	61
107.519997	0.104492	64
107.624489	0.301857	64
107.926346	0.220596	64
108.146942	0.557274	62
108.704216	0.034828	62
108.739044	0.220596	62
108.959641	0.464394	62
109.424034	0.162544	62
109.586578	0.464394	62
110.050972	0.406349	62
110.457321	0.232201	0
110.689522	0.429573	59
111.119095	0.162537	59
111.281631	0.417961	55
111.699593	0.359909	0
112.059502	0.267029	60
112.326530	0.127708	60
112.454239	0.487617	63
112.941856	0.267029	59
113.208885	0.208984	62
113.417870	0.092880	61
113.510750	0.185760	61
113.696510	0.150925	62
113.847435	0.174149	0
114.021584	0.150932	62
114.172516	0.185760	61
114.358276	0.208977	60
114.567253	0.116104	61
114.683357	0.429565	61
115.112923	0.092880	62
115.205803	0.255424	64
115.461227	0.139320	64
115.600548	0.197365	64
115.797913	0.185760	59
115.983673	0.104492	59
116.088165	0.208977	63
116.297142	0.290253	61
116.587395	0.185760	59
116.773155	0.359909	59
117.133064	0.058044	60
117.191109	0.278641	59
117.469749	0.417961	60
117.887711	0.208977	60
118.096687	0.417961	0
118.514648	0.267029	57
118.781677	0.197372	0
118.979050	0.139320	60
119.118370	0.301857	60
119.420227	0.278641	64
119.698868	0.127708	64
119.826576	0.069656	57
119.896233	0.290253	60
120.186485	0.313469	60
120.499954	0.104492	59
120.604446	0.243805	58
120.848251	0.522453	59
121.370705	0.150925	61
121.521629	0.383133	61
121.904762	0.220589	59
122.125351	0.267029	62
122.392380	0.127708	64
122.520088	0.278641	60
122.798729	0.313469	63
123.112198	0.104492	62
123.216690	0.220589	60
123.437279	0.185760	59
123.623039	0.476006	57
124.099045	0.197372	57
124.296417	0.476006	58
124.772423	0.150932	57
124.923355	0.441177	56
125.364532	0.162544	57
125.527077	0.046440	0
125.573517	0.336685	0
125.910202	0.150932	0
126.061134	0.081268	60
126.142403	0.417961	58
126.560364	0.081268	59
126.641632	0.220589	59
126.862221	0.197372	60
127.059593	0.336685	62
127.396278	0.127716	60
127.523994	0.185753	59
127.709747	0.359909	59
128.069656	0.290253	61
128.359909	0.185760	60
128.545670	0.255417	61
128.801086	0.429565	60
129.230652	0.220596	60
129.451248	0.383133	60
129.834381	0.174149	60
130.008530	0.058044	59
130.066574	0.220596	60
130.287170	0.232193	63
130.519363	0.348297	63
130.867661	0.092880	65
130.960541	0.232208	64
131.192749	0.104477	60
131.297226	0.429581	61
131.726807	0.267029	58
131.993835	0.208969	61
132.202805	0.290253	59
132.493057	0.394745	59
132.887802	0.534058	59
133.421860	0.348297	0
133.770157	0.174149	0
133.944305	0.429565	59
134.373871	0.208984	0
134.582855	0.267029	59
134.849884	0.104492	62
134.954376	0.267029	64
135.221405	0.104492	60
135.325897	0.348297	59
135.674194	0.417953	59
136.092148	0.150940	60
136.243088	0.534058	59
136.777145	0.174149	59
136.951294	0.243805	60
137.195099	0.174149	60
137.369247	0.325089	60
137.694336	0.255417	0
137.949753	0.174149	64
138.123901	0.162537	63
138.286438	0.278641	63
138.565079	0.197372	63
138.762451	0.162537	63
138.924988	0.220596	62
139.145584	0.313461	61
139.459045	0.359909	61
139.818954	0.383133	60
140.202087	0.081268	59
140.283356	0.174149	60
140.457504	0.719818	60
141.177322	0.301865	60
141.479187	0.185760	64
141.664948	0.162537	64
141.827484	0.127716	63
141.955200	0.325073	63
142.280273	0.162537	64
142.442810	0.139328	63
142.582138	0.429565	64
143.011703	0.243805	64
143.255508	0.429565	64
143.685074	0.139328	64
143.824402	0.336685	64
144.161087	0.116104	63
144.277191	0.383133	64
144.660324	0.220581	60
144.880905	0.243805	62
145.124710	0.359909	63
145.484619	0.081284	62
145.565903	0.232193	61
145.798096	0.197372	62
145.995468	0.336685	61
146.332153	0.092880	60
146.425034	0.243805	59
146.668839	0.429581	60
147.098419	0.197357	60
147.295776	0.417969	57
147.713745	0.208969	57
147.922714	0.185760	59
148.108475	0.208984	61
148.317459	0.139328	64
148.456787	0.475998	60
148.932785	0.069656	63
149.002441	0.197372	57
149.199814	0.220596	64
149.420410	0.139313	62
149.559723	0.290253	64
149.849976	0.197372	64
150.047348	0.441177	62
150.488525	0.162537	62
150.651062	0.452789	62
151.103851	0.336700	62
151.440552	0.255417	62
151.695969	0.267029	63
151.962997	0.197372	63
152.160370	0.232193	62
152.392563	0.255417	62
152.647980	0.208984	59
152.856964	0.139313	60
152.996277	0.220596	59
153.216873	0.232193	60
153.449066	0.441177	60
153.890244	0.174149	60
154.064392	0.359909	60
154.424301	0.069672	60
154.493973	0.034821	59
154.528793	0.185760	60
154.714554	0.232208	63
154.946762	0.174149	64
155.120911	0.255417	64
155.376328	0.220581	64
155.596909	0.174164	58
155.771072	0.278625	61
156.049698	0.174164	64
156.223862	0.429565	65
156.653427	0.208969	65
156.862396	0.441193	64
157.303589	0.185760	64
157.489349	0.348297	64
157.837646	0.092880	64
157.930527	0.348297	64
158.278824	0.208969	0
158.487793	0.150940	60
158.638733	0.464401	63
159.103134	0.081268	62
159.184402	0.290253	62
159.474655	0.510834	61
159.985489	0.267029	60
160.252518	0.139313	60
160.391830	0.301865	60
160.693695	0.185760	60
160.879456	0.243805	57
161.123260	0.185760	57
161.309021	0.162537	57
161.471558	0.174164	57
161.645721	0.267029	0
161.912750	0.232193	65
162.144943	0.197372	65
162.342316	0.162537	65
162.504852	0.267029	64
162.771881	0.185760	64
162.957642	0.162537	62
163.120178	0.267029	64
163.387207	0.197372	62
163.584579	0.441177	62
164.025757	0.162537	62
164.188293	0.429581	62
164.617874	0.429565	62
165.047440	0.208984	62
165.256424	0.429565	62
165.685989	0.197372	62
165.883362	0.220581	62
166.103943	0.208984	62
166.312927	0.452789	63
166.765717	0.208984	64
166.974701	0.441177	64
167.415878	0.174149	64
167.590027	0.441177	64
168.031204	0.406342	64
168.437546	0.220596	64
168.658142	0.441177	64
169.099319	0.174149	64
169.273468	0.417953	64
169.691422	0.429581	64
170.121002	0.197372	64
170.318375	0.452789	59
170.771164	0.162537	58
170.933701	0.406342	58
171.340042	0.545670	56
171.885712	0.394745	63
172.280457	0.185760	64
172.466217	0.232193	63
172.698410	0.116104	61
172.814514	0.278641	63
173.093155	0.371521	61
173.464676	0.255417	63
173.720093	0.452789	61
174.172882	0.185760	60
174.358643	0.417953	60
174.776596	0.197372	57
174.973969	0.417953	64
175.391922	0.301865	62
175.693787	0.394745	63
176.088531	0.232193	63
176.320724	0.592117	62
176.912842	0.232193	61
177.145035	0.441177	61
177.586212	0.185760	60
177.771973	0.267029	60
178.039001	0.150925	60
178.189926	0.139328	57
178.329254	0.278641	64
178.607895	0.174149	65
178.782043	0.092880	65
178.874924	0.162537	58
179.037460	0.278641	64
179.316101	0.162537	64
179.478638	0.174149	65
179.652786	0.267029	62
179.919815	0.336700	62
180.256516	0.092865	62
180.349380	0.174164	62
180.523544	0.464386	62
180.987930	0.185760	63
181.173691	0.464401	63
181.638092	0.394745	62
182.032837	0.208984	62
182.241821	0.487610	62
182.729431	0.162537	62
182.891968	0.255432	61
183.147400	0.197357	58
183.344757	0.406357	0
183.751114	0.255417	0
184.006531	0.429565	0
184.436096	0.139328	0
184.575424	0.255417	58
184.830841	0.174149	0
185.004990	1.219040	59
186.224030	0.522461	0
186.746490	2.485596	0
