1.102948	0.383129	0
1.486077	0.383129	0
1.869206	0.731429	0
2.600635	0.406349	50
3.006984	0.371519	0
3.378503	0.731429	0
4.109932	0.394739	0
4.504671	0.116100	50
4.620771	0.232200	47
4.852971	0.743039	66
5.596009	0.406349	57
6.002358	0.348299	0
6.350657	0.743039	72
7.093696	0.394739	0
7.488435	0.359910	76
7.848345	0.743038	76
8.591383	0.394739	0
8.986122	0.348300	80
9.334422	0.731428	78
10.065850	0.371519	0
10.437369	0.359910	0
10.797279	0.743038	0
11.540318	0.104489	0
11.644807	0.278640	0
11.923447	0.348299	0
12.271746	0.766259	82
13.038005	0.371519	79
13.409524	0.359909	74
13.769433	0.406349	81
14.175782	0.185760	76
14.361542	0.162539	0
14.524081	0.383130	76
14.907211	0.150929	75
15.058141	0.220590	76
15.278730	0.394739	75
15.673470	0.162539	76
15.836009	0.208980	0
16.044989	0.069660	0
16.114649	0.278639	0
16.393288	0.348299	75
16.741587	0.371519	67
17.113106	0.104490	75
17.217596	0.243811	75
17.461407	0.359909	68
17.821316	0.383129	66
18.204445	0.394739	74
18.599184	0.313469	64
18.912653	0.441179	64
19.353832	0.150930	73
19.504763	0.174149	73
19.678911	0.278641	75
19.957552	0.336689	0
20.294241	0.150928	0
20.445169	0.348299	64
20.793468	0.185760	76
20.979229	0.174150	0
21.153379	0.278639	76
21.432018	0.197369	0
21.629387	0.255421	0
21.884808	0.197369	73
22.082176	0.162540	65
22.244717	0.325079	61
22.569796	0.476009	73
23.045805	0.174150	76
23.219955	0.127708	77
23.347664	0.406349	69
23.754013	0.069660	0
23.823673	0.255419	71
24.079092	0.278641	70
24.357733	0.220589	70
24.578321	0.104490	69
24.682812	0.162540	0
24.845352	0.719818	66
25.565170	0.766258	67
26.331429	0.719818	75
27.051247	0.708210	73
27.759457	0.336689	75
28.096146	0.441179	74
28.537325	0.719818	71
29.257143	0.371519	0
29.628662	0.359909	0
29.988571	0.673380	71
30.661951	0.870747	78
31.532698	0.754648	77
32.287346	0.719818	75
33.007164	0.708210	73
33.715374	0.336689	75
34.052063	0.429569	75
34.481632	0.708210	74
35.189842	0.383129	0
35.572971	0.348297	0
35.921268	0.754650	78
36.675919	0.429569	77
37.105488	0.325081	74
37.430569	0.371517	75
37.802086	0.325081	82
38.127167	0.058048	81
38.185215	0.336689	81
38.521904	0.290249	81
38.812153	0.139320	81
38.951473	0.313469	78
39.264942	0.162540	76
39.427483	0.220589	75
39.648071	0.313469	81
39.961540	0.197372	82
40.158913	0.150928	0
40.309841	0.081268	75
40.391109	0.417961	80
40.809071	0.104488	78
40.913559	0.139320	75
41.052879	0.359909	88
41.412788	0.081272	67
41.494061	0.325077	68
41.819138	0.394741	78
42.213879	0.255417	81
42.469296	0.116100	73
42.585396	0.359909	82
42.945305	0.348301	82
43.293606	0.580498	76
43.874104	0.139320	0
44.013424	0.348301	75
44.361725	0.162537	75
44.524261	0.220592	75
44.744854	0.243809	74
44.988663	0.174149	0
45.162811	0.197369	53
45.360180	0.104492	56
45.464672	0.220589	61
45.685261	0.127708	61
45.812969	0.058052	62
45.871021	0.348297	61
46.219318	0.394741	61
46.614059	0.208981	57
46.823040	0.139317	58
46.962357	0.406349	55
47.368706	0.313473	63
47.682178	0.371517	70
48.053696	0.139320	0
48.193016	0.174149	0
48.367165	0.812698	66
49.179863	0.731430	66
49.911293	0.069660	76
49.980953	0.661766	75
50.642719	0.719822	73
51.362541	0.336689	75
51.699230	0.429569	75
52.128799	0.731426	71
52.860226	0.197372	0
53.057598	0.243809	68
53.301407	0.313469	74
53.614876	0.696598	73
54.311474	1.625397	77
55.936871	0.661770	75
56.598640	0.696598	73
57.295238	0.406349	75
57.701588	0.348297	75
58.049885	0.719822	75
58.769707	0.383129	0
59.152836	0.348297	0
59.501133	0.743038	80
60.244171	0.383129	79
60.627300	0.058052	75
60.685352	0.301857	74
60.987209	0.383129	75
61.370338	0.336693	75
61.707031	0.394737	75
62.101768	0.336689	81
62.438457	0.394741	81
62.833199	0.185757	81
63.018955	0.150932	81
63.169888	0.394737	75
63.564625	0.336689	75
63.901314	0.325081	75
64.226395	0.406349	76
64.632744	0.290253	70
64.922997	0.441177	79
65.364174	0.394737	78
65.758911	0.255417	80
66.014328	0.441185	83
66.455513	0.208977	82
66.664490	0.162537	77
66.827026	0.417961	76
67.244987	0.092880	0
67.337868	0.220589	0
67.558456	0.348305	75
67.906761	0.150925	82
68.057686	0.197372	82
68.255058	0.267029	75
68.522087	0.499229	80
69.021317	0.394737	73
69.416054	0.348297	61
69.764351	0.185760	0
69.950111	0.174149	0
70.124260	0.208984	76
70.333244	0.127708	77
70.460953	0.069656	0
70.530609	0.150932	0
70.681541	0.197372	65
70.878914	0.336685	74
71.215599	0.371521	62
71.587120	0.127708	0
71.714828	0.104492	0
71.819321	0.917191	84
72.736511	0.731422	77
73.467934	0.731430	75
74.199364	0.708206	73
74.907570	0.348305	75
75.255875	0.417961	74
75.673836	0.394737	73
76.068573	0.336685	68
76.405258	0.046440	66
76.451698	0.336693	72
76.788391	0.325081	0
77.113472	0.429565	78
77.543037	0.301857	62
77.844894	0.801094	66
78.645988	0.743034	65
79.389023	0.731430	63
80.120453	0.696602	61
80.817055	0.290245	63
81.107300	0.452789	63
81.560089	0.719818	65
82.279907	0.383133	0
82.663040	0.336685	0
82.999725	0.417961	73
83.417686	0.197372	61
83.615059	0.150925	63
83.765984	0.766258	66
84.532242	1.509300	64
86.041542	0.661766	62
86.703308	0.336693	63
87.040001	0.429565	63
87.469566	0.696602	63
88.166168	0.394737	63
88.560905	0.348297	63
88.909203	0.534065	63
89.443268	0.116096	63
89.559364	0.081268	63
89.640633	0.766258	63
90.406891	1.451248	64
91.858139	0.557281	63
92.415421	0.487617	60
92.903038	0.417961	63
93.320999	0.696594	61
94.017593	0.441185	62
94.458778	0.290245	61
94.749023	0.476013	61
95.225037	0.638550	65
95.863586	0.348297	68
96.211884	0.336685	67
96.548569	0.139320	64
96.687889	0.046440	63
96.734329	0.185760	0
96.920090	0.162544	78
97.082634	0.568886	64
97.651520	1.102951	70
98.754471	0.406349	68
99.160820	0.336685	68
99.497505	0.208977	68
99.706482	0.220596	72
99.927078	0.359909	64
100.286987	0.325073	68
100.612061	0.371521	72
100.983582	0.150932	63
101.134514	0.185760	72
101.320274	0.394737	71
101.715012	0.371521	66
102.086533	0.359909	73
102.446442	0.220589	73
102.667030	0.174149	72
102.841179	0.371521	72
103.212700	0.336685	72
103.549385	0.359909	76
103.909294	0.185760	63
104.095055	0.208984	63
104.304039	0.394737	77
104.698776	0.174149	75
104.872925	0.150932	75
105.023857	0.406349	73
105.430206	0.174149	66
105.604355	0.162537	73
105.766891	0.383133	73
106.150024	0.325081	73
106.475105	0.406349	73
106.881454	0.325073	69
107.206528	0.383133	68
107.589661	0.336685	71
107.926346	0.499229	74
108.425575	0.197372	75
108.622948	0.394737	77
109.017685	0.325081	75
109.342766	0.034828	74
109.377594	0.359909	71
109.737503	0.174149	68
109.911652	0.220596	72
110.132248	0.325073	72
110.457321	0.069664	74
110.526985	0.278641	73
110.805626	0.406349	73
111.211975	0.162537	72
111.374512	0.626938	68
112.001450	0.290253	72
112.291702	0.371521	72
112.663223	0.197365	73
112.860588	0.208984	69
113.069572	0.325073	72
113.394646	0.359909	73
113.754555	0.359909	73
114.114464	0.174156	72
114.288620	0.208977	64
114.497597	0.348297	63
114.845894	0.359909	68
115.205803	0.394745	69
115.600548	0.220589	72
115.821136	0.534058	68
116.355194	0.359909	62
116.715103	0.348297	0
117.063400	0.185760	63
117.249161	0.208977	63
117.458138	0.336693	63
117.794830	0.359909	69
118.154739	0.406349	72
118.561089	0.220589	72
118.781677	0.534058	69
119.315735	0.359909	62
119.675644	0.359909	0
120.035553	0.174149	63
120.209702	0.208984	63
120.418686	0.348297	63
120.766983	0.359909	70
121.126892	2.407234	72
