0.592109	0.139320	60
0.731429	0.069660	62
0.801088	0.127710	63
0.928798	0.232200	63
1.160998	0.150930	61
1.311927	0.232200	63
1.544127	0.139320	63
1.683447	0.185760	64
1.869206	0.174150	62
2.043356	0.232200	63
2.275556	0.139320	63
2.414875	0.150930	63
2.565805	0.267030	63
2.832834	0.127710	62
2.960544	0.232200	63
3.192744	0.162540	63
3.355283	0.208980	62
3.564263	0.058050	63
3.622313	0.104490	63
3.726803	0.174150	63
3.900952	0.220590	63
4.121542	0.139320	61
4.260862	0.174150	63
4.435011	0.185760	62
4.620771	0.104490	63
4.725261	0.267029	66
4.992290	0.325079	68
5.317369	0.092880	67
5.410249	0.301859	66
5.712109	0.139320	66
5.851429	0.104490	80
5.955918	0.139320	81
6.095238	0.162539	65
6.257778	0.139320	69
6.397098	0.476009	71
6.873106	0.127710	73
7.000816	0.185760	61
7.186576	0.127710	64
7.314286	0.127710	63
7.441996	0.232199	0
7.674195	0.116100	0
7.790295	0.162540	0
7.952835	0.267029	64
8.219864	0.058050	0
8.277914	0.174150	63
8.452064	0.197370	61
8.649433	0.267030	62
8.916463	0.197370	0
9.113832	0.267029	0
9.380861	0.197370	59
9.578231	0.162540	61
9.740771	0.313469	61
10.054240	0.487619	58
10.541860	0.185760	56
10.727619	0.383129	57
11.110748	0.139319	0
11.250068	0.150930	0
11.400998	0.185760	52
11.586758	0.116099	52
11.702857	0.116100	53
11.818957	0.359909	58
12.178866	0.162539	61
12.341406	1.474467	66
13.815873	1.428027	62
15.243900	0.325079	63
15.568979	0.278640	63
15.847619	2.287166	58
18.134785	1.695057	65
19.829842	0.150928	63
19.980770	0.545670	63
20.526440	0.162540	61
20.688980	0.510838	61
21.199818	0.325081	63
21.524899	2.658684	64
24.183582	0.220591	61
24.404173	0.092878	64
24.497051	0.185760	63
24.682812	0.127710	62
24.810522	0.092878	62
24.903400	0.348301	63
25.251701	0.336689	63
25.588390	0.232199	63
25.820589	0.150930	63
25.971519	0.174149	63
26.145668	0.116100	63
26.261768	0.301859	62
26.563627	0.150930	63
26.714558	0.174150	63
26.888708	0.081268	61
26.969976	0.150930	64
27.120907	0.290249	63
27.411156	0.359911	63
27.771067	0.220589	63
27.991655	0.278639	63
28.270294	0.092880	64
28.363174	0.150930	64
28.514105	0.348299	68
28.862404	0.069660	66
28.932064	0.336689	66
29.268753	0.150930	66
29.419683	0.243809	65
29.663492	0.267029	61
29.930521	0.116100	61
30.046621	0.197371	63
30.243992	0.232199	63
30.476191	0.116100	63
30.592291	0.150928	64
30.743219	0.394739	63
31.137959	0.185760	0
31.323719	0.150930	0
31.474649	0.336689	63
31.811338	0.174149	63
31.985487	0.174150	60
32.159637	0.150928	63
32.310566	0.116100	63
32.426666	0.174149	0
32.600815	0.208981	53
32.809795	0.104492	56
32.914288	0.220589	61
33.134876	0.116100	61
33.250977	0.081268	62
33.332245	0.359909	61
33.692154	0.243809	61
33.935963	0.116100	61
34.052063	0.220589	57
34.272652	0.290253	58
34.562904	0.104488	54
34.667393	0.278641	52
34.946033	0.197369	51
35.143402	0.348297	52
35.491699	0.127712	0
35.619411	0.185760	58
35.805172	1.532516	65
37.337688	0.081268	63
37.418957	0.708210	63
38.127167	0.673378	62
38.800545	0.325077	63
39.125622	1.346760	61
40.472382	0.417957	69
40.890339	0.371521	62
41.261860	0.255421	58
41.517281	0.220589	56
41.737869	0.034828	56
41.772697	1.671837	65
43.444534	1.265488	62
44.710022	0.325081	0
45.035103	0.081268	0
45.116371	2.612247	70
47.728619	0.220589	61
47.949207	0.313469	63
48.262676	0.162540	62
48.425217	0.359909	63
48.785126	0.348297	62
49.133423	0.150932	63
49.284355	0.243809	63
49.528164	0.336689	63
49.864853	0.092880	60
49.957733	0.139320	61
50.097054	0.150928	63
50.247982	0.185760	62
50.433743	0.150928	62
50.584671	0.394741	63
50.979412	0.127708	64
51.107121	0.081268	62
51.188389	0.139320	62
51.327709	0.220589	63
51.548298	0.081272	61
51.629570	0.441177	64
52.070747	0.197372	68
52.268120	0.058048	68
52.326168	0.301861	67
52.628029	0.150928	66
52.778957	0.139320	66
52.918278	0.116100	66
53.034378	0.127708	65
53.162086	0.301861	60
53.463947	0.069656	62
53.533604	0.208981	64
53.742584	0.116100	63
53.858685	0.208981	63
54.067665	0.150928	63
54.218594	0.243809	63
54.462402	0.185760	0
54.648163	0.081272	0
54.729435	0.243809	0
54.973244	0.243809	63
55.217052	0.092880	0
55.309933	0.162540	63
55.472473	0.185757	58
55.658230	0.092880	63
55.751110	0.162540	62
55.913651	0.510838	61
56.424488	0.208981	61
56.633469	0.185760	61
56.819229	0.162540	61
56.981770	0.185760	61
57.167530	0.162537	0
57.330067	0.185760	55
57.515827	0.220589	56
57.736416	0.208981	55
57.945396	0.127708	55
58.073105	0.197372	64
58.270477	0.255417	62
58.525894	0.104492	0
58.630386	0.313469	62
58.943855	0.162540	0
59.106396	0.104488	0
59.210884	0.127708	0
59.338593	1.532520	65
60.871113	1.428024	62
62.299137	0.348301	63
62.647438	0.824306	60
63.471745	1.404812	62
64.876556	0.371513	61
65.248070	0.812698	66
66.060768	0.743042	65
66.803810	0.719818	63
67.523628	0.661766	61
68.185394	0.301865	63
68.487259	1.904030	63
70.391289	0.243813	54
70.635101	0.162537	56
70.797638	0.197372	63
70.995010	0.150932	62
71.145943	1.578957	65
72.724899	0.116096	63
72.840996	1.242271	62
74.083267	0.325081	63
74.408348	2.113014	60
76.521362	0.116096	58
76.637459	0.174149	61
76.811607	0.116104	61
76.927711	0.092880	61
77.020592	2.263947	65
79.284538	0.661766	61
79.946304	0.325081	63
80.271385	2.054962	61
82.326347	0.185760	61
82.512108	0.058052	62
82.570160	0.162537	57
82.732697	4.385674	53
