1.962086	0.081270	0
2.043356	0.034830	0
2.078186	0.092880	0
2.171066	0.394739	0
2.565805	0.684989	53
3.250794	1.056508	67
4.307302	0.777869	0
5.085170	0.208980	0
5.294150	0.348299	0
5.642449	0.313469	54
5.955918	0.383129	62
6.339047	0.336689	60
6.675737	0.336689	55
7.012426	0.847528	60
7.859955	0.197370	53
8.057324	0.359909	52
8.417233	0.325080	54
8.742313	0.208980	67
8.951293	0.801088	67
9.752381	0.905578	62
10.657959	0.150929	0
10.808888	0.325080	55
11.133968	0.325079	54
11.459047	0.208980	62
11.668027	0.150930	62
11.818957	0.359909	0
12.178866	0.325079	0
12.503945	0.650159	0
13.154104	0.359909	0
13.514013	0.348300	52
13.862313	0.336689	68
14.199002	0.359909	67
14.558911	0.673379	50
15.232290	0.870749	50
16.103039	0.150930	0
16.253969	0.383129	0
16.637098	0.313469	55
16.950567	0.232199	62
17.182766	0.127710	62
17.310476	0.359909	0
17.670385	0.325079	49
17.995464	0.731428	48
18.726892	0.278641	0
19.005533	0.348299	41
19.353832	0.336689	40
19.690521	0.208981	41
19.899502	0.162539	50
20.062040	0.081270	50
20.143311	0.499229	50
20.642540	0.069660	0
20.712200	0.568888	51
21.281088	0.243811	50
21.524899	0.243809	0
21.768707	0.336689	54
22.105396	0.325081	54
22.430477	0.383129	62
22.813606	0.313469	0
23.127075	0.348299	55
23.475374	1.741497	67
25.216871	0.348299	67
25.565170	0.197369	57
25.762539	0.568890	60
26.331429	0.278639	62
26.610067	0.394739	58
27.004807	0.150930	54
27.155737	0.394739	57
27.550476	0.232199	56
27.782675	0.510839	58
28.293514	0.325079	0
28.618593	0.336691	0
28.955284	0.673378	0
29.628662	0.092880	0
29.721542	0.139318	0
29.860861	0.127710	0
29.988571	0.325079	0
30.313650	0.325081	0
30.638731	0.232199	67
30.870930	0.127710	60
30.998640	0.232199	56
31.230839	0.383129	56
31.613968	0.336689	59
31.950657	0.278641	63
32.229298	0.267029	62
32.496326	0.557278	53
33.053604	0.278641	54
33.332245	0.267029	61
33.599274	0.267029	60
33.866302	0.592110	55
34.458412	0.150928	56
34.609341	0.278641	60
34.887981	0.185760	61
35.073742	0.150928	55
35.224670	1.149387	59
36.374058	0.034832	67
36.408890	0.406349	50
36.815239	0.278637	50
37.093876	0.127712	62
37.221588	0.696598	59
37.918186	0.313469	58
38.231655	0.278641	58
38.510296	0.371517	55
38.881813	0.336689	58
39.218502	0.185760	48
39.404263	0.290249	58
39.694511	0.220592	48
39.915104	0.359909	54
40.275013	0.441177	53
40.716190	0.684990	58
41.401180	0.208977	0
41.610157	0.429569	67
42.039726	0.278641	51
42.318367	0.255421	58
42.573788	0.452789	59
43.026577	0.406349	57
43.432926	0.208977	57
43.641903	0.394741	53
44.036644	0.336689	55
44.373333	0.394741	62
44.768074	0.325077	60
45.093151	0.313469	57
45.406620	0.301861	59
45.708481	0.243809	60
45.952290	0.162540	60
46.114830	1.033287	55
47.148117	0.661770	63
47.809887	0.208981	51
48.018867	0.150928	62
48.169796	0.673378	62
48.843174	0.325081	63
49.168255	0.359909	48
49.528164	0.336689	55
49.864853	0.336689	62
50.201542	0.336689	62
50.538231	0.383129	62
50.921360	0.278641	62
51.200001	0.336689	60
51.536690	0.185760	59
51.722450	0.208977	57
51.931427	0.673382	59
52.604809	0.290249	67
52.895058	0.371517	55
53.266575	0.429569	58
53.696144	0.325081	54
54.021225	0.162540	53
54.183765	0.185757	53
54.369522	0.313473	57
54.682995	0.359909	47
55.042904	0.301857	62
55.344761	0.359909	62
55.704670	0.104492	63
55.809162	0.290249	62
56.099411	0.290249	57
56.389660	0.092880	58
56.482540	0.232201	58
56.714741	0.232197	53
56.946938	0.162540	53
57.109478	0.290249	53
57.399727	0.325081	52
57.724808	0.383129	68
58.107937	0.185760	68
58.293697	0.139320	56
58.433018	0.325077	50
58.758095	0.220589	51
58.978683	0.127712	0
59.106396	0.162537	50
59.268932	0.162540	51
59.431473	0.348301	53
59.779774	0.092880	53
59.872654	0.255417	0
60.128071	0.325081	60
60.453152	0.348301	55
60.801453	0.290249	62
61.091702	0.104488	61
61.196190	0.185760	58
61.381950	0.104488	0
61.486439	0.185760	56
61.672199	0.348301	58
62.020500	0.185757	60
62.206257	0.313473	58
62.519730	0.162537	61
62.682266	0.185760	56
62.868027	0.417961	58
63.285988	0.116096	58
63.402084	0.499229	61
63.901314	0.348297	67
64.249611	0.092880	58
64.342491	0.174156	58
64.516647	0.417953	61
64.934601	0.092880	58
65.027481	0.174149	59
65.201630	0.162544	64
65.364174	0.174149	65
65.538322	0.801086	50
66.339409	0.301865	62
66.641273	0.359909	52
67.001183	0.092873	57
67.094055	0.174156	58
67.268211	0.394737	54
67.662949	0.290245	56
67.953194	0.417961	58
68.371155	0.232201	55
68.603355	0.150932	0
68.754288	0.638550	55
69.392838	1.021675	51
70.414513	0.394737	53
70.809250	0.290253	0
71.099503	1.021675	50
72.121178	1.033287	49
73.154465	0.371521	57
73.525986	0.174149	69
73.700134	0.150932	68
73.851067	0.383125	53
74.234192	0.150932	53
74.385124	0.487617	53
74.872742	1.033287	62
75.906029	0.673378	64
76.579407	1.044899	61
77.624306	0.870750	65
78.495056	0.150932	60
78.645988	0.348297	61
78.994286	0.336693	55
79.330978	0.359909	48
79.690887	0.174149	72
79.865036	0.150925	66
80.015961	0.348305	67
80.364265	0.359909	60
80.724174	0.174149	63
80.898323	0.197365	64
81.095688	0.290253	67
81.385941	0.371521	67
81.757462	0.301857	67
82.059319	0.197372	67
82.256691	0.162537	68
82.419228	0.162544	68
82.581772	0.174149	68
82.755920	0.348297	63
83.104218	1.033287	59
84.137505	0.348297	60
84.485802	0.325081	61
84.810883	0.383133	64
85.194016	0.150925	65
85.344940	0.174156	60
85.519096	0.336685	57
85.855782	0.510841	60
86.366623	0.348297	62
86.714920	0.150932	64
86.865852	0.359909	66
87.225761	0.325081	63
87.550842	0.371513	63
87.922356	0.139320	63
88.061676	0.522453	63
88.584129	0.348297	65
88.932426	0.185760	64
89.118187	0.325081	61
89.443268	0.162537	61
89.605804	0.383133	61
89.988937	0.301857	61
90.290794	1.230659	63
91.521454	0.162537	51
91.683990	0.510841	58
92.194832	0.220589	62
92.415421	0.220589	58
92.636009	0.116096	57
92.752106	0.197372	55
92.949478	0.510841	58
93.460320	0.661766	59
94.122086	0.661766	49
94.783852	0.766258	0
95.550110	0.255424	0
95.805534	0.185760	0
95.991295	0.150925	0
96.142220	0.197372	52
96.339592	0.127708	0
96.467300	0.232201	67
96.699501	0.139320	67
96.838821	0.371521	50
97.210342	0.325081	60
97.535423	0.522446	59
98.057869	0.116096	58
98.173965	0.058052	58
98.232018	0.650162	56
98.882179	0.359909	55
99.242088	0.719818	59
99.961906	0.150925	55
100.112831	0.162544	55
100.275375	0.081268	55
100.356644	0.069656	56
100.426300	0.162544	57
100.588844	0.696594	52
101.285439	0.568893	55
101.854332	0.359909	61
102.214241	0.615326	57
102.829567	0.429573	62
103.259140	0.313469	62
103.572609	0.383125	58
103.955734	0.626938	57
104.582672	0.197372	63
104.780045	0.150932	62
104.930977	0.383125	58
105.314102	0.406349	57
105.720451	0.116104	58
105.836555	0.185760	59
106.022316	0.476006	57
106.498322	0.243813	56
106.742134	0.127708	56
106.869843	0.150925	55
107.020767	0.139320	55
107.160088	0.313469	56
107.473557	0.394745	57
107.868301	0.301857	55
108.170158	0.092880	56
108.263039	0.441177	60
108.704216	0.406349	57
109.110565	0.232201	50
109.342766	0.545670	56
109.888435	0.325081	56
110.213516	0.383125	62
110.596642	0.116104	63
110.712746	0.278641	59
110.991386	0.255417	57
111.246803	0.104492	60
111.351295	0.232193	60
111.583488	0.243813	60
111.827301	0.185760	60
112.013062	0.243813	60
112.256874	0.348297	58
112.605171	0.336685	53
112.941856	0.336693	53
113.278549	0.371521	0
113.650070	0.197365	59
113.847435	0.174149	62
114.021584	0.626945	66
114.648529	0.348297	58
114.996826	0.371521	56
115.368347	0.325073	55
115.693420	0.325081	62
116.018501	0.348305	60
116.366806	0.673378	62
117.040184	0.348297	60
117.388481	0.174149	60
117.562630	0.185760	57
117.748390	0.336693	53
118.085083	0.348297	53
118.433380	0.336685	67
118.770065	0.336693	56
119.106758	0.441177	57
119.547935	0.243813	50
119.791748	0.429565	53
120.221313	0.243813	52
120.465126	0.348297	47
120.813423	0.359909	49
121.173332	0.336693	62
121.510025	0.139320	60
121.649345	0.290245	57
121.939590	0.255424	57
122.195015	0.116096	57
122.311111	0.232201	59
122.543312	0.255417	59
122.798729	0.162544	55
122.961273	0.267029	52
123.228302	0.348297	52
123.576599	0.348297	53
123.924896	0.208984	67
124.133881	0.116096	53
124.249977	0.348297	51
124.598274	0.232201	51
124.830475	0.452789	63
125.283264	0.406349	61
125.689613	0.255417	0
125.945030	0.371521	60
126.316551	0.325081	55
126.641632	0.278641	63
126.920273	0.092880	62
127.013153	0.069656	59
127.082809	0.127708	59
127.210518	0.301865	57
127.512383	0.348297	58
127.860680	0.185753	60
128.046432	0.325089	57
128.371521	0.150925	55
128.522446	0.162537	56
128.684982	0.441193	58
129.126175	0.603714	60
129.729889	0.359909	60
130.089798	0.092880	58
130.182678	0.174149	58
130.356827	0.417953	60
130.774780	0.081268	57
130.856049	0.185760	58
131.041809	0.162552	64
131.204361	0.174149	65
131.378510	0.777863	56
132.156372	0.301865	62
132.458237	0.383118	49
132.841354	0.081284	51
132.922638	0.185745	58
133.108383	0.383133	55
133.491516	0.116104	53
133.607620	0.185760	57
133.793381	0.406342	55
134.199722	0.232208	67
134.431931	0.162537	59
134.594467	0.336685	56
134.931152	0.301865	48
135.233017	1.010071	51
136.243088	0.383133	53
136.626221	0.301849	0
136.928070	0.394745	48
137.322815	0.325073	50
137.647888	0.301865	62
137.949753	0.731430	49
138.681183	0.301849	48
138.983032	0.371521	48
139.354553	0.162552	0
139.517105	0.150925	67
139.668030	0.348297	53
140.016327	0.197372	58
140.213699	0.162537	59
140.376236	0.325073	67
140.701309	0.719818	50
141.421127	0.301865	0
141.722992	0.673386	62
142.396378	0.406342	0
142.802719	0.336685	63
143.139404	2.020142	72
145.159546	0.348297	60
145.507843	0.336685	60
145.844528	0.278641	67
146.123169	0.417969	57
146.541138	0.348297	0
146.889435	0.336685	0
147.226120	0.325089	0
147.551208	0.104477	0
147.655685	0.220596	0
147.876282	0.394745	0
148.271027	0.325073	63
148.596100	0.301865	62
148.897964	0.731430	62
149.629395	0.394730	0
150.024124	0.336685	0
150.360809	0.301865	0
150.662674	0.394745	48
151.057419	0.336685	0
151.394104	0.313477	44
151.707581	0.359909	45
152.067490	0.336685	0
152.404175	0.301849	51
152.706024	0.731430	50
153.437454	0.336700	48
153.774155	0.208969	54
153.983124	0.139328	51
154.122452	0.394730	50
154.517181	0.615341	48
155.132523	0.661758	48
155.794281	0.348297	49
156.142578	0.371521	52
156.514099	0.336700	52
156.850800	0.162537	67
157.013336	0.139313	67
157.152649	0.069656	0
157.222305	0.371521	0
157.593826	0.313477	0
157.907303	1.056503	0
158.963806	0.754654	62
159.718460	0.313461	62
160.031921	1.927261	62
161.959183	0.684982	0
162.644165	0.232208	0
162.876373	0.034836	0
162.911209	0.174149	50
163.085358	0.696594	51
163.781952	0.429565	50
164.211517	0.383133	50
164.594650	0.081268	50
164.675919	0.162537	0
164.838455	0.092880	0
164.931335	0.069656	0
165.000992	0.476013	48
165.477005	0.243805	54
165.720810	0.243820	54
165.964630	0.290253	54
166.254883	0.243805	55
166.498688	0.081268	0
166.579956	0.150925	48
166.730881	0.104492	48
166.835373	0.499237	53
167.334610	0.162537	67
167.497147	0.162537	67
167.659683	0.058044	68
167.717728	0.139328	67
167.857056	0.127701	66
167.984756	0.870758	66
168.855515	5.276733	0
