0.092880	1.729887	43
1.822766	1.660227	0
3.482993	1.729887	0
5.212880	1.706667	67
6.919547	1.764717	68
8.684263	1.695057	0
10.379320	0.243809	69
10.623129	0.208980	67
10.832108	0.220590	0
11.052698	0.208980	0
11.261678	0.220590	0
11.482267	0.197370	0
11.679637	0.452789	76
12.132426	0.208980	0
12.341406	0.220590	0
12.561996	0.220590	0
12.782585	0.208980	82
12.991565	0.220590	81
13.212154	0.174150	81
13.386304	0.267030	80
13.653334	0.208980	79
13.862313	0.220590	79
14.082903	0.208980	0
14.291883	0.220589	0
14.512471	0.208980	0
14.721451	0.220590	0
14.942040	0.197370	0
15.139410	0.255420	79
15.394830	0.197370	0
15.592199	0.220590	0
15.812789	0.208980	0
16.021769	0.220591	0
16.242359	0.220589	0
16.462948	0.208979	0
16.671926	0.174150	0
16.846077	0.267029	73
17.113106	0.197371	0
17.310476	0.220589	0
17.531065	0.220591	0
17.751656	0.220589	0
17.972244	0.208981	0
18.181225	0.220589	0
18.401814	0.197371	0
18.599184	0.243809	79
18.842993	0.197371	0
19.040363	0.220589	0
19.260952	0.208981	0
19.469933	0.220589	0
19.690521	0.220591	0
19.911112	0.208979	0
20.120090	0.197371	0
20.317461	0.255419	76
20.572880	0.197371	0
20.770250	0.208979	0
20.979229	0.208981	0
21.188210	0.232199	0
21.420408	0.220589	0
21.640997	0.208981	0
21.849977	0.208979	0
22.058956	0.243811	74
22.302767	0.197369	0
22.500135	0.220591	0
22.720726	0.208979	0
22.929705	0.220591	0
23.150295	0.220589	0
23.370884	0.208981	0
23.579865	0.197369	0
23.777233	0.220591	0
23.997824	0.220589	0
24.218412	0.441179	0
24.659592	0.220591	0
24.880182	0.208979	54
25.089161	0.417959	51
25.507120	0.243809	51
25.750929	0.197371	51
25.948299	0.232199	53
26.180498	0.197371	51
26.377869	0.429569	50
26.807438	0.220589	49
27.028027	0.197371	49
27.225397	0.267029	0
27.492426	0.185760	0
27.678186	0.208979	0
27.887165	0.220591	0
28.107756	0.232199	53
28.339954	0.197371	54
28.537325	0.417959	51
28.955284	0.255419	52
29.210703	0.197371	52
29.408073	0.208979	53
29.617052	0.220591	51
29.837643	0.429567	49
30.267210	0.208981	0
30.476191	0.197369	0
30.673559	0.267031	0
30.940590	0.104490	0
31.045080	0.092878	0
31.137959	0.208981	0
31.346939	0.127710	53
31.474649	0.104488	54
31.579138	0.429571	58
32.008709	0.220589	51
32.229298	0.185760	51
32.415058	0.243809	51
32.658867	0.220589	72
32.879456	0.220589	72
33.100044	0.127712	70
33.227757	0.069660	70
33.297417	0.429569	66
33.726986	0.220589	61
33.947575	0.174149	61
34.121723	0.278641	63
34.400364	0.185757	63
34.586121	0.220592	63
34.806713	0.127708	64
34.934422	0.081268	54
35.015690	0.359913	65
35.375603	0.081268	66
35.456871	0.232201	54
35.689072	0.174149	51
35.863220	0.255421	56
36.118641	0.197369	67
36.316010	0.243809	65
36.559818	0.104488	65
36.664307	0.081272	0
36.745579	0.429569	72
37.175148	0.208981	0
37.384129	0.197369	61
37.581497	0.464397	59
38.045895	0.197372	71
38.243267	0.208977	70
38.452244	0.441181	69
38.893425	0.220589	68
39.114014	0.208981	70
39.322994	0.243809	68
39.566803	0.208981	0
39.775784	0.232197	72
40.007980	0.208981	69
40.216961	0.417961	68
40.634922	0.232197	68
40.867119	0.174152	70
41.041271	0.232197	72
41.273468	0.220592	70
41.494061	0.243809	69
41.737869	0.081268	69
41.819138	0.116100	70
41.935238	0.429569	70
42.364807	0.220589	0
42.585396	0.197372	70
42.782768	0.267029	0
43.049797	0.174149	68
43.223946	0.220589	67
43.444534	0.208981	0
43.653515	0.441177	69
44.094692	0.208981	0
44.303673	0.185760	0
44.489433	0.243809	70
44.733242	0.197369	0
44.930611	0.267033	67
45.197643	0.116096	66
45.313740	0.046440	0
45.360180	0.255421	54
45.615601	0.197369	0
45.812969	0.243813	63
46.056782	0.185757	0
46.242538	0.232201	73
46.474739	0.208981	63
46.683720	0.174149	0
46.857868	0.255421	61
47.113289	0.243809	60
47.357098	0.127708	0
47.484806	0.081272	61
47.566078	0.197369	61
47.763447	0.243809	0
48.007256	0.359909	0
48.367165	0.290249	67
48.657413	0.185760	51
48.843174	0.429569	51
49.272743	0.232201	51
49.504944	0.139320	51
49.644264	0.290249	63
49.934513	0.185760	0
50.120274	0.452789	64
50.573063	0.232197	61
50.805260	0.197372	0
51.002632	0.220589	0
51.223221	0.185760	0
51.408981	0.441177	0
51.850159	0.220589	0
52.070747	0.220589	0
52.291336	0.441181	69
52.732517	0.208981	69
52.941498	0.197369	70
53.138866	0.255421	68
53.394287	0.174149	0
53.568436	0.255421	72
53.823856	0.174149	70
53.998005	0.371517	68
54.369522	0.104492	69
54.474014	0.208981	69
54.682995	0.174149	69
54.857143	0.232201	70
55.089344	0.220589	70
55.309933	0.243809	69
55.553741	0.208981	69
55.762722	0.220589	70
55.983311	0.174149	69
56.157459	0.243809	68
56.401268	0.197372	70
56.598640	0.243809	68
56.842449	0.197369	66
57.039818	0.208981	68
57.248798	0.232201	65
57.480999	0.232197	69
57.713196	0.197372	69
57.910568	0.220589	75
58.131157	0.197369	0
58.328526	0.220589	73
58.549114	0.232201	69
58.781315	0.243809	67
59.025124	0.185760	59
59.210884	0.383129	63
59.594013	0.278641	63
59.872654	0.185760	0
60.058414	0.441177	63
60.499592	0.255421	65
60.755013	0.162537	56
60.917549	0.394741	50
61.312290	0.278641	61
61.590931	0.092880	0
61.683811	0.127708	65
61.811520	0.383129	63
62.194649	0.267029	66
62.461678	0.197369	51
62.659046	0.429569	51
63.088615	0.232201	51
63.320816	0.185760	0
63.506577	0.232201	70
63.738777	0.220589	70
63.959366	0.232201	72
64.191566	0.197365	70
64.388931	0.255424	68
64.644356	0.162537	70
64.806892	0.232201	69
65.039093	0.185760	70
65.224854	0.243805	0
65.468658	0.208984	72
65.677643	0.243805	70
65.921448	0.197372	69
66.118820	0.232201	69
66.351021	0.185760	70
66.536781	0.232201	68
66.768982	0.208977	65
66.977959	0.255417	66
67.233376	0.185760	70
67.419136	0.220589	70
67.639725	0.208984	69
67.848709	0.417961	70
68.266670	0.220589	69
68.487259	0.197365	64
68.684624	0.232201	67
68.916824	0.220589	69
69.137413	0.220589	70
69.358002	0.208984	69
69.566986	0.220589	70
69.787575	0.197365	55
69.984940	0.255424	72
70.240364	0.197365	73
70.437729	0.220596	72
70.658325	0.208977	66
70.867302	0.232201	65
71.099503	0.197365	51
71.296867	0.417961	0
71.714828	0.220589	0
71.935417	0.208984	0
72.144402	0.208977	70
72.353378	0.232201	68
72.585579	0.232201	67
72.817780	0.197365	54
73.015144	0.429573	61
73.444717	0.232201	64
73.676918	0.208977	63
73.885895	0.220589	69
74.106483	0.208984	68
74.315468	0.208977	62
74.524445	0.220589	51
74.745033	0.394737	66
75.139771	0.255424	61
75.395195	0.208977	73
75.604172	0.232201	72
75.836372	0.220589	67
76.056961	0.197372	62
76.254333	0.220589	63
76.474922	0.429565	62
76.904488	0.441185	63
77.345673	0.220589	68
77.566261	0.185760	68
77.752022	0.232193	65
77.984215	0.220589	52
78.204803	0.406349	66
78.611153	0.243813	66
78.854965	0.162544	0
79.017509	0.452782	68
79.470291	0.255424	65
79.725716	0.208977	62
79.934692	0.243813	54
80.178505	0.174149	54
80.352654	0.429565	52
80.782219	0.452789	64
81.235008	0.243813	65
81.478821	0.162537	51
81.641357	0.452789	55
82.094147	0.220596	58
82.314743	0.162537	61
82.477280	0.255417	67
82.732697	0.208984	67
82.941681	0.255417	66
83.197098	0.197372	61
83.394470	0.243805	55
83.638275	0.174149	66
83.812424	0.417961	53
84.230385	0.452789	68
84.683174	0.255417	65
84.938591	0.174156	70
85.112747	0.441177	65
85.553925	0.220589	73
85.774513	0.197372	69
85.971886	0.441177	73
86.413063	0.220589	70
86.633652	0.220589	69
86.854240	0.220589	69
87.074829	0.197372	0
87.272202	0.232201	0
87.504402	0.197365	70
87.701767	0.255424	68
87.957191	0.185753	70
88.142944	0.232201	73
88.375145	0.208984	70
88.584129	0.325073	69
88.909203	0.116104	72
89.025307	0.197372	69
89.222679	0.208977	69
89.431656	0.232201	70
89.663857	0.208977	70
89.872833	0.232201	69
90.105034	0.197372	70
90.302406	0.394737	70
90.697144	0.255417	70
90.952560	0.208984	70
91.161545	0.243805	68
91.405350	0.197372	69
91.602722	0.417961	66
92.020683	0.255417	69
92.276100	0.197372	70
92.473473	0.208977	0
92.682449	0.197372	0
92.879822	0.243805	69
93.123627	0.197372	70
93.320999	0.243805	67
93.564804	0.185760	0
93.750565	0.232201	54
93.982765	0.197372	57
94.180138	0.429565	63
94.609703	0.255424	63
94.865128	0.185760	49
95.050888	0.232193	49
95.283081	0.174156	49
95.457237	0.417953	49
95.875191	0.267029	61
96.142220	0.208984	0
96.351204	0.394737	0
96.745941	0.278641	65
97.024582	0.185760	63
97.210342	0.220589	52
97.430931	0.208977	0
97.639908	0.232201	51
97.872108	0.150932	0
98.023041	0.243805	75
98.266846	0.208984	0
98.475830	0.255417	61
98.731247	0.197372	61
98.928619	0.417953	0
99.346573	0.243813	73
99.590385	0.197372	72
99.787758	0.429565	73
100.217323	0.220589	66
100.437912	0.220589	70
100.658501	0.220589	68
100.879089	0.092880	69
100.971970	0.127716	70
101.099686	0.220589	68
101.320274	0.197365	70
101.517639	0.232201	70
101.749840	0.197372	70
101.947212	0.255417	72
102.202629	0.185760	70
102.388390	0.220589	68
102.608978	0.150932	70
102.759911	0.058052	70
102.817963	0.220589	69
103.038551	0.197365	69
103.235916	0.243813	68
103.479729	0.162537	69
103.642265	0.267029	68
103.909294	0.208984	69
104.118279	0.208977	70
104.327255	0.208984	70
104.536240	0.232193	68
104.768433	0.208984	70
104.977417	0.232201	67
105.209618	0.162537	67
105.372154	0.255417	64
105.627571	0.185760	56
105.813332	0.464401	70
106.277733	0.220589	73
106.498322	0.185760	73
106.684082	0.232201	71
106.916283	0.197365	70
107.113647	0.232201	53
107.345848	0.220589	54
107.566437	0.220596	57
107.787033	0.197365	62
107.984398	0.220589	54
108.204987	0.208984	63
108.413971	0.232201	68
108.646172	0.174149	60
108.820320	0.255417	64
109.075737	0.208977	0
109.284714	0.232201	61
109.516914	0.197372	60
109.714287	0.232201	60
109.946487	0.243805	63
110.190292	0.359909	63
110.550201	0.278641	66
110.828842	0.185760	62
111.014603	0.232201	0
111.246803	0.197372	0
111.444176	0.232193	0
111.676369	0.197372	0
111.873741	0.220589	70
112.094330	0.208984	70
112.303314	0.255417	72
112.558731	0.174149	70
112.732880	0.255417	68
112.988297	0.162544	69
113.150841	0.243805	69
113.394646	0.174156	69
113.568802	0.243805	78
113.812607	0.232201	75
114.044807	0.232201	69
114.277008	0.197365	69
114.474373	0.429573	69
114.903946	0.220589	70
115.124535	0.208977	70
115.333511	0.255424	73
115.588936	0.185760	66
115.774696	0.232201	70
116.006897	0.208977	69
116.215874	0.429565	70
116.645439	0.208984	61
116.854424	0.197365	63
117.051788	0.232201	67
117.283989	0.220589	69
117.504578	0.232201	70
117.736778	0.197372	69
117.934151	0.208977	70
118.143127	0.208984	59
118.352112	0.441177	72
118.793289	0.232201	70
119.025490	0.208977	72
119.234467	0.429573	69
119.664040	0.417953	61
120.081993	0.220589	0
120.302582	0.197372	0
120.499954	0.452789	70
120.952744	0.232201	68
121.184944	0.174149	67
121.359093	0.452789	65
121.811882	0.220589	64
122.032471	0.220589	63
122.253059	0.220589	69
122.473648	0.220589	68
122.694237	0.197372	66
122.891609	0.208977	68
123.100586	0.406349	61
123.506935	0.243813	70
123.750748	0.208977	70
123.959724	0.232201	72
124.191925	0.220589	67
124.412514	0.197372	63
124.609886	0.232201	63
124.842087	0.429565	63
125.271652	0.243813	63
125.515465	0.185760	63
125.701225	0.232201	70
125.933426	0.174149	68
126.107574	0.243813	64
126.351387	0.220589	68
126.571976	0.394737	66
126.966713	0.255417	67
127.222130	0.162544	70
127.384674	0.476006	69
127.860680	0.232201	70
128.092880	0.220596	69
128.313477	0.429565	70
128.743042	0.208969	58
128.952011	0.208984	63
129.160995	0.441177	66
129.602173	0.220596	69
129.822769	0.208984	69
130.031754	0.429565	70
130.461319	0.220581	68
130.681900	0.185760	65
130.867661	0.232208	67
131.099869	0.220581	69
131.320450	0.220596	70
131.541046	0.208969	69
131.750015	0.220596	70
131.970612	0.197372	60
132.167984	0.452789	69
132.620773	0.232193	65
132.852966	0.208984	69
133.061951	0.232193	70
133.294144	0.185760	70
133.479904	0.441177	0
133.921082	0.208984	0
134.130066	0.197372	0
134.327438	0.452789	68
134.780228	0.232193	64
135.012421	0.185760	63
135.198181	0.429581	63
135.627762	0.232193	67
135.859955	0.208984	63
136.068939	0.220581	70
136.289520	0.220596	69
136.510117	0.208969	69
136.719086	0.197372	67
136.916458	0.417969	66
137.334427	0.255417	65
137.589844	0.185760	70
137.775604	0.243805	70
138.019409	0.220596	69
138.240005	0.185760	65
138.425766	0.232193	63
138.657959	0.417953	60
139.075912	0.255432	65
139.331345	0.185760	64
139.517105	0.243805	63
139.760910	0.185760	67
139.946671	0.232193	67
140.178864	0.208984	66
140.387848	0.394730	69
140.782578	0.255432	69
141.038010	0.150925	0
141.188934	0.464401	69
141.653336	0.255417	66
141.908752	0.197372	67
142.106125	0.417953	65
142.524078	0.452789	63
142.976868	0.243820	71
143.220688	0.197357	58
143.418045	0.243820	66
143.661865	0.185760	0
143.847626	0.417953	67
144.265579	0.232193	66
144.497772	0.197372	63
144.695145	0.452789	64
145.147934	0.208984	66
145.356918	0.220581	63
145.577499	0.232208	52
145.809708	0.197372	0
146.007080	0.220581	51
146.227661	0.208984	51
146.436646	0.232193	0
146.668839	0.208984	51
146.877823	0.208984	0
147.086807	0.220581	56
147.307388	0.429581	51
147.736969	0.208969	64
147.945938	0.197372	64
148.143311	0.441177	0
148.584488	0.232208	0
148.816696	0.208969	63
149.025665	0.429565	66
149.455231	0.243820	0
149.699051	0.185760	0
149.884811	0.243805	74
150.128616	0.197372	0
150.325989	0.429565	64
150.755554	0.243805	63
150.999359	0.174149	66
151.173508	0.232208	66
151.405716	0.197372	63
151.603088	0.441177	66
152.044266	0.220581	66
152.264847	0.208984	63
152.473831	0.441177	0
152.915009	0.232208	63
153.147217	0.197357	0
153.344574	0.232208	63
153.576782	0.197372	63
153.774155	0.429565	65
154.203720	0.255417	65
154.459137	0.174149	0
154.633286	0.220596	75
154.853882	0.197372	72
155.051254	0.441177	73
155.492432	0.232193	74
155.724625	0.197372	63
155.921997	0.441177	64
156.363174	0.429565	68
156.792740	0.243820	63
157.036560	0.197357	63
157.233917	0.429581	67
157.663498	0.429565	63
158.093063	0.208984	63
158.302048	0.208969	63
158.511017	0.452789	79
158.963806	0.208984	63
159.172791	0.220581	63
159.393372	0.359909	65
159.753281	0.069672	0
159.822952	0.417953	64
160.240906	0.243805	63
160.484711	0.197372	65
160.682083	0.441177	65
161.123260	0.429581	67
161.552841	0.208969	63
161.761810	0.208984	63
161.970795	0.429565	66
162.400360	0.232208	69
162.632568	0.208969	68
162.841537	0.429581	66
163.271118	0.255417	67
163.526535	0.174149	69
163.700684	0.243805	74
163.944489	0.185760	67
164.130249	0.371521	65
164.501770	0.058044	0
164.559814	0.255417	63
164.815231	0.185760	63
165.000992	0.208984	63
165.209976	0.174149	63
165.384125	0.476013	64
165.860138	0.220581	0
166.080719	0.208984	0
166.289703	0.383133	66
166.672836	0.058044	0
166.730881	0.232208	65
166.963089	0.197357	63
167.160446	0.232208	63
167.392654	0.197372	63
167.590027	0.359909	68
167.949936	0.081268	72
168.031204	0.255417	67
168.286621	0.174149	69
168.460770	0.208984	63
168.669754	0.208969	70
168.878723	0.243820	73
169.122543	0.197372	75
169.319916	0.220581	76
169.540497	0.208984	64
169.749481	0.429565	70
170.179047	0.232193	69
170.411240	0.185760	71
170.597000	0.243820	73
170.840820	0.208969	73
171.049789	0.220596	73
171.270386	0.208984	80
171.479370	0.232193	80
171.711563	0.208984	80
171.920547	0.185760	80
172.106308	0.208969	81
172.315277	0.452789	82
172.768066	0.208984	63
172.977051	0.232208	65
173.209259	0.429565	73
173.638824	0.208969	77
173.847794	0.174164	76
174.021957	0.290237	77
174.312195	0.197372	77
174.509567	0.208984	73
174.718552	0.174149	72
174.892700	0.034821	70
174.927521	0.441193	72
175.368713	0.208969	70
175.577682	0.197372	70
175.775055	0.429565	70
176.204620	0.255432	72
176.460052	0.208969	62
176.669022	0.429565	74
177.098587	0.417969	74
177.516556	0.243805	72
177.760361	0.197372	72
177.957733	0.371521	74
178.329254	0.058044	0
178.387299	0.417969	71
178.805267	0.220581	67
179.025848	0.197372	72
179.223221	0.452789	74
179.676010	0.220581	78
179.896591	0.208984	70
180.105576	0.441177	66
180.546753	0.232208	69
180.778961	0.185760	68
180.964722	0.243805	73
181.208527	0.208984	65
181.417511	0.429565	65
181.847076	0.383133	75
182.230209	0.243805	71
182.474014	0.208984	72
182.682999	0.441177	73
183.124176	0.429565	68
183.553741	0.441177	69
183.994919	0.429565	73
184.424484	0.232208	73
184.656693	0.208969	73
184.865662	0.429581	61
185.295242	0.429565	69
185.724808	0.220596	75
185.945404	0.185745	77
186.131149	0.452789	71
186.583939	0.220596	64
186.804535	0.220596	0
187.025131	0.417953	74
187.443085	0.243805	72
187.686890	0.197372	79
187.884262	0.232193	80
188.116455	0.208984	77
188.325439	0.417969	69
188.743408	0.232193	68
188.975601	0.208984	68
189.184586	0.220581	69
189.405167	0.185760	68
189.590927	0.417969	66
190.008896	0.267029	70
190.275925	0.208969	71
190.484894	0.429581	78
190.914474	0.220581	78
191.135056	0.197372	78
191.332428	0.441177	69
191.773605	0.429565	72
192.203171	0.220596	72
192.423767	0.220581	72
192.644348	0.208984	65
192.853333	0.185760	70
193.039093	0.452789	74
193.491882	0.220596	74
193.712479	0.220581	74
193.933060	0.417953	76
194.351013	0.429581	78
194.780594	0.243805	78
195.024399	0.208984	80
195.233383	0.220581	79
195.453964	0.208984	80
195.662949	0.429565	79
196.092514	0.208984	0
196.301498	0.197372	73
196.498871	0.232193	73
196.731064	0.220596	0
196.951660	0.429565	75
197.381226	0.441177	72
197.822403	0.243805	75
198.066208	0.185760	75
198.251968	0.429581	75
198.681549	0.232193	73
198.913742	0.197372	69
199.111115	0.441177	70
199.552292	0.208984	0
199.761276	0.197357	76
199.958633	0.255432	69
200.214066	0.197357	69
200.411423	0.232208	70
200.643631	0.197372	70
200.841003	0.220581	69
201.061584	0.185760	0
201.247345	0.464401	69
201.711746	0.232193	70
201.943939	0.116104	71
202.060043	0.092880	73
202.152924	0.429565	69
202.582489	0.429581	67
203.012070	0.220581	0
203.232651	0.185760	0
203.418411	0.452789	68
203.871201	0.417953	67
204.289154	0.429581	67
204.718735	0.243805	66
204.962540	0.208984	64
205.171524	0.220581	65
205.392105	0.208984	68
205.601089	0.220581	69
205.821671	0.197372	70
206.019043	0.406357	61
206.425400	0.255417	62
206.680817	0.197372	70
206.878189	0.232193	70
207.110382	0.220596	68
207.330978	0.197372	70
207.528351	0.220581	65
207.748932	0.429565	63
208.178497	0.441193	62
208.619690	0.406342	67
209.026031	0.255417	70
209.281448	0.208984	72
209.490433	0.406342	69
209.896774	0.243820	70
210.140594	0.174149	70
210.314743	0.475998	72
210.790741	0.429581	70
211.220322	0.243805	70
211.464127	0.185760	79
211.649887	0.429565	80
212.079453	0.267029	76
212.346481	0.174149	66
212.520630	0.243820	65
212.764450	0.185760	70
212.950211	0.429565	70
213.379776	0.220581	65
213.600357	0.197372	65
213.797729	0.243805	71
214.041534	0.208984	69
214.250519	0.232208	70
214.482727	0.197357	58
214.680084	0.406357	62
215.086441	0.452789	71
215.539230	0.243805	0
215.783035	0.197372	60
215.980408	0.429565	67
216.409973	0.429581	67
216.839554	0.208969	66
217.048523	0.197372	0
217.245895	0.452789	65
217.698685	0.232193	63
217.930878	0.185760	63
218.116638	0.441177	60
218.557816	0.232208	63
218.790024	0.197372	65
218.987396	0.452789	67
219.440186	0.208969	62
219.649155	0.185760	61
219.834915	0.429581	61
220.264496	0.243805	0
220.508301	0.197372	0
220.705673	0.243805	70
220.949478	0.220596	65
221.170074	0.197357	63
221.367432	0.232208	63
221.599640	0.417953	63
222.017593	0.429565	63
222.447159	0.243820	69
222.690979	0.174149	63
222.865128	0.232193	63
223.097321	0.208984	63
223.306305	0.417953	72
223.724258	0.243820	71
223.968079	0.162537	72
224.130615	0.255417	75
224.386032	0.220596	69
224.606628	0.441177	70
225.047806	0.429565	70
225.477371	0.232193	70
225.709564	0.208984	65
225.918549	0.429565	74
226.348114	0.243820	69
226.591934	0.185760	69
226.777695	0.441177	70
227.218872	0.208969	70
227.427841	0.197372	67
227.625214	0.441177	68
228.066391	0.243820	70
228.310211	0.197357	70
228.507568	0.394745	68
228.902313	0.464401	70
229.366714	0.243805	70
229.610519	0.185760	72
229.796280	0.232208	68
230.028488	0.197357	69
230.225845	0.441177	68
230.667023	0.208984	63
230.876007	0.162537	63
231.038544	0.487625	68
231.526169	0.232193	64
231.758362	0.185760	63
231.944122	0.243820	63
232.187943	0.197357	66
232.385300	0.243820	80
232.629120	0.197372	74
232.826492	0.220581	78
233.047073	0.220596	78
233.267670	0.208969	68
233.476639	0.197372	70
233.674011	0.429565	65
234.103577	0.243820	70
234.347397	0.174149	70
234.521545	0.255417	77
234.776962	0.208984	72
234.985947	0.417953	64
235.403900	0.441177	65
235.845078	0.243805	66
236.088882	0.185760	76
236.274643	0.243820	70
236.518463	0.162537	65
236.681000	0.255417	68
236.936417	0.197372	70
237.133789	0.406342	68
237.540131	0.255432	70
237.795563	0.162537	0
237.958099	0.475998	69
238.434097	0.429581	69
238.863678	0.429565	70
239.293243	0.243805	65
239.537048	0.197372	63
239.734421	0.429565	65
240.163986	0.243820	70
240.407806	0.185760	69
240.593567	0.429565	70
241.023132	0.220581	0
241.243713	0.197372	76
241.441086	0.232208	74
241.673294	0.220581	69
241.893875	0.232208	70
242.126083	0.197357	70
242.323441	0.220596	69
242.544037	0.185760	70
242.729797	0.464401	72
243.194199	0.220581	72
243.414780	0.208984	71
243.623764	0.429565	65
244.053329	0.429565	65
244.482895	0.220596	0
244.703491	0.197372	0
244.900864	0.452789	68
245.353653	0.406342	67
245.759995	0.429581	67
246.189575	0.255417	0
246.444992	0.197372	0
246.642365	0.232193	69
246.874557	0.208984	68
247.083542	0.208969	68
247.292511	0.197372	0
247.489883	0.417969	0
247.907852	0.255417	0
248.163269	0.197372	0
248.360641	0.220581	0
248.581223	0.220596	0
248.801819	0.208969	0
249.010788	0.220596	0
249.231384	0.429565	0
249.660950	0.441177	0
250.102127	0.394745	0
250.496872	0.476013	0
250.972885	0.452789	0
251.425674	0.417953	0
251.843628	0.893967	0
252.737595	5.248764	0
