41.795918	1.729889	80
43.525806	0.626938	74
44.152744	0.208981	70
44.361725	0.441177	69
44.802902	0.220589	68
45.023491	0.220592	70
45.244083	0.232197	68
45.476280	0.208981	70
45.685261	0.243809	72
45.929070	0.208981	69
46.138050	0.162540	68
46.300591	0.255417	68
46.556007	0.139320	68
46.695328	0.278641	70
46.973969	0.208981	69
47.182949	0.243809	70
47.426758	0.092880	68
47.519638	0.174149	70
47.693787	0.603718	71
48.297504	0.429569	69
48.727074	0.185760	68
48.912834	0.081268	67
48.994102	0.162540	68
49.156643	0.232201	67
49.388844	0.197369	67
49.586212	0.824310	69
50.410522	0.255417	69
50.665939	0.220592	70
50.886532	0.150928	68
51.037460	0.139320	66
51.176781	0.058048	65
51.234829	0.325081	66
51.559910	0.208981	0
51.768890	0.255417	62
52.024307	0.185760	62
52.210068	0.208981	62
52.419048	0.220589	63
52.639637	0.174149	0
52.813786	0.267033	0
53.080818	0.255417	72
53.336235	0.116100	63
53.452335	0.139320	61
53.591656	0.150928	60
53.742584	0.603718	62
54.346302	0.673382	64
55.019684	0.243809	66
55.263493	0.383129	68
55.646622	0.208981	64
55.855602	0.267029	78
56.122631	0.464397	68
56.587029	0.859138	73
57.446167	0.615330	72
58.061497	0.243809	69
58.305305	0.255421	69
58.560726	0.174149	69
58.734875	0.208981	69
58.943855	0.208981	70
59.152836	0.174149	68
59.326984	0.046440	68
59.373425	0.208981	70
59.582405	0.417957	71
60.000362	0.348301	68
60.348663	0.522449	69
60.871113	0.208977	69
61.080090	0.255421	69
61.335510	0.104488	68
61.439999	0.150932	70
61.590931	0.406349	72
61.997280	0.185757	69
62.183037	0.232201	68
62.415237	0.220589	70
62.635826	0.208981	68
62.844807	0.220589	66
63.065395	0.220592	67
63.285988	0.232197	65
63.518185	0.127712	68
63.645897	0.116100	70
63.761997	0.220589	70
63.982586	0.580502	72
64.563087	0.267029	69
64.830116	0.127708	68
64.957825	0.139320	66
65.097145	0.174149	67
65.271294	0.371521	63
65.642815	0.476006	62
66.118820	0.441177	63
66.559998	0.255424	65
66.815422	0.150925	63
66.966347	0.406349	60
67.372696	0.313469	61
67.686165	0.580505	63
68.266670	0.661766	65
68.928436	0.278641	64
69.207077	0.383125	69
69.590202	0.174149	70
69.764351	0.267029	70
70.031380	0.243813	72
70.275192	0.208977	70
70.484169	0.406349	68
70.890518	0.417961	69
71.308479	0.243813	68
71.552292	0.220589	71
71.772881	0.859138	69
72.632019	0.220589	67
72.852608	0.661766	66
73.514374	0.243813	70
73.758186	0.626938	69
74.385124	0.197372	67
74.582497	0.417953	64
75.000450	0.464401	69
75.464851	0.220589	69
75.685440	0.197372	69
75.882812	0.208977	69
76.091789	0.150932	68
76.242722	0.522446	69
76.765167	0.150932	68
76.916100	0.545670	69
77.461769	0.847527	69
78.309296	0.650162	68
78.959457	0.208977	66
79.168434	0.429573	67
79.598007	0.220589	66
79.818596	0.325081	68
80.143677	0.092880	69
80.236557	0.429565	68
80.666122	0.232201	66
80.898323	0.394737	67
81.293060	0.243813	65
81.536873	0.255417	76
81.792290	0.185760	69
81.978050	0.417961	69
82.396011	0.243805	66
82.639816	0.278641	67
82.918457	0.162544	62
83.081001	0.255417	66
83.336418	0.208977	68
83.545395	0.185760	67
83.731155	0.162544	68
83.893700	0.267029	72
84.160728	0.220589	66
84.381317	0.406349	67
84.787666	0.406349	66
85.194016	0.243805	68
85.437820	0.208984	67
85.646805	0.278641	66
85.925446	0.232193	75
86.157639	0.383133	75
86.540771	0.429565	67
86.970337	0.174156	64
87.144493	0.278633	63
87.423126	0.267029	66
87.690155	0.162544	72
87.852699	0.824310	67
88.677010	0.255417	67
88.932426	0.220589	67
89.153015	0.673378	65
89.826393	0.185760	71
90.012154	0.441177	65
90.453331	0.185760	63
90.639091	0.267029	63
90.906120	0.441185	68
91.347305	0.417953	66
91.765259	1.102951	68
92.868210	0.220589	69
93.088799	0.208977	69
93.297775	0.220589	70
93.518364	0.208984	68
93.727348	0.232201	70
93.959549	0.232201	68
94.191750	0.150925	69
94.342674	0.058052	71
94.400726	0.220589	72
94.621315	0.116096	70
94.737411	0.139320	68
94.876732	0.232201	68
95.108932	0.243813	69
95.352745	0.348297	69
95.701042	0.197372	70
95.898415	0.232201	70
96.130615	0.267029	69
96.397644	0.162537	69
96.560181	0.081268	68
96.641449	0.325081	70
96.966530	0.255417	68
97.221947	0.232201	69
97.454147	0.150932	68
97.605080	0.267029	66
97.872108	0.429573	67
98.301682	0.255417	69
98.557098	0.592110	70
99.149208	0.220589	71
99.369797	0.243805	69
99.613602	0.267036	67
99.880638	0.046440	65
99.927078	0.116096	66
100.043175	0.208977	63
100.252151	0.220589	61
100.472740	0.429573	63
100.902313	0.150932	63
101.053246	0.290245	63
101.343491	0.243813	64
101.587303	0.162537	62
101.749840	0.417961	60
102.167801	0.116096	62
102.283897	0.185760	61
102.469658	0.568893	63
103.038551	0.684982	64
103.723534	0.255424	72
103.978958	0.359909	78
104.338867	0.208977	64
104.547844	0.267029	72
104.814873	0.243813	66
105.058685	0.626938	70
105.685623	0.452789	83
106.138412	0.336693	74
106.475105	0.104485	64
106.579590	0.092880	58
106.672470	0.092880	61
106.765350	0.243813	70
107.009163	0.197365	67
107.206528	0.452789	67
107.659317	0.208984	69
107.868301	0.208977	68
108.077278	0.220589	69
108.297867	0.267029	71
108.564896	0.185760	69
108.750656	0.197372	68
108.948029	0.255417	0
109.203445	0.603722	69
109.807167	0.174149	0
109.981316	0.092880	74
110.074196	0.104492	69
110.178688	0.313469	69
110.492157	0.150925	69
110.643082	0.278641	69
110.921722	0.208977	68
111.130699	0.116104	70
111.246803	0.325081	68
111.571884	0.174149	65
111.746033	0.255417	68
112.001450	0.185760	68
112.187210	0.301857	69
112.489067	0.185760	70
112.674828	0.615334	72
113.290161	0.208977	70
113.499138	0.208977	69
113.708115	0.243813	66
113.951927	0.208977	70
114.160904	0.220596	65
114.381500	0.208977	65
114.590477	0.232201	63
114.822678	0.197365	61
115.020042	0.197372	62
115.217415	0.255417	64
115.472832	0.197372	63
115.670204	0.220589	72
115.890793	0.232201	73
116.122993	0.243813	62
116.366806	0.592102	71
116.958908	0.499229	68
117.458138	0.185760	73
117.643898	0.243813	72
117.887711	0.406349	68
118.294060	0.185760	69
118.479820	0.255417	70
118.735237	0.255417	72
118.990654	0.185760	70
119.176414	0.394745	68
119.571159	0.417953	69
119.989113	0.243813	68
120.232925	0.243813	71
120.476738	0.232193	69
120.708931	0.847534	69
121.556465	0.220589	65
121.777054	0.464394	66
122.241447	1.056511	69
123.297958	0.406349	64
123.704308	0.487617	69
124.191925	0.197372	69
124.389297	0.197372	69
124.586670	0.220589	69
124.807259	0.150925	68
124.958183	0.510841	69
125.469025	0.127708	68
125.596733	1.416420	70
127.013153	0.638550	70
127.651703	0.208977	65
127.860680	0.429573	67
128.290253	0.232193	66
128.522446	0.325089	69
128.847534	0.104477	75
128.952011	0.417969	68
129.369980	0.232193	78
129.602173	0.406357	68
130.008530	0.232193	66
130.240723	0.441177	78
130.681900	0.394745	68
131.076645	0.278641	67
131.355286	0.429565	66
131.784851	0.267029	66
132.051880	0.197372	68
132.249252	0.185760	67
132.435013	0.174149	68
132.609161	0.255417	66
132.864578	0.232208	66
133.096786	0.394730	66
133.491516	0.417969	66
133.909485	0.220581	68
134.130066	0.255417	72
134.385483	0.255417	69
134.640900	0.626953	69
135.267853	0.208969	69
135.476822	0.661774	66
136.138596	0.232193	69
136.370789	0.661774	69
137.032562	0.174149	65
137.206711	0.417953	64
137.624664	0.139328	68
137.763992	0.313461	69
138.077454	0.243820	69
138.321274	0.185760	69
138.507034	0.220581	69
138.727615	0.139328	68
138.866943	0.510834	70
139.377777	0.150925	68
139.528702	0.545670	69
140.074371	0.557281	73
140.631653	0.290253	71
140.921906	0.626938	68
141.548843	0.220596	65
141.769440	0.441177	67
142.210617	0.232193	66
142.442810	0.325089	69
142.767899	0.104477	71
142.872375	0.429581	68
143.301956	0.220581	73
143.522537	0.394745	67
143.917282	0.243805	76
144.161087	0.429565	75
144.590652	0.429581	69
145.020233	0.255417	66
145.275650	0.417953	67
145.693604	0.267029	66
145.960632	0.208984	67
146.169617	0.185760	68
146.355377	0.174149	68
146.529526	0.267029	67
146.796555	0.208984	66
147.005539	0.394730	66
147.400269	0.417969	66
147.818237	0.243805	68
148.062042	0.243805	68
148.305847	0.429565	70
148.735413	0.441193	70
149.176605	0.267029	68
149.443634	0.185760	74
149.629395	0.243805	68
149.873199	0.208984	74
150.082184	0.220581	68
150.302765	0.232208	73
150.534973	0.232193	71
150.767166	0.162537	69
150.929703	0.452789	67
151.382492	0.441177	65
151.823669	0.232208	65
152.055878	0.208969	77
152.264847	0.185760	78
152.450607	0.255417	77
152.706024	0.185760	83
152.891785	0.255432	78
153.147217	0.185760	87
153.332977	0.243805	87
153.576782	0.174149	86
153.750931	0.255417	84
154.006348	0.197372	80
154.203720	0.255417	84
154.459137	0.208984	83
154.668121	0.197372	82
154.865494	0.243805	81
155.109299	0.185760	80
155.295059	0.232193	83
155.527252	0.220596	83
155.747849	0.441177	83
156.189026	0.429565	83
156.618591	0.441177	81
157.059769	0.441177	77
157.500946	0.394745	72
157.895691	0.429565	65
158.325256	0.441177	65
158.766434	0.255432	68
159.021866	0.197357	71
159.219223	0.197372	66
159.416595	0.255417	75
159.672012	0.185760	78
159.857773	0.243820	78
160.101593	0.185760	80
160.287354	0.232193	67
160.519547	0.220596	65
160.740143	0.208969	64
160.949112	0.267029	67
161.216141	0.174149	75
161.390289	0.255432	77
161.645721	0.197357	74
161.843079	0.232208	77
162.075287	0.174149	77
162.249435	0.476013	77
162.725449	0.441177	76
163.166626	0.452789	75
163.619415	0.406342	80
164.025757	0.893967	82
164.919724	0.847534	80
165.767258	0.882355	82
166.649612	0.801086	83
167.450699	0.429581	68
167.880280	0.452789	74
168.333069	0.464386	64
168.797455	0.429581	65
169.227036	0.255417	65
169.482452	0.208969	68
169.691422	0.429581	77
170.121002	0.464401	80
170.585403	0.406342	81
170.991745	0.893967	81
171.885712	0.835922	82
172.721634	31.277283	81
203.998917	0.267029	80
204.265945	0.615326	82
204.881271	0.220581	81
205.101852	0.661774	77
205.763626	0.243805	70
206.007431	0.626938	69
206.634369	0.197372	69
206.831741	0.383133	76
207.214874	0.499237	69
207.714111	0.220581	69
207.934692	0.197372	69
208.132065	0.197372	69
208.329437	0.150925	68
208.480362	0.534058	70
209.014420	0.127716	68
209.142136	0.557281	70
209.699417	0.777863	70
210.477280	0.069656	69
210.546936	0.638550	68
211.185486	0.104492	65
211.289978	0.104492	65
211.394470	0.417953	67
211.812424	0.232208	66
212.044632	0.313461	67
212.358093	0.116104	69
212.474197	0.441177	68
212.915375	0.220596	68
213.135971	0.394730	68
213.530701	0.243805	66
213.774506	0.255432	72
214.029938	0.174149	67
214.204086	0.429565	68
214.633652	0.267029	66
214.900681	0.394745	65
215.295425	0.487610	67
215.783035	0.150940	68
215.933975	0.232193	70
216.166168	0.220596	69
216.386765	0.255417	65
216.642181	0.185760	68
216.827942	0.232193	69
217.060135	0.243805	69
217.303940	0.174149	70
217.478088	0.139328	68
217.617416	0.313461	81
217.930878	0.661774	69
218.592651	0.487625	79
219.080276	0.603714	79
219.683990	0.255417	78
219.939407	0.615326	75
220.554733	0.208984	68
220.763718	0.406357	75
221.170074	0.150925	68
221.320999	0.325073	69
221.646072	0.220596	69
221.866669	0.197372	69
222.064041	0.197357	69
222.261398	0.139328	70
222.400726	0.522446	72
222.923172	0.139328	71
223.062500	0.278641	71
223.341141	0.301849	69
223.642990	0.139328	69
223.782318	0.127701	67
223.910019	0.185760	65
224.095779	0.394745	66
224.490524	0.116104	66
224.606628	0.510834	74
225.117462	0.197372	74
225.314835	0.441177	76
225.756012	0.220581	78
225.976593	0.406357	78
226.382950	0.452789	77
226.835739	0.208984	74
227.044724	0.417953	78
227.462677	0.267029	78
227.729706	0.174149	79
227.903854	0.069656	79
227.973511	0.185760	77
228.159271	0.325089	77
228.484360	0.092880	75
228.577240	0.267029	78
228.844269	0.394730	75
229.238998	0.476013	66
229.715012	0.174149	69
229.889160	0.197372	66
230.086533	0.243805	65
230.330338	0.220596	64
230.550934	0.406342	67
230.957275	0.406357	65
231.363632	0.232193	67
231.595825	0.243805	69
231.839630	0.278641	69
232.118271	0.313477	69
232.431747	0.313461	70
232.745209	0.208984	62
232.954193	0.650162	63
233.604355	0.243805	69
233.848160	0.429565	69
234.277725	0.417969	70
234.695694	0.348297	66
235.043991	0.081268	67
235.125259	0.243805	69
235.369064	0.417969	69
235.787033	0.197372	69
235.984406	0.197357	69
236.181763	0.150940	68
236.332703	0.534058	69
236.866760	0.429565	72
237.296326	0.325073	68
237.621399	0.150940	67
237.772339	0.092880	65
237.865219	0.452789	63
238.318008	0.185760	73
238.503769	0.534058	68
239.037827	0.208969	66
239.246796	0.220596	73
239.467392	0.220596	79
239.687988	0.220581	80
239.908569	0.243805	79
240.152374	0.174164	78
240.326538	0.441177	76
240.767715	0.220581	82
240.988297	0.243805	78
241.232101	0.185760	78
241.417862	0.220596	79
241.638458	0.220596	76
241.859055	0.150925	77
242.009979	0.058044	78
242.068024	0.406357	78
242.474380	0.267029	75
242.741409	0.429565	66
243.170975	0.232193	70
243.403168	0.406357	79
243.809525	0.185760	65
243.995285	0.255417	66
244.250702	0.220596	66
244.471298	0.394730	67
244.866028	0.417969	65
245.283997	0.243805	68
245.527802	0.243805	69
245.771606	0.882355	69
246.653961	0.232208	66
246.886169	0.650162	66
247.536331	0.243805	70
247.780136	0.835922	69
248.616058	0.394730	64
249.010788	0.150940	67
249.161728	0.336685	69
249.498413	0.220596	69
249.719009	0.185745	69
249.904755	0.208984	69
250.113739	0.139328	68
250.253067	0.510834	69
250.763901	0.127716	68
250.891617	0.777863	70
251.669479	0.417953	69
252.087433	0.255417	78
252.342850	0.638550	68
252.981400	0.197372	63
253.178772	0.441177	69
253.619949	0.232208	66
253.852158	0.325073	66
254.177231	0.081268	70
254.258499	0.441177	68
254.699677	0.127716	66
254.827393	0.092880	81
254.920273	0.417953	75
255.338226	0.232208	67
255.570435	0.429565	77
256.000000	0.406342	67
256.406342	0.267029	66
256.673370	0.429565	65
257.102936	0.476013	66
257.578949	0.174164	68
257.753113	0.174133	66
257.927246	0.267029	66
258.194275	0.220612	66
258.414886	0.394714	67
258.809601	0.406372	63
259.215973	0.243805	68
259.459778	0.232208	66
259.691986	0.429565	65
260.121552	0.452789	65
260.574341	0.255402	68
260.829742	0.185760	74
261.015503	0.243805	68
261.259308	0.208984	73
261.468292	0.220612	67
261.688904	0.232178	73
261.921082	0.232208	68
262.153290	0.162537	74
262.315826	0.429565	65
262.745392	0.441193	70
263.186584	0.255402	77
263.441986	0.185760	74
263.627747	0.255432	77
263.883179	0.208984	74
264.092163	0.220581	77
264.312744	0.232208	75
264.544952	4.725250	72
269.270203	0.441193	69
269.711395	0.441162	76
270.152557	0.267029	77
270.419586	0.185760	74
270.605347	0.243805	77
270.849152	0.208984	74
271.058136	0.232208	77
271.290344	0.232208	74
271.522552	1.219025	73
272.741577	0.429565	69
273.171143	0.441193	76
273.612335	0.476013	76
274.088348	6.676788	77
