5.096780	0.278640	0
5.375420	0.197370	60
5.572789	0.185760	62
5.758549	0.406349	62
6.164898	0.197370	0
6.362267	0.139320	60
6.501587	0.185760	62
6.687347	0.092880	0
6.780227	0.197370	0
6.977596	0.336689	0
7.314286	0.069660	0
7.383945	0.220590	0
7.604535	0.301859	0
7.906394	0.139320	0
8.045714	0.174150	0
8.219864	0.278640	0
8.498504	0.150929	56
8.649433	0.150929	57
8.800363	0.127710	59
8.928073	0.139319	60
9.067392	1.033288	0
10.100680	0.359909	0
10.460589	0.301860	61
10.762449	0.325079	61
11.087528	0.325080	65
11.412608	0.615329	66
12.027937	0.383129	59
12.411066	0.592109	60
13.003175	0.267030	61
13.270205	0.232199	0
13.502403	0.116100	0
13.618504	0.208980	60
13.827483	0.336689	63
14.164172	0.905579	0
15.069751	0.243810	0
15.313560	0.441178	0
15.754739	0.092880	0
15.847619	0.232200	0
16.079819	0.359909	0
16.439728	0.290249	0
16.729977	0.290251	0
17.020227	0.359909	0
17.380136	0.290249	0
17.670385	0.371519	0
18.041904	0.348299	57
18.390203	0.290251	57
18.680454	0.220589	60
18.901043	0.139320	62
19.040363	0.150928	62
19.191292	0.998459	0
20.189751	0.348299	0
20.538050	0.255419	61
20.793468	0.116100	61
20.909569	0.592110	61
21.501678	0.545668	0
22.047346	0.104490	0
22.151836	0.127710	0
22.279547	0.197369	0
22.476915	0.290251	0
22.767166	0.325079	61
23.092245	0.174149	0
23.266394	0.185760	0
23.452154	0.301859	0
23.754013	0.232201	0
23.986214	0.394739	61
24.380953	0.290249	62
24.671202	0.220591	57
24.891792	0.383129	61
25.274921	0.162539	0
25.437460	0.150930	0
25.588390	0.313469	0
25.901859	0.696598	0
26.598457	0.116100	0
26.714558	0.487619	0
27.202177	0.638548	0
27.840725	0.499229	0
28.339954	0.464399	0
28.804354	0.313469	0
29.117823	0.394739	0
29.512562	0.197371	0
29.709932	0.638548	54
30.348480	0.313471	52
30.661951	0.313469	60
30.975420	0.301859	0
31.277279	0.313469	62
31.590748	0.278641	0
31.869389	0.162540	0
32.031929	0.522446	0
32.554375	0.638550	0
33.192924	0.162540	0
33.355465	0.150928	0
33.506393	0.313469	0
33.819862	0.220592	57
34.040455	0.104488	60
34.144943	0.301861	0
34.446804	0.197369	0
34.644173	0.092880	0
34.737053	0.348297	0
35.085350	0.313469	0
35.398819	0.278641	0
35.677460	0.348301	60
36.025761	0.313469	61
36.339230	0.197369	65
36.536598	0.092880	0
36.629478	0.359909	66
36.989388	0.290249	0
37.279636	0.185760	0
37.465397	0.452789	57
37.918186	0.301861	58
38.220047	0.301857	0
38.521904	0.359909	0
38.881813	0.197372	60
39.079185	0.116096	62
39.195282	0.313473	0
39.508755	0.313469	0
39.822224	0.301857	0
40.124081	0.313469	0
40.437550	0.208981	0
40.646530	0.429569	0
41.076099	0.278641	0
41.354740	0.104488	0
41.459229	0.243809	0
41.703037	0.267033	0
41.970070	0.371517	0
42.341587	0.325081	0
42.666668	0.301857	0
42.968525	0.336689	61
43.305214	0.301861	60
43.607075	0.301861	0
43.908936	0.232197	59
44.141132	0.104492	62
44.245625	0.197369	62
44.442993	0.116100	0
44.559093	0.197369	0
44.756462	0.116100	0
44.872562	0.313469	0
45.186031	0.267029	0
45.453060	0.046440	0
45.499500	0.301861	55
45.801361	0.267029	59
46.068390	0.394741	0
46.463131	0.301857	65
46.764988	0.197369	65
46.962357	0.325081	0
47.287437	0.116100	0
47.403538	0.313469	0
47.717007	0.150928	0
47.867935	0.104492	0
47.972427	0.371517	0
48.343945	0.255421	0
48.599365	0.383129	0
48.982494	0.267029	0
49.249523	0.336689	60
49.586212	0.220589	60
49.806801	0.116100	60
49.922901	0.325081	59
50.247982	0.301861	0
50.549843	0.290249	0
50.840092	0.220589	57
51.060680	0.139320	0
51.200001	0.313469	0
51.513470	0.313469	0
51.826939	0.313469	0
52.140408	0.313469	0
52.453876	0.197372	0
52.651249	0.116096	0
52.767345	0.301861	0
53.069206	0.301861	0
53.371067	0.383129	0
53.754196	0.220589	0
53.974785	1.056507	57
55.031292	0.313469	58
55.344761	0.092880	0
55.437641	0.162540	0
55.600182	0.487617	66
56.087799	0.162540	65
56.250340	0.325081	66
56.575420	0.313469	69
56.888889	0.313469	66
57.202358	0.301861	67
57.504219	0.638546	67
58.142765	0.290253	66
58.433018	0.336689	66
58.769707	0.313469	68
59.083176	0.313469	68
59.396645	0.325077	68
59.721722	0.313473	69
60.035194	0.313469	71
60.348663	0.267029	72
60.615692	0.673378	71
61.289070	0.348301	69
61.637371	0.301857	70
61.939228	0.313469	69
62.252697	0.301861	69
62.554558	0.336689	68
62.891247	0.150928	75
63.042175	0.150932	78
63.193108	0.220589	67
63.413696	0.116100	67
63.529797	0.290249	66
63.820045	0.325081	68
64.145126	0.313469	68
64.458595	0.325081	68
64.783676	0.301857	67
65.085533	0.336693	66
65.422226	0.255417	65
65.677643	0.313469	66
65.991112	0.359909	65
66.351021	0.638550	62
66.989571	0.162537	63
67.152107	0.150932	63
67.303040	0.313469	62
67.616508	0.487617	73
68.104126	0.139320	77
68.243446	0.301857	74
68.545303	0.325081	64
68.870384	0.313469	65
69.183853	0.313469	66
69.497322	0.336693	66
69.834015	0.301857	64
70.135872	0.150932	66
70.286804	0.476006	76
70.762810	0.313469	76
71.076279	0.243813	76
71.320091	0.116096	74
71.436188	0.290253	74
71.726440	0.313469	74
72.039909	0.325081	74
72.364990	0.116096	74
72.481087	0.197372	74
72.678459	0.313469	74
72.991928	0.174149	74
73.166077	0.139320	74
73.305397	0.336693	73
73.642090	0.069656	77
73.711746	0.545670	75
74.257416	0.116096	73
74.373512	0.510841	75
74.884354	0.139320	77
75.023674	0.150932	74
75.174606	0.638542	73
75.813148	0.139320	72
75.952469	0.301865	73
76.254333	0.208977	71
76.463310	0.638550	71
77.101860	0.313469	70
77.415329	0.301857	70
77.717186	0.638550	69
78.355736	0.290253	70
78.645988	0.336685	66
78.982674	0.325081	66
79.307755	0.255417	67
79.563171	0.383133	76
79.946304	0.301857	66
80.248161	0.325081	67
80.573242	0.162537	75
80.735779	0.069664	74
80.805443	0.371521	74
81.176964	0.336685	78
81.513649	0.313469	73
81.827118	0.325081	74
82.152199	0.301857	74
82.454056	0.313469	74
82.767525	0.325081	74
83.092606	0.313469	74
83.406075	0.313469	73
83.719543	0.278641	73
83.998184	0.359909	73
84.358093	0.267029	74
84.625122	0.359909	71
84.985031	0.313469	68
85.298500	0.348305	71
85.646805	0.290245	69
85.937050	0.243813	69
86.180862	0.359909	73
86.540771	0.325081	70
86.865852	0.348297	76
87.214149	0.313469	66
87.527618	0.290253	72
87.817871	0.325073	70
88.142944	0.313477	73
88.456421	0.313469	71
88.769890	0.255417	67
89.025307	0.406349	57
89.431656	0.290253	57
89.721909	0.325073	56
90.046982	0.185760	57
90.232742	0.104492	59
90.337234	0.336685	59
90.673920	0.313469	61
90.987389	0.174156	62
91.161545	0.197365	62
91.358910	0.267029	62
91.625938	0.313469	56
91.939407	0.313469	56
92.252876	0.301865	61
92.554741	0.185760	61
92.740501	0.139320	0
92.879822	0.162537	0
93.042358	0.150932	0
93.193291	0.313469	0
93.506760	0.174149	0
93.680908	0.139320	0
93.820229	0.174149	0
93.994377	0.150932	0
94.145309	0.162537	0
94.307846	0.139320	0
94.447166	0.325081	0
94.772247	0.162537	0
94.934784	0.150932	0
95.085716	0.174149	0
95.259865	0.150932	0
95.410797	0.267029	0
95.677826	0.046440	0
95.724266	0.197365	0
95.921631	0.104492	0
96.026123	0.313469	70
96.339592	0.325081	63
96.664673	0.139320	62
96.803993	0.162537	0
96.966530	0.325081	61
97.291611	0.208977	60
97.500587	0.116104	0
97.616692	0.116096	0
97.732788	0.510841	58
98.243629	0.313469	56
98.557098	0.313469	0
98.870567	0.301857	57
99.172424	0.325081	59
99.497505	0.232201	58
99.729706	0.104492	59
99.834198	0.278633	0
100.112831	0.313469	0
100.426300	0.325081	0
100.751381	0.313469	0
101.064850	0.313469	0
101.378319	0.313469	0
101.691788	0.185760	61
101.877548	0.476013	65
102.353561	0.290245	65
102.643806	0.174156	0
102.817963	0.464394	59
103.282356	0.325081	57
103.607437	0.336693	61
103.944130	0.232193	61
104.176323	0.394745	57
104.571068	0.197365	60
104.768433	0.116104	61
104.884537	0.301857	61
105.186394	0.301857	0
105.488251	0.313469	0
105.801720	0.301865	0
106.103584	0.290245	0
106.393829	0.371521	59
106.765350	0.290253	59
107.055603	0.243805	57
107.299408	0.092880	0
107.392288	0.325081	0
107.717369	0.301857	66
108.019226	0.290253	66
108.309479	0.139320	0
108.448799	0.534058	60
108.982857	0.301857	58
109.284714	0.313469	58
109.598183	0.325081	0
109.923264	0.313469	0
110.236732	0.185760	57
110.422493	0.127708	57
110.550201	0.127716	59
110.677917	0.208977	58
110.886894	0.243805	59
111.130699	0.301865	59
111.432564	0.383125	0
111.815689	0.313469	0
112.129158	0.325081	53
112.454239	0.301865	61
112.756104	0.301857	61
113.057961	0.348297	58
113.406258	0.301857	61
113.708115	0.325081	60
114.033195	0.255424	59
114.288620	0.371513	72
114.660133	0.232201	0
114.892334	0.081268	0
114.973602	0.313469	60
115.287071	0.174156	61
115.461227	0.139320	0
115.600548	0.325073	59
115.925621	0.313469	60
116.239090	0.290253	0
116.529343	0.348297	57
116.877640	0.325081	54
117.202721	0.301857	0
117.504578	0.301865	0
117.806442	0.313469	0
118.119911	0.162537	0
118.282448	0.162544	0
118.444992	0.313469	0
118.758461	0.267029	0
119.025490	0.406349	0
119.431839	0.232201	0
119.664040	1.056503	57
120.720543	0.301857	58
121.022400	0.104492	0
121.126892	0.650162	69
121.777054	0.150925	69
121.927979	0.336693	67
122.264671	0.301857	67
122.566528	0.325081	66
122.891609	0.174149	67
123.065758	0.116104	67
123.181862	0.650154	67
123.832016	0.290253	66
124.122269	0.336685	66
124.458954	0.313469	65
124.772423	0.313477	70
125.085899	0.325073	68
125.410973	0.301865	69
125.712837	0.162537	70
125.875374	0.150932	69
126.026306	0.267029	72
126.293335	0.464401	72
126.757736	0.220589	69
126.978325	0.325073	69
127.303398	0.325081	69
127.628479	0.301865	69
127.930344	0.313461	69
128.243805	0.336700	68
128.580505	0.162537	68
128.743042	0.058044	69
128.801086	0.069656	69
128.870743	0.208984	68
129.079727	0.139328	67
129.219055	0.290237	66
129.509293	0.313477	69
129.822769	0.325073	68
130.147842	0.313477	68
130.461319	0.301849	67
130.763168	0.336700	66
131.099869	0.255417	65
131.355286	0.313461	0
131.668747	0.371521	65
132.040268	0.638550	74
132.678818	0.301865	75
132.980682	0.313461	74
133.294144	0.325089	75
133.619232	0.174149	75
133.793381	0.139313	76
133.932693	0.301865	72
134.234558	0.325073	76
134.559631	0.301865	72
134.861496	0.208984	69
135.070480	0.116089	64
135.186569	0.325089	66
135.511658	0.313461	65
135.825119	0.150940	68
135.976059	0.487610	74
136.463669	0.290253	74
136.753922	0.243805	73
136.997726	0.116104	74
137.113831	0.603714	74
137.717545	0.336700	75
138.054245	0.116089	81
138.170334	0.197372	79
138.367706	0.313477	73
138.681183	0.174149	73
138.855331	0.127701	73
138.983032	0.336700	74
139.319733	0.081268	73
139.401001	0.232193	74
139.633194	0.301865	73
139.935059	0.127701	73
140.062759	0.510849	70
140.573608	0.116104	68
140.689713	0.174149	69
140.863861	0.638550	73
141.502411	0.441177	72
141.943588	0.208969	71
142.152557	0.150940	70
142.303497	0.499222	70
142.802719	0.301865	69
143.104584	0.301849	69
143.406433	0.464401	69
143.870834	0.185760	69
144.056595	0.267029	71
144.323624	0.348297	66
144.671921	0.313477	66
144.985397	0.185760	66
145.171158	0.069656	66
145.240814	0.383133	75
145.623947	0.301865	67
145.925812	0.336685	67
146.262497	0.162537	75
146.425034	0.069656	74
146.494690	0.104492	75
146.599182	0.267029	74
146.866211	0.325089	74
147.191299	0.336685	73
147.527985	0.313461	74
147.841446	0.301865	74
148.143311	0.313477	78
148.456787	0.313461	72
148.770248	0.313477	71
149.083725	0.325073	68
149.408798	0.278641	68
149.687439	0.348297	73
150.035736	0.185760	74
150.221497	0.092880	73
150.314377	0.046432	69
150.360809	0.301865	68
150.662674	0.325089	74
150.987762	0.626938	71
151.614700	0.325073	68
151.939774	0.290253	73
152.230026	0.313461	72
152.543488	0.348297	71
152.891785	0.313477	73
153.205261	0.301865	74
153.507126	0.325073	69
153.832199	0.313477	68
154.145676	0.301849	73
154.447525	0.278641	66
154.726166	0.383133	62
155.109299	0.301865	57
155.411163	0.162537	56
155.573700	0.150925	59
155.724625	0.290253	65
156.014877	0.661774	69
156.676651	0.162537	64
156.839188	0.208969	62
157.048157	0.255432	62
157.303589	0.313461	64
157.617050	0.313477	62
157.930527	0.626938	62
158.557465	0.325073	62
158.882538	0.313477	62
159.196014	0.313461	62
159.509476	0.313477	66
159.822952	0.325073	67
160.148026	0.301865	72
160.449890	0.325073	68
160.774963	0.313477	69
161.088440	0.313461	69
161.401901	0.162537	73
161.564438	0.162552	79
161.726990	0.626938	78
162.353928	0.661758	77
163.015686	0.290253	79
163.305939	0.301865	79
163.607803	0.638550	79
164.246353	0.325073	79
164.571426	0.301865	78
164.873291	0.348297	79
165.221588	0.290253	78
165.511841	0.325073	80
165.836914	0.301865	69
166.138779	0.336685	81
166.475464	0.301865	72
166.777328	0.626938	75
167.404266	0.336685	82
167.740952	0.290253	82
168.031204	0.325073	82
168.356277	0.313477	82
168.669754	0.336685	74
169.006439	0.301865	72
169.308304	0.615326	76
169.923630	0.348297	79
170.271927	0.290253	77
170.562180	0.325073	79
170.887253	0.301865	78
171.189117	0.638550	77
171.827667	0.626938	76
172.454605	0.336685	75
172.791290	0.162537	75
172.953827	0.139328	75
173.093155	0.313461	75
173.406616	0.313477	75
173.720093	0.487610	73
174.207703	0.150940	75
174.358643	0.313461	70
174.672104	0.301865	76
174.973969	0.336685	77
175.310654	0.162537	79
175.473190	0.139328	76
175.612518	0.325073	79
175.937592	0.301865	77
176.239456	0.638550	76
176.878006	0.626938	74
177.504944	0.336685	65
177.841629	0.301865	74
178.143494	0.301865	74
178.445358	0.475998	71
178.921356	0.441177	71
179.362534	0.394745	78
179.757278	0.267029	68
180.024307	0.336685	68
180.360992	0.185760	0
180.546753	0.116104	69
180.662857	0.325073	71
180.987930	0.243820	73
181.231750	0.406342	73
181.638092	0.313477	74
181.951569	0.394730	73
182.346298	0.232208	72
182.578506	0.232193	73
182.810699	0.394745	70
183.205444	0.313461	70
183.518906	0.313477	70
183.832382	0.557281	69
184.389664	0.371521	74
184.761185	0.325073	75
185.086258	0.278641	67
185.364899	0.174149	63
185.539047	0.313477	77
185.852524	0.174149	78
186.026672	0.325073	79
186.351746	0.162537	81
186.514282	0.476013	81
186.990295	0.313461	73
187.303757	0.313477	74
187.617233	0.441177	74
188.058411	0.185760	76
188.244171	0.325073	76
188.569244	0.301865	73
188.871109	0.336685	77
189.207794	0.313477	74
189.521271	0.301865	75
189.823135	0.313461	74
190.136597	0.162537	73
190.299133	0.487625	69
190.786758	0.278641	68
191.065399	0.150925	70
191.216324	0.824310	71
192.040634	0.603714	69
192.644348	0.661774	69
193.306122	0.626938	69
193.933060	0.336685	70
194.269745	0.150940	68
194.420685	0.139313	68
194.559998	0.243805	69
194.803802	0.383133	68
195.186935	0.626938	69
195.813873	0.336700	69
196.150574	0.127701	70
196.278275	0.510834	65
196.789108	0.301865	62
197.090973	0.325089	72
197.416061	0.301849	74
197.717911	0.452789	74
198.170700	0.185760	74
198.356461	0.313477	74
198.669937	0.313461	73
198.983398	0.325089	79
199.308487	0.313461	78
199.621948	0.313477	76
199.935425	0.301849	77
200.237274	0.336700	71
200.573975	0.301849	73
200.875824	0.162537	73
201.038361	0.301865	75
201.340225	0.185760	80
201.525986	0.626938	73
202.152924	0.348297	72
202.501221	0.267029	71
202.768250	0.650162	70
203.418411	0.290253	70
203.708664	0.336685	70
204.045349	1.219055	69
205.264404	0.417953	67
205.682358	0.243805	68
205.926163	0.197372	68
206.123535	0.255417	74
206.378952	0.510849	68
206.889801	0.313461	62
207.203262	0.301865	62
207.505127	0.313461	62
207.818588	0.336700	62
208.155289	0.301849	62
208.457138	0.325089	65
208.782227	0.301849	65
209.084076	0.336700	67
209.420776	0.313461	68
209.734238	0.290253	68
210.024490	0.290253	69
210.314743	0.359909	71
210.674652	0.267029	68
210.941681	0.371521	65
211.313202	0.208969	71
211.522171	0.592117	65
212.114288	0.127701	68
212.241989	0.139328	73
212.381317	0.371521	81
212.752838	0.127701	0
212.880539	0.336700	71
213.217239	0.301849	69
213.519089	0.301865	69
213.820953	0.313461	68
214.134415	0.348312	69
214.482727	0.139313	68
214.622040	0.162537	72
214.784576	0.325089	75
215.109665	0.290237	57
215.399902	0.150940	62
215.550842	0.499222	61
216.050064	0.301865	57
216.351929	0.278641	63
216.630569	0.522446	60
217.153015	0.348297	70
217.501312	0.220596	62
217.721909	0.336685	62
218.058594	0.510834	62
218.569427	0.615341	63
219.184769	0.336685	59
219.521454	0.301849	62
219.823303	0.313477	62
220.136780	0.150925	0
220.287704	0.174149	62
220.461853	0.162552	62
220.624405	0.150925	58
220.775330	0.162537	57
220.937866	0.150925	0
221.088791	0.301865	0
221.390656	0.185760	0
221.576416	0.139328	0
221.715744	0.162537	0
221.878281	0.139313	0
222.017593	0.325089	0
222.342682	0.510834	0
222.853516	0.452789	0
223.306305	0.301865	0
223.608170	0.162537	0
223.770706	0.162537	0
223.933243	0.150925	0
224.084167	0.127716	0
224.211884	0.197372	0
224.409256	0.150925	0
224.560181	0.150925	0
224.711105	0.139328	0
224.850433	0.336685	0
225.187119	0.150925	0
225.338043	0.174164	0
225.512207	0.150925	0
225.663132	0.162537	0
225.825668	0.150925	0
225.976593	0.162552	0
226.139145	0.162537	0
226.301682	0.162537	0
226.464218	0.104492	0
226.568710	0.197372	0
226.766083	0.174149	0
226.940231	0.162537	0
227.102768	0.185760	0
227.288528	0.603714	0
227.892242	3.735519	0
