0.139320	0.092880	0
0.232200	0.580499	0
0.812698	0.557279	71
1.369977	0.139320	71
1.509297	0.359909	57
1.869206	0.301859	0
2.171066	0.673379	68
2.844445	0.684988	67
3.529433	1.033288	66
4.562721	0.301859	0
4.864581	0.696599	66
5.561179	0.696599	66
6.257778	0.325079	0
6.582857	0.359910	58
6.942767	0.301859	59
7.244626	0.383129	57
7.627755	0.267029	57
7.894784	0.417960	0
8.312744	0.348299	0
8.661043	0.325079	0
8.986122	0.301860	0
9.287982	0.220590	0
9.508572	0.139319	0
9.647891	0.162539	61
9.810431	0.336690	72
10.147120	0.127709	63
10.274830	0.325079	61
10.599909	0.174150	0
10.774059	0.847528	77
11.621588	0.859138	71
12.480725	0.476009	69
12.956735	0.139319	69
13.096054	0.197370	68
13.293424	0.684989	68
13.978413	0.313470	75
14.291883	0.348299	69
14.640182	0.185760	75
14.825941	0.127709	75
14.953650	0.208980	63
15.162630	0.139320	62
15.301950	0.185760	0
15.487710	0.139319	63
15.627029	0.359909	62
15.986938	0.174150	61
16.161089	0.150928	62
16.312017	0.197371	66
16.509388	0.127710	66
16.637098	0.232199	67
16.869297	0.348299	72
17.217596	0.499229	70
17.716825	0.568890	69
18.285715	0.185759	68
18.471474	0.139320	69
18.610794	0.197369	69
18.808163	0.510839	67
19.319002	0.174150	70
19.493153	0.127708	73
19.620861	0.348299	73
19.969160	0.174150	69
20.143311	0.185760	70
20.329071	0.139318	72
20.468390	0.313471	66
20.781860	0.150928	68
20.932789	0.197371	69
21.130159	0.325079	66
21.455238	0.812698	71
22.267937	0.336689	70
22.604626	0.835918	71
23.440544	0.150930	76
23.591475	0.162539	76
23.754013	0.058050	69
23.812063	0.835918	70
24.647982	0.162540	72
24.810522	0.139318	75
24.949841	0.359911	70
25.309752	0.325079	73
25.634830	0.325079	75
25.959909	0.325079	75
26.284988	0.348299	67
26.633287	0.174150	60
26.807438	0.150928	66
26.958366	0.336691	70
27.295057	0.313469	68
27.608526	0.325079	66
27.933605	0.220591	67
28.154196	0.185759	68
28.339954	0.290249	68
28.630203	0.185760	67
28.815964	0.116100	67
28.932064	0.278639	66
29.210703	0.731428	67
29.942131	0.313469	67
30.255600	0.336691	66
30.592291	0.185759	69
30.778049	0.325079	69
31.103128	0.174150	0
31.277279	0.150930	0
31.428209	0.104488	0
31.532698	0.232201	68
31.764898	0.452787	68
32.217686	0.673382	64
32.891068	0.348297	64
33.239365	0.162540	63
33.401905	0.162540	64
33.564445	0.174149	64
33.738594	0.208981	64
33.947575	0.464397	64
34.411972	0.638550	64
35.050522	0.162540	64
35.213062	0.325077	64
35.538139	0.684990	56
36.223129	0.162540	56
36.385670	0.162540	72
36.548210	0.174149	71
36.722359	0.150928	67
36.873287	0.336689	69
37.209976	0.185760	63
37.395737	0.185760	62
37.581497	0.406349	70
37.987846	0.777866	72
38.765713	0.789478	70
39.555191	0.127712	63
39.682903	0.220589	63
39.903492	0.116100	63
40.019592	0.545670	77
40.565262	0.325077	73
40.890339	0.359909	67
41.250248	0.162540	0
41.412788	0.139320	0
41.552109	0.348301	0
41.900410	0.313469	0
42.213879	0.545670	64
42.759548	0.812698	66
43.572247	0.336689	64
43.908936	0.185757	64
44.094692	0.116100	64
44.210793	0.220592	64
44.431385	0.243809	64
44.675194	0.208977	64
44.884171	0.348301	64
45.232471	0.185760	64
45.418232	0.499229	64
45.917461	0.301857	68
46.219318	0.371521	79
46.590839	0.476009	76
47.066849	0.162540	0
47.229389	0.162537	0
47.391926	0.162540	66
47.554466	0.232201	66
47.786667	0.278641	66
48.065308	0.801086	74
48.866394	0.197369	74
49.063763	0.290253	73
49.354015	0.371517	69
49.725533	0.464401	75
50.189934	0.174149	72
50.364082	0.348297	71
50.712379	0.162540	67
50.874920	0.150932	69
51.025852	0.139317	68
51.165169	0.185760	73
51.350929	0.452789	70
51.803719	0.150928	69
51.954647	0.197372	69
52.152020	0.150928	69
52.302948	0.313469	71
52.616417	0.162540	74
52.778957	0.197369	74
52.976326	0.336689	74
53.313015	0.104492	74
53.417507	0.661766	73
54.079273	0.650162	74
54.729435	0.348297	72
55.077732	0.325081	69
55.402813	0.150928	70
55.553741	0.197369	69
55.751110	0.348301	69
56.099411	0.325077	73
56.424488	0.313473	65
56.737961	0.359909	70
57.097870	0.174149	66
57.272018	0.162540	63
57.434559	0.150928	0
57.585487	0.162540	66
57.748028	0.174149	66
57.922176	0.150928	66
58.073105	0.348301	66
58.421406	0.174149	66
58.595554	0.348301	63
58.943855	0.139320	66
59.083176	0.092880	69
59.176056	0.731426	74
59.907482	0.278641	69
60.186123	0.290249	69
60.476372	0.243809	71
60.720181	0.220589	68
60.940769	0.766262	69
61.707031	0.185757	67
61.892788	0.139320	79
62.032108	0.325081	67
62.357189	0.185760	63
62.542950	0.301857	73
62.844807	0.197369	67
63.042175	0.278641	74
63.320816	0.208981	64
63.529797	0.325077	62
63.854874	0.139320	70
63.994194	0.185760	67
64.179955	0.464401	70
64.644356	0.661766	70
65.306122	0.673378	71
65.979500	0.081268	69
66.060768	0.243813	69
66.304581	0.336693	71
66.641273	0.290245	66
66.931519	0.383133	68
67.314651	0.661766	69
67.976418	0.313469	73
68.289886	0.162537	78
68.452423	0.162544	68
68.614967	0.348297	68
68.963264	0.150932	69
69.114197	0.359909	69
69.474106	0.476006	67
69.950111	0.232201	72
70.182312	0.255417	71
70.437729	0.278641	69
70.716370	0.383133	69
71.099503	0.139320	0
71.238823	0.174149	69
71.412971	0.174149	68
71.587120	0.185760	68
71.772881	0.464401	67
72.237282	0.325073	66
72.562355	0.336693	65
72.899048	0.185760	62
73.084808	0.267029	61
73.351837	0.348297	62
73.700134	0.150932	0
73.851067	0.208977	62
74.060043	0.301865	66
74.361908	0.162537	69
74.524445	0.650162	64
75.174606	0.348297	64
75.522903	0.139320	64
75.662224	0.336685	64
75.998909	0.208984	64
76.207893	0.522446	65
76.730339	0.777870	58
77.508209	0.301857	57
77.810066	0.359909	57
78.169975	0.325081	70
78.495056	0.162537	75
78.657593	0.150932	74
78.808525	0.174149	0
78.982674	0.162544	66
79.145218	0.336685	63
79.481903	0.162544	63
79.644447	0.185760	65
79.830208	0.336685	67
80.166893	0.081268	66
80.248161	0.754654	69
81.002815	0.336685	66
81.339500	0.325081	70
81.664581	0.116096	69
81.780678	0.116104	74
81.896782	0.255417	71
82.152199	0.104492	75
82.256691	0.557274	74
82.813965	0.313477	67
83.127441	0.487617	67
83.615059	0.162537	67
83.777596	0.487617	67
84.265213	0.174149	66
84.439362	0.487625	66
84.926987	0.174149	67
85.101135	0.661766	65
85.762901	0.336693	64
86.099594	0.162537	64
86.262131	0.359909	63
86.622040	0.220589	64
86.842628	0.232201	64
87.074829	0.348297	64
87.423126	0.197372	64
87.620499	0.464401	64
88.084900	0.313469	64
88.398369	1.335144	69
89.733513	0.208984	79
89.942497	0.464394	78
90.406891	0.626938	76
91.033829	0.185760	76
91.219589	0.325081	76
91.544670	0.383133	72
91.927803	0.464394	73
92.392197	0.139320	72
92.531517	0.185760	72
92.717278	0.162544	72
92.879822	0.325073	73
93.204895	0.139320	70
93.344215	0.174149	74
93.518364	0.441185	74
93.959549	0.162537	74
94.122086	0.185760	74
94.307846	0.174149	74
94.481995	0.267029	73
94.749023	0.208984	72
94.958008	0.185753	74
95.143761	0.371521	71
95.515282	0.731430	73
96.246712	1.160995	72
97.407707	0.174149	67
97.581856	0.127716	69
97.709572	0.208977	65
97.918549	0.336693	64
98.255241	0.313469	66
98.568710	0.301857	69
98.870567	0.359909	69
99.230476	0.162537	70
99.393013	0.325081	69
99.718094	0.162544	69
99.880638	0.162537	69
100.043175	0.150932	69
100.194107	0.348297	68
100.542404	0.174149	66
100.716553	0.150932	66
100.867485	0.185760	67
101.053246	0.359909	67
101.413155	0.371513	67
101.784668	0.243813	68
102.028481	0.255417	71
102.283897	0.243813	70
102.527710	0.150932	69
102.678642	0.150925	68
102.829567	0.162544	66
102.992111	0.185760	66
103.177872	0.673378	67
103.851250	0.162537	69
104.013786	0.150932	70
104.164719	0.510834	72
104.675552	0.325081	74
105.000633	0.092880	76
105.093513	0.394737	77
105.488251	0.626945	76
106.115196	0.325073	72
106.440269	0.301865	70
106.742134	0.348297	73
107.090431	0.348297	74
107.438728	0.325081	74
107.763809	0.301857	72
108.065666	0.336693	69
108.402359	0.197372	69
108.599731	0.127708	0
108.727440	0.325081	66
109.052521	0.336685	66
109.389206	0.348297	71
109.737503	0.336693	70
110.074196	0.185760	79
110.259956	0.139320	77
110.399277	0.313469	69
110.712746	0.359909	74
111.072655	0.336685	73
111.409340	0.313469	68
111.722809	0.301865	74
112.024673	0.348297	67
112.372971	0.197372	73
112.570343	0.127708	78
112.698051	0.336685	73
113.034737	0.185760	69
113.220497	0.116104	68
113.336601	0.348297	66
113.684898	0.325081	62
114.009979	0.313469	67
114.323448	0.325081	0
114.648529	0.336685	71
114.985214	0.174149	66
115.159363	0.325081	66
115.484444	0.162544	65
115.646988	0.290245	62
115.937233	0.185760	62
116.122993	0.452789	63
116.575783	0.615326	72
117.191109	0.336693	65
117.527802	0.290245	80
117.818047	0.394745	73
118.212791	0.267029	73
118.479820	0.406349	71
118.886169	0.313469	70
119.199638	0.325081	70
119.524719	0.301857	72
119.826576	0.359909	75
120.186485	0.162537	73
120.349022	0.371521	74
120.720543	0.162544	74
120.883087	0.243805	74
121.126892	0.383133	72
121.510025	0.174149	77
121.684174	0.174149	74
121.858322	0.325081	75
122.183403	0.267029	70
122.450432	0.313469	75
122.763901	0.336685	80
123.100586	0.301865	72
123.402451	0.313469	80
123.715919	0.359909	75
124.075829	0.684990	73
124.760818	0.301857	70
125.062675	0.348297	71
125.410973	0.592110	80
126.003082	0.359909	74
126.362991	0.371521	74
126.734512	0.185760	70
126.920273	0.150932	73
127.071205	0.603714	71
127.674919	0.325081	71
128.000000	0.174149	71
128.174149	0.510834	71
128.684982	0.267029	71
128.952011	0.290253	71
129.242264	1.056519	71
130.298782	0.336685	71
130.635468	0.313461	73
130.948929	0.348297	67
131.297226	0.278641	67
131.575867	0.394745	69
131.970612	0.162537	69
132.133148	0.754654	71
132.887802	0.301865	71
133.189667	0.255417	70
133.445084	0.348297	70
133.793381	0.383133	71
134.176514	0.267029	71
134.443542	0.359909	72
134.803452	0.696594	69
135.500046	0.359909	77
135.859955	0.812698	72
136.672653	0.348297	77
137.020950	1.126175	71
138.147125	0.313461	68
138.460587	0.185760	69
138.646347	0.162537	67
138.808884	0.325089	69
139.133972	1.172607	74
140.306580	0.441177	73
140.747757	0.499222	78
141.246979	0.476013	71
141.722992	0.092880	76
141.815872	1.056503	74
142.872375	0.452789	70
143.325165	0.313477	73
143.638641	0.197372	74
143.836014	0.475998	74
144.312012	0.092880	74
144.404892	1.497696	75
145.902588	5.166443	69
151.069031	0.696594	67
151.765625	0.580490	63
152.346115	0.731430	62
153.077545	0.592117	66
153.669662	0.406342	0
154.076004	0.301865	62
154.377869	0.568893	62
154.946762	0.406342	0
155.353104	0.290253	61
155.643356	0.626938	68
156.270294	0.708206	70
156.978500	0.626938	62
157.605438	0.359909	65
157.965347	0.325089	71
158.290436	0.603714	70
158.894150	0.429565	71
159.323715	0.278641	71
159.602356	0.371521	66
159.973877	0.290253	62
160.264130	0.348297	64
160.612427	0.208984	62
160.821411	0.336685	71
161.158096	0.429565	70
161.587662	0.661774	69
162.249435	0.638550	70
162.887985	0.150925	70
163.038910	0.545670	63
163.584579	0.615326	65
164.199905	0.626938	69
164.826843	0.650162	74
165.477005	0.684998	68
166.162003	0.557266	70
166.719269	0.359909	71
167.079178	0.371521	72
167.450699	0.092880	73
167.543579	0.557281	70
168.100861	0.185760	74
168.286621	0.336685	70
168.623306	0.174149	70
168.797455	0.290253	69
169.087708	0.313477	74
169.401184	0.301849	74
169.703033	0.336700	74
170.039734	0.603714	69
170.643448	0.348297	62
170.991745	0.150925	63
171.142670	0.081268	76
171.223938	0.708221	76
171.932159	1.172607	72
173.104767	0.116089	69
173.220856	0.348312	68
173.569168	0.336685	62
173.905853	0.348297	68
174.254150	0.267029	69
174.521179	0.371521	66
174.892700	0.325073	70
175.217773	0.174149	70
175.391922	0.441177	70
175.833099	0.371521	66
176.204620	0.162552	69
176.367172	0.162537	67
176.529709	0.313461	66
176.843170	0.220596	66
177.063766	0.348297	72
177.412064	0.464401	70
177.876465	0.557281	69
178.433746	0.185760	72
178.619507	0.162537	66
178.782043	0.650162	67
179.432205	0.313461	67
179.745667	0.336685	64
180.082352	0.185760	62
180.268112	0.313477	63
180.581589	0.162537	0
180.744125	0.278641	69
181.022766	0.232193	62
181.254959	0.417969	74
181.672928	0.638550	68
182.311478	0.359909	69
182.671387	0.325073	67
182.996460	0.197372	69
183.193832	0.139313	67
183.333145	0.325089	65
183.658234	0.243805	68
183.902039	0.394745	73
184.296783	0.348297	71
184.645081	0.290253	67
184.935333	0.336685	71
185.272018	0.336685	68
185.608704	0.185760	81
185.794464	0.150940	68
185.945404	0.162537	73
186.107941	0.139313	67
186.247253	0.139328	66
186.386581	1.195816	67
187.582397	0.650162	71
188.232559	0.476013	69
188.708572	0.673370	68
189.381943	0.789490	78
190.171432	0.348297	68
190.519730	0.092880	67
190.612610	0.383133	68
190.995743	0.313461	66
191.309204	0.162537	73
191.471741	0.208984	68
191.680725	0.417953	74
192.098679	0.522461	68
192.621140	0.139313	68
192.760452	0.650162	73
193.410614	0.185760	73
193.596375	0.150925	74
193.747299	0.325089	72
194.072388	0.255417	66
194.327805	0.719818	66
195.047623	0.325073	67
195.372696	0.325089	66
195.697784	0.208969	67
195.906754	0.116104	67
196.022858	0.197372	73
196.220230	0.139313	73
196.359543	0.301865	75
196.661407	0.150925	74
196.812332	0.835922	68
197.648254	0.197372	67
197.845627	0.789474	72
198.635101	0.185760	72
198.820862	0.313477	71
199.134338	1.114548	68
200.248886	0.301865	72
200.550751	0.278641	71
200.829391	0.267029	69
201.096420	0.290253	66
201.386673	0.313461	62
201.700134	0.139328	74
201.839462	0.232193	69
202.071655	0.429565	68
202.501221	0.336700	67
202.837921	0.162537	67
203.000458	0.150925	67
203.151382	0.348297	71
203.499680	0.162537	74
203.662216	0.476013	74
204.138229	1.137787	74
205.276016	0.139313	72
205.415329	0.185760	74
205.601089	0.104492	74
205.705582	0.348297	74
206.053879	0.499222	74
206.553101	0.139328	74
206.692429	0.162537	74
206.854965	0.185760	75
207.040726	0.777863	75
207.818588	0.162552	67
207.981140	0.290237	67
208.271378	0.998459	73
209.269836	0.301865	74
209.571701	0.336685	74
209.908386	0.615326	73
210.523712	0.290253	71
210.813965	0.534058	73
211.348022	0.301865	67
211.649887	0.325073	68
211.974960	0.127716	67
212.102676	0.208984	64
212.311661	0.499222	74
212.810883	0.545670	74
213.356552	0.545670	74
213.902222	0.127716	74
214.029938	0.185760	74
214.215698	0.127701	74
214.343399	0.185760	76
214.529160	0.139328	76
214.668488	0.835907	75
215.504395	0.441177	74
215.945572	0.348312	74
216.293884	0.174149	74
216.468033	0.325073	74
216.793106	0.127716	74
216.920822	0.325073	75
217.245895	0.975235	76
218.221130	0.150940	0
218.372070	0.150925	0
218.522995	0.661774	0
219.184769	0.626938	0
219.811707	0.336685	0
220.148392	0.313461	0
220.461853	0.313477	0
220.775330	0.174149	0
220.949478	0.127716	0
221.077194	0.510834	0
221.588028	0.336685	0
221.924713	0.301865	0
222.226578	0.139313	0
222.365891	0.626938	0
222.992828	0.638550	0
223.631378	0.499237	0
224.130615	0.150925	0
224.281540	0.174149	0
224.455688	0.162537	0
224.618225	0.116104	0
224.734329	0.174149	0
224.908478	0.336685	0
225.245163	0.975250	0
226.220413	10.501221	0
