1.300317	0.174150	57
1.474467	0.464399	56
1.938866	0.290249	56
2.229116	0.162540	55
2.391655	0.162539	56
2.554195	0.174150	56
2.728345	0.150930	56
2.879274	0.197370	56
3.076644	0.116100	56
3.192744	0.325079	56
3.517823	0.162539	56
3.680363	0.139320	56
3.819683	0.185760	56
4.005442	0.301859	56
4.307302	0.150930	56
4.458231	0.336689	56
4.794920	0.139320	56
4.934240	0.162539	56
5.096780	0.325079	56
5.421859	0.301859	56
5.723719	0.348300	56
6.072018	0.255420	58
6.327438	0.208979	58
6.536417	0.313469	53
6.849886	0.150930	53
7.000816	0.325079	53
7.325896	0.139319	53
7.465215	0.174150	58
7.639365	0.313469	56
7.952835	0.162540	0
8.115375	0.150929	0
8.266304	0.325079	57
8.591383	0.313470	56
8.904853	0.162539	54
9.067392	0.301859	54
9.369251	0.162540	60
9.531792	0.325079	54
9.856871	0.139319	54
9.996190	0.162540	54
10.158731	0.313469	54
10.472199	0.325080	0
10.797279	0.336689	0
11.133968	0.174150	0
11.308118	0.116099	0
11.424217	0.174150	56
11.598368	0.301859	56
11.900227	0.162539	56
12.062766	0.313470	56
12.376236	0.150929	56
12.527165	0.162539	56
12.689705	0.325080	55
13.014785	0.313469	56
13.328254	0.313470	56
13.641724	0.185760	56
13.827483	0.116099	56
13.943583	0.185760	56
14.129342	0.278640	56
14.407982	0.174150	56
14.582131	0.313470	56
14.895601	0.150929	56
15.046531	0.162539	55
15.209070	0.325080	56
15.534150	0.301859	55
15.836009	0.325080	57
16.161089	0.301859	58
16.462948	0.174150	58
16.637098	0.313469	53
16.950567	0.162539	53
17.113106	0.313471	53
17.426577	0.139318	53
17.565895	0.174150	53
17.740046	0.325079	53
18.065125	0.185760	53
18.250885	0.127708	0
18.378593	0.325081	0
18.703674	0.290249	0
18.993923	0.185759	55
19.179682	0.301861	54
19.481543	0.162539	54
19.644081	0.313471	54
19.957552	0.150928	54
20.108480	0.150930	54
20.259411	0.185759	54
20.445169	0.127710	54
20.572880	0.336689	54
20.909569	0.139320	54
21.048889	0.464399	67
21.513288	0.150928	69
21.664217	0.487619	56
22.151836	0.185760	61
22.337597	0.116098	61
22.453695	0.336691	65
22.790386	0.162539	61
22.952925	0.313469	63
23.266394	0.150930	63
23.417324	0.174150	63
23.591475	0.162539	64
23.754013	0.301861	63
24.055874	0.174149	68
24.230022	0.301859	68
24.531881	0.150930	67
24.682812	0.325079	60
25.007891	0.162540	58
25.170431	0.162539	62
25.332970	0.150930	62
25.483900	0.301859	65
25.785759	0.150930	66
25.936689	0.313469	65
26.250158	0.162540	65
26.412699	0.174149	55
26.586847	0.162540	62
26.749388	0.313469	56
27.062857	0.150930	56
27.213787	0.325079	71
27.538866	0.301859	58
27.840725	0.162540	60
28.003265	0.336689	60
28.339954	0.139320	56
28.479275	0.174149	61
28.653423	0.116100	65
28.769524	0.185760	63
28.955284	0.174149	63
29.129433	0.615330	65
29.744762	0.301859	66
30.046621	0.174150	64
30.220772	0.104488	65
30.325260	0.034830	73
30.360090	0.313469	70
30.673559	0.325081	69
30.998640	0.185759	69
31.184399	0.150930	69
31.335329	0.127710	69
31.463039	0.174149	78
31.637188	0.174150	0
31.811338	0.452787	68
32.264126	0.325081	78
32.589207	0.301861	72
32.891068	0.162537	63
33.053604	0.174152	63
33.227757	0.139317	63
33.367073	0.162540	63
33.529613	0.197372	63
33.726986	0.116096	55
33.843082	0.185760	56
34.028843	0.127712	56
34.156555	0.336689	65
34.493244	0.139317	68
34.632561	0.162540	58
34.795101	0.313469	71
35.108570	0.150932	73
35.259502	0.150928	72
35.410431	0.174149	71
35.584579	0.301861	65
35.886440	0.185760	65
36.072201	0.162537	66
36.234737	0.139320	65
36.374058	0.150932	65
36.524990	0.162537	79
36.687527	0.174152	74
36.861679	0.150928	0
37.012608	0.139320	0
37.151928	0.174149	79
37.326077	0.174149	79
37.500225	0.139320	76
37.639545	0.301861	73
37.941406	0.185760	73
38.127167	0.313469	66
38.440636	0.139320	66
38.579956	0.185757	66
38.765713	0.127712	65
38.893425	0.162540	65
39.055965	0.174149	64
39.230114	0.615330	63
39.845444	0.313469	0
40.158913	0.150928	63
40.309841	0.150928	64
40.460770	0.325081	64
40.785851	0.174149	64
40.959999	0.150932	0
41.110931	0.185757	64
41.296688	0.150932	64
41.447620	0.139317	0
41.586937	0.150932	64
41.737869	0.255417	64
41.993286	0.394741	64
42.388027	0.139320	64
42.527348	0.162540	64
42.689888	0.325077	63
43.014965	0.208981	64
43.223946	0.290249	62
43.514194	0.127708	63
43.641903	0.139320	62
43.781223	0.150932	62
43.932156	0.232197	56
44.164352	0.116100	0
44.280453	0.139320	0
44.419773	0.162540	0
44.582314	0.301857	0
44.884171	0.150932	0
45.035103	0.162540	0
45.197643	0.325077	0
45.522720	0.325081	0
45.847801	0.301857	0
46.149658	0.150932	0
46.300591	0.162540	0
46.463131	0.313469	0
46.776600	0.150928	0
46.927528	0.185760	0
47.113289	0.046440	0
47.159729	0.267029	65
47.426758	0.127708	64
47.554466	0.174152	65
47.728619	0.267029	62
47.995647	0.394737	66
48.390385	0.255421	63
48.645805	0.139320	63
48.785126	0.220589	63
49.005714	0.104488	0
49.110203	0.208981	60
49.319183	0.197369	63
49.516552	0.127712	66
49.644264	0.313469	65
49.957733	0.313469	65
50.271202	0.313469	65
50.584671	0.336689	63
50.921360	0.278641	64
51.200001	0.313469	64
51.513470	0.162540	58
51.676010	0.162540	65
51.838551	0.626938	61
52.465488	0.325077	64
52.790565	0.325081	65
53.115646	0.626938	67
53.742584	0.313469	56
54.056053	0.313469	56
54.369522	0.650162	66
55.019684	0.325077	64
55.344761	0.301861	62
55.646622	0.150928	59
55.797550	0.487621	60
56.285172	0.301857	0
56.587029	0.185760	0
56.772789	0.139320	0
56.912109	0.162540	55
57.074650	0.150928	55
57.225578	0.150928	56
57.376507	0.150932	56
57.527439	0.174149	61
57.701588	0.139320	65
57.840908	0.301857	64
58.142765	0.185760	56
58.328526	0.185760	56
58.514286	0.104488	56
58.618774	0.174152	56
58.792927	0.267029	56
59.059956	0.301857	56
59.361813	0.220592	64
59.582405	0.174149	63
59.756554	0.278641	60
60.035194	0.336689	59
60.371883	0.150928	0
60.522812	0.150928	55
60.673740	0.325081	57
60.998821	0.313469	58
61.312290	0.325081	56
61.637371	0.116096	53
61.753468	0.104492	55
61.857960	0.127708	57
61.985668	0.150932	61
62.136600	0.464397	61
62.600998	0.487617	59
63.088615	0.139320	61
63.227936	0.313469	56
63.541405	0.139320	56
63.680725	0.174149	60
63.854874	0.313469	70
64.168343	0.150932	75
64.319275	0.162537	73
64.481812	0.162544	64
64.644356	0.174149	68
64.818504	0.255417	64
65.073921	0.371521	64
65.445442	0.139320	67
65.584763	0.174149	67
65.758911	0.127708	66
65.886620	0.162544	64
66.049164	0.150925	56
66.200089	0.174149	56
66.374237	0.139320	57
66.513557	0.150932	56
66.664490	0.348297	60
67.012787	0.139320	63
67.152107	0.325081	64
67.477188	0.162537	60
67.639725	0.313469	60
67.953194	0.127716	73
68.080910	0.185760	71
68.266670	0.615326	65
68.881996	0.348297	65
69.230293	0.290253	61
69.520546	0.197365	71
69.717911	0.452789	66
70.170700	0.313469	65
70.484169	0.417961	64
70.902130	0.534058	68
71.436188	0.313469	57
71.749657	0.371521	59
72.121178	0.139320	60
72.260498	0.441177	60
72.701675	0.313469	60
73.015144	0.336693	56
73.351837	0.162537	60
73.514374	0.452789	58
73.967163	0.313469	56
74.280632	0.150932	55
74.431564	0.174149	56
74.605713	0.313469	60
74.919182	0.301865	64
75.221046	0.325073	68
75.546120	0.290253	68
75.836372	0.650162	65
76.486534	0.267029	64
76.753563	0.058044	65
76.811607	0.197372	61
77.008980	0.185760	58
77.194740	0.557281	62
77.752022	0.313469	54
78.065491	0.127708	55
78.193199	0.092880	0
78.286079	0.104485	0
78.390564	0.162544	66
78.553108	0.162537	61
78.715645	0.139320	56
78.854965	0.174149	56
79.029114	0.325081	56
79.354195	0.313469	58
79.667664	0.603722	65
80.271385	0.313469	65
80.584854	0.313469	65
80.898323	0.325081	63
81.223404	0.313469	55
81.536873	0.313469	58
81.850342	0.290245	0
82.140587	0.197372	55
82.337959	0.452789	56
82.790749	0.325081	56
83.115829	0.208977	58
83.324806	0.116104	56
83.440910	0.174149	56
83.615059	0.441177	73
84.056236	0.325081	0
84.381317	0.325081	61
84.706398	0.162537	69
84.868935	0.464401	58
85.333336	0.325073	0
85.658409	0.150932	0
85.809341	0.150932	58
85.960274	0.313469	57
86.273743	0.325081	57
86.598824	0.313469	57
86.912292	0.174149	0
87.086441	0.116096	0
87.202538	0.197372	62
87.399910	0.464401	56
87.864311	0.301857	0
88.166168	0.197372	57
88.363541	0.290245	55
88.653786	0.452789	54
89.106575	0.290253	0
89.396828	0.348297	55
89.745125	0.626938	56
90.372063	0.313469	57
90.685532	0.162544	0
90.848076	0.150925	53
90.999001	0.325081	56
91.324081	0.301857	58
91.625938	0.185760	54
91.811699	0.150932	53
91.962631	0.313469	57
92.276100	0.150932	71
92.427032	0.150925	58
92.577957	0.092880	56
92.670837	0.232201	0
92.903038	0.185760	65
93.088799	0.127708	64
93.216507	0.104492	64
93.320999	0.220589	62
93.541588	0.290253	64
93.831841	0.325073	62
94.156914	0.092880	63
94.249794	0.243813	62
94.493607	0.301857	61
94.795464	0.313469	60
95.108932	0.255424	57
95.364357	0.371513	61
95.735870	0.301865	0
96.037735	0.325073	0
96.362808	0.313477	0
96.676285	0.162537	0
96.838821	0.150932	0
96.989754	0.301857	56
97.291611	0.127708	54
97.419319	0.208977	0
97.628296	0.185760	64
97.814056	0.116104	64
97.930161	0.150925	64
98.081085	0.174156	64
98.255241	0.174149	64
98.429390	0.127708	63
98.557098	0.336685	57
98.893784	0.162544	56
99.056328	0.278641	59
99.334969	0.197365	63
99.532333	0.255424	62
99.787758	0.058044	60
99.845802	0.162544	60
100.008347	0.162537	66
100.170883	0.301857	65
100.472740	0.313477	65
100.786217	0.313469	65
101.099686	0.092880	53
101.192566	0.255417	63
101.447983	0.267029	64
101.715012	0.348297	67
102.063309	0.104492	60
102.167801	0.197372	58
102.365173	0.127708	61
102.492882	0.464394	58
102.957275	0.696602	64
103.653877	0.139320	63
103.793198	0.174149	67
103.967346	0.313469	67
104.280815	0.313469	56
104.594284	0.150932	56
104.745216	0.174149	0
104.919365	0.116096	55
105.035461	0.336693	66
105.372154	0.174149	65
105.546303	0.325081	65
105.871384	0.301857	62
106.173241	0.150932	60
106.324173	0.185760	60
106.509933	0.301857	60
106.811790	0.301857	54
107.113647	0.185760	53
107.299408	0.139320	55
107.438728	0.162544	54
107.601273	0.150925	55
107.752197	0.278641	56
108.030838	0.174149	56
108.204987	0.162544	0
108.367531	0.301857	56
108.669388	0.197372	56
108.866760	0.150925	56
109.017685	0.162544	56
109.180229	0.139320	0
109.319550	0.162537	56
109.482086	0.127708	55
109.609795	0.197372	55
109.807167	0.116096	56
109.923264	0.220589	55
110.143852	0.441185	57
110.585037	0.464394	0
111.049431	0.162544	58
111.211975	0.313469	57
111.525444	0.325081	58
111.850525	0.313469	58
112.163994	0.150925	59
112.314919	0.174149	60
112.489067	0.150932	61
112.639999	0.487617	61
113.127617	0.313469	61
113.441086	0.325081	56
113.766167	0.127708	0
113.893875	0.325081	58
114.218956	0.162544	63
114.381500	0.325073	56
114.706573	0.301865	57
115.008438	0.174149	56
115.182587	0.267029	58
115.449615	0.185760	67
115.635376	0.313469	67
115.948845	0.162537	56
116.111382	0.150932	67
116.262314	0.150932	69
116.413246	0.185753	69
116.598999	0.116104	68
116.715103	0.174149	67
116.889252	0.301857	56
117.191109	0.185760	59
117.376869	0.139320	63
117.516190	0.174149	63
117.690338	0.301865	59
117.992203	0.185753	54
118.177956	0.313477	54
118.491432	0.092873	0
118.584305	0.208984	54
118.793289	0.174149	59
118.967438	0.162537	56
119.129974	0.290253	60
119.420227	0.336693	62
119.756920	0.290245	65
120.047165	0.185760	71
120.232925	0.452789	66
120.685715	0.301857	65
120.987572	0.336693	67
121.324265	0.116096	65
121.440361	0.371521	0
121.811882	0.139320	58
121.951202	0.325081	58
122.276283	0.174149	60
122.450432	0.313469	60
122.763901	0.464401	61
123.228302	0.626938	59
123.855240	0.626938	62
124.482178	0.325081	68
124.807259	0.162537	68
124.969795	0.150932	73
125.120728	0.603714	67
125.724442	0.336693	67
126.061134	0.325081	67
126.386215	0.139320	66
126.525536	0.313469	65
126.839005	0.174149	62
127.013153	0.278641	57
127.291794	0.348297	63
127.640091	0.452789	66
128.092880	0.185760	74
128.278641	0.313461	73
128.592102	0.081284	0
128.673386	0.162537	0
128.835922	0.232193	66
129.068115	0.185760	65
129.253876	0.290253	64
129.544128	0.162537	65
129.706665	0.174149	65
129.880814	0.127716	0
130.008530	0.174149	56
130.182678	0.603714	65
130.786392	0.313477	65
131.099869	0.313461	65
131.413330	0.336685	65
131.750015	0.174164	58
131.924179	0.127701	57
132.051880	0.336685	55
132.388565	0.313477	57
132.702042	0.150925	58
132.852966	0.789490	57
133.642456	0.348297	63
133.990753	0.139313	59
134.130066	0.766266	56
134.896332	0.208969	57
135.105301	0.116104	61
135.221405	0.162537	59
135.383942	0.452789	59
135.836731	0.313477	58
136.150208	0.313461	54
136.463669	0.325089	58
136.788757	0.313461	59
137.102219	0.325089	0
137.427307	0.313461	54
137.740768	0.940414	57
138.681183	0.185760	58
138.866943	0.139313	58
139.006256	0.150925	57
139.157181	0.754654	56
139.911835	0.359909	60
140.271744	0.162537	56
140.434280	0.452789	54
140.887070	0.325089	56
141.212158	0.150925	54
141.363083	0.162537	54
141.525620	0.301865	0
141.827484	0.197372	54
142.024857	0.127701	57
142.152557	0.162552	56
142.315109	0.162537	56
142.477646	0.150925	56
142.628571	0.162537	56
142.791107	0.162537	56
142.953644	0.313477	58
143.267120	0.139313	58
143.406433	0.185760	58
143.592194	0.464401	64
144.056595	0.139328	62
144.195923	0.301849	56
144.497772	0.150940	60
144.648712	0.325073	59
144.973785	0.359909	65
145.333694	0.162537	65
145.496231	0.313477	65
145.809708	0.150925	65
145.960632	0.313477	65
146.274109	0.162537	53
146.436646	0.150925	54
146.587570	0.162537	58
146.750107	0.162552	59
146.912659	0.162537	59
147.075195	0.150925	59
147.226120	0.313477	59
147.539597	0.150925	55
147.690521	0.150925	59
147.841446	0.174149	61
148.015594	0.313477	57
148.329071	0.058044	58
148.387115	0.417969	58
148.805084	0.197357	60
149.002441	0.116104	58
149.118546	0.348297	56
149.466843	0.243820	56
149.710663	0.336685	60
150.047348	0.301865	61
150.349213	0.185760	60
150.534973	0.487610	61
151.022583	0.301865	58
151.324448	0.162537	59
151.486984	0.150925	59
151.637909	0.174149	59
151.812057	0.150940	59
151.962997	0.162537	59
152.125534	0.150925	59
152.276459	0.301865	54
152.578323	0.139313	0
152.717636	0.197372	0
152.915009	0.139328	63
153.054337	0.162537	57
153.216873	0.127701	58
153.344574	0.104492	58
153.449066	0.394745	62
153.843811	0.150925	66
153.994736	0.150940	66
154.145676	0.162537	64
154.308212	0.197372	62
154.505585	0.150925	66
154.656509	0.139313	65
154.795822	0.313477	65
155.109299	0.313461	65
155.422760	0.174149	65
155.596909	0.174164	65
155.771072	0.104477	65
155.875549	0.197372	65
156.072922	0.301865	65
156.374786	0.174149	54
156.548935	0.150925	54
156.699860	0.162537	58
156.862396	0.162552	59
157.024948	0.139313	57
157.164261	0.150925	54
157.315186	0.325089	54
157.640274	0.116104	71
157.756378	0.197357	72
157.953735	0.069672	66
158.023407	0.406342	57
158.429749	0.150925	57
158.580673	0.313477	58
158.894150	0.174149	58
159.068298	0.150925	61
159.219223	0.139328	69
159.358551	0.174149	56
159.532700	0.267029	65
159.799728	0.174149	66
159.973877	0.383133	65
160.357010	0.092880	65
160.449890	0.150925	65
160.600815	0.069656	65
160.670471	1.369980	65
162.040451	0.336685	66
162.377136	0.162552	69
162.539688	0.325073	71
162.864761	0.139313	69
163.004074	0.162552	77
163.166626	0.034821	68
163.201447	0.429581	68
163.631027	0.313461	68
163.944489	0.174149	69
164.118637	0.150925	71
164.269562	0.313477	69
164.583038	0.325073	68
164.908112	0.336700	70
165.244812	0.301849	68
165.546661	0.313477	69
165.860138	0.313461	69
166.173599	0.313477	69
166.487076	0.162537	72
166.649612	0.150925	72
166.800537	0.174164	66
166.974701	0.301849	62
167.276550	0.162537	63
167.439087	0.313477	63
167.752563	0.185760	63
167.938324	0.116104	62
168.054428	0.174149	66
168.228577	0.162537	66
168.391113	0.139313	66
168.530426	0.162552	70
168.692978	0.162537	73
168.855515	0.162537	69
169.018051	0.162537	70
169.180588	0.139328	70
169.319916	0.174149	65
169.494064	0.313461	56
169.807526	0.150940	59
169.958466	0.162537	63
170.121002	0.162537	69
170.283539	0.301865	70
170.585403	0.650146	70
171.235550	0.162552	71
171.398102	0.150925	66
171.549026	0.162537	65
171.711563	0.139328	63
171.850891	0.185760	61
172.036652	0.150925	69
172.187576	0.301849	67
172.489426	0.325089	63
172.814514	0.313461	61
173.127975	0.499237	58
173.627213	0.127701	57
173.754913	0.325089	64
174.080002	0.301865	64
174.381866	0.150925	62
174.532791	0.476013	66
175.008804	0.325073	69
175.333878	0.267029	75
175.600906	0.208984	0
175.809891	0.452789	66
176.262680	0.313461	64
176.576141	0.162537	66
176.738678	0.162552	62
176.901230	0.325073	61
177.226303	0.313477	62
177.539780	0.162537	60
177.702316	0.162537	63
177.864853	0.301865	62
178.166718	0.475998	66
178.642715	0.150940	67
178.793655	0.301849	67
179.095505	0.185760	68
179.281265	0.139328	69
179.420593	0.499222	74
179.919815	0.139328	73
180.059143	0.325073	71
180.384216	0.301865	74
180.686081	0.638550	73
181.324631	0.313461	73
181.638092	0.162537	73
181.800629	0.150940	74
181.951569	0.313461	74
182.265030	1.242279	78
183.507309	0.359909	59
183.867218	0.150925	56
184.018143	0.150925	56
184.169067	0.313477	56
184.482544	0.313461	55
184.796005	0.301865	0
185.097870	0.150925	0
185.248795	0.174149	0
185.422943	0.301865	0
185.724808	0.336685	72
186.061493	0.290253	76
186.351746	0.162537	0
186.514282	0.162537	0
186.676819	0.278641	0
186.955460	0.348297	0
187.303757	0.325089	75
187.628845	0.162537	71
187.791382	0.150925	70
187.942307	0.313477	70
188.255783	0.325073	60
188.580856	0.313477	56
188.894333	0.162537	56
189.056870	0.162537	56
189.219406	0.290253	56
189.509659	0.301865	56
189.811523	0.348297	0
190.159821	0.150925	0
190.310745	0.174149	0
190.484894	0.290253	0
190.775146	0.336685	69
191.111832	0.313477	72
191.425308	0.174149	60
191.599457	0.150925	53
191.750381	0.243820	53
191.994202	0.058044	65
192.052246	0.313461	67
192.365707	0.313477	74
192.679184	0.174149	74
192.853333	0.150925	74
193.004257	0.313477	74
193.317734	0.313461	75
193.631195	0.325089	56
193.956284	0.139313	56
194.095596	0.162552	56
194.258148	0.313461	63
194.571609	0.336685	66
194.908295	0.301865	60
195.210159	0.150925	56
195.361084	0.162537	68
195.523621	0.301865	72
195.825485	0.336685	58
196.162170	0.313477	0
196.475647	0.150925	0
196.626572	0.162537	0
196.789108	0.313477	57
197.102585	0.336685	56
197.439270	0.267029	54
197.706299	0.046448	54
197.752747	0.150925	54
197.903671	0.139328	54
198.042999	0.336685	54
198.379684	0.325073	0
198.704758	0.301865	56
199.006622	0.150925	56
199.157547	0.162537	56
199.320084	0.313477	55
199.633560	0.336685	56
199.970245	0.313477	0
200.283722	0.150925	0
200.434647	0.162537	0
200.597183	0.301865	58
200.899048	0.325073	76
201.224121	0.313477	68
201.537598	0.162537	72
201.700134	0.162537	72
201.862671	0.313477	72
202.176147	0.313461	0
202.489609	0.325089	0
202.814697	0.139313	0
202.954010	0.139328	0
203.093338	0.162537	0
203.255875	0.162537	58
203.418411	0.150925	58
203.569336	0.116104	58
203.685440	0.371521	64
204.056961	0.150925	64
204.207886	0.150940	64
204.358826	0.325073	64
204.683899	0.220596	64
204.904495	0.417953	62
205.322449	0.139313	62
205.461761	0.150940	62
205.612701	0.232193	60
205.844894	0.116104	60
205.960999	0.150925	0
206.111923	0.162537	0
206.274460	0.313477	0
206.587936	0.150925	0
206.738861	0.162552	0
206.901413	0.301849	0
207.203262	0.325089	0
207.528351	0.313461	0
207.841812	0.150925	0
207.992737	0.162552	0
208.155289	0.301849	57
208.457138	0.162552	58
208.619690	0.162537	58
208.782227	0.313461	61
209.095688	0.150940	65
209.246628	0.174149	65
209.420776	0.220581	61
209.641357	0.417969	67
210.059326	0.278625	63
210.337952	0.081284	0
210.419235	0.267029	62
210.686264	0.127701	0
210.813965	0.197372	61
211.011337	0.301865	65
211.313202	0.487610	64
211.800812	0.150940	65
211.951752	0.313461	65
212.265213	0.150925	0
212.416138	0.476013	67
212.892151	0.464401	69
213.356552	0.185760	70
213.542313	0.626938	65
214.169250	0.174149	65
214.343399	0.162537	65
214.505936	0.150940	65
214.656876	0.150925	64
214.807800	0.174149	67
214.981949	0.150925	68
215.132874	0.336700	66
215.469574	0.301849	56
215.771423	0.116104	56
215.887527	0.185760	57
216.073288	0.104492	57
216.177780	0.534058	66
216.711838	0.313461	63
217.025299	0.162552	59
217.187851	0.150925	57
217.338776	0.150925	60
217.489700	0.476013	60
217.965714	0.313477	54
218.279190	0.174149	54
218.453339	0.139313	57
218.592651	0.162537	57
218.755188	0.150940	56
218.906128	0.150925	55
219.057053	0.127716	56
219.184769	0.162537	58
219.347305	0.197372	65
219.544678	0.267029	65
219.811707	0.185760	58
219.997467	0.185760	56
220.183228	0.127701	55
220.310928	0.174149	56
220.485077	0.278641	58
220.763718	0.278641	66
221.042358	0.232193	63
221.274551	0.185760	58
221.460312	0.278641	60
221.738953	0.313477	53
222.052429	0.290253	53
222.342682	0.185760	0
222.528442	0.475998	65
223.004440	0.313477	64
223.317917	0.325073	58
223.642990	0.150940	0
223.793930	0.301849	58
224.095779	0.150940	58
224.246719	0.185745	57
224.432465	0.313477	66
224.745941	0.162537	66
224.908478	0.127716	65
225.036194	0.208969	64
225.245163	0.104492	56
225.349655	0.139328	56
225.488983	0.313461	57
225.802444	0.371521	65
226.173965	0.452789	65
226.626755	0.185760	66
226.812515	0.290253	63
227.102768	0.162537	59
227.265305	0.162537	58
227.427841	0.162552	58
227.590393	0.162537	59
227.752930	0.150925	59
227.903854	0.150925	54
228.054779	0.313477	56
228.368256	0.139313	58
228.507568	0.174149	58
228.681717	0.174149	62
228.855865	0.301865	59
229.157730	0.069656	57
229.227386	0.406357	60
229.633743	0.185760	67
229.819504	0.139313	69
229.958817	0.325089	56
230.283905	0.139313	55
230.423218	0.127716	58
230.550934	0.336685	62
230.887619	0.301865	61
231.189484	0.174149	58
231.363632	0.185760	60
231.549393	0.139313	62
231.688705	0.174149	62
231.862854	0.290253	58
232.153107	0.174149	54
232.327255	0.150925	55
232.478180	0.162552	58
232.640732	0.162537	59
232.803268	0.162537	66
232.965805	0.150925	66
233.116730	0.301865	54
233.418594	0.139313	0
233.557907	0.220596	60
233.778503	0.116104	56
233.894608	0.174149	57
234.068756	0.104492	58
234.173248	0.116089	57
234.289337	0.243820	60
234.533157	0.139313	67
234.672470	0.139328	68
234.811798	0.162537	66
234.974335	0.371521	67
235.345856	0.150925	66
235.496780	0.150925	65
235.647705	0.313477	65
235.961182	0.313461	65
236.274643	0.325089	65
236.599731	0.127701	65
236.727432	0.185760	66
236.913193	0.301865	0
237.215057	0.174149	0
237.389206	0.150925	0
237.540131	0.162552	59
237.702682	0.150925	60
237.853607	0.162537	66
238.016144	0.150925	65
238.167068	0.313477	57
238.480545	0.127716	0
238.608261	0.208969	72
238.817230	0.464401	66
239.281631	0.150925	64
239.432556	0.313477	65
239.746033	0.174149	67
239.920181	0.162537	69
240.082718	0.139328	69
240.222046	0.185760	66
240.407806	0.255417	62
240.663223	0.185760	57
240.848984	0.487610	64
241.336594	0.139328	65
241.475922	0.301849	65
241.777771	0.185760	65
241.963531	0.452789	63
242.416321	0.185760	66
242.602081	0.139328	65
242.741409	0.487610	65
243.229019	0.336700	65
243.565720	0.313461	61
243.879181	0.127716	55
244.006897	0.290253	58
244.297150	0.174149	58
244.471298	0.185760	57
244.657059	0.487610	61
245.144669	0.116104	56
245.260773	0.197372	56
245.458145	0.116089	56
245.574234	0.127716	56
245.701950	0.325073	56
246.027023	0.371521	65
246.398544	0.626938	64
247.025482	0.301865	59
247.327347	0.162537	59
247.489883	0.150940	59
247.640823	0.150925	58
247.791748	0.174149	59
247.965897	0.150925	59
248.116821	0.150940	59
248.267761	0.313461	59
248.581223	0.127716	55
248.708939	0.185760	59
248.894699	0.174149	61
249.068848	0.290253	58
249.359100	0.069656	57
249.428757	0.417953	58
249.846710	0.325089	57
250.171799	0.325073	56
250.496872	0.139313	56
250.636185	0.116104	56
250.752289	0.348297	56
251.100586	0.290253	59
251.390839	0.185760	61
251.576599	0.313461	61
251.890060	0.174164	62
252.064224	0.313461	59
252.377686	0.150925	59
252.528610	0.162552	58
252.691162	0.162537	58
252.853699	0.162537	59
253.016235	0.150925	59
253.167160	0.162552	59
253.329712	0.313461	59
253.643173	0.127716	59
253.770889	0.185760	71
253.956650	0.139313	58
254.095963	0.174149	58
254.270111	0.104492	58
254.374603	0.104492	58
254.479095	0.267029	58
254.746124	0.150925	58
254.897049	0.150940	59
255.047989	0.150925	66
255.198914	0.174149	65
255.373062	0.174149	68
255.547211	0.150925	66
255.698135	0.162552	65
255.860687	0.301849	65
256.162537	0.301849	65
256.464386	0.197388	65
256.661774	0.150940	65
256.812714	0.116089	60
256.928802	0.174133	59
257.102936	0.325104	58
257.428040	0.313446	59
257.741486	0.150940	58
257.892426	0.174164	59
258.066589	0.162537	58
258.229126	0.139313	54
258.368439	0.313477	55
258.681915	0.127686	62
258.809601	0.220612	59
259.030212	0.325073	57
259.355286	0.116089	58
259.471375	0.174164	58
259.645538	0.313477	65
259.959015	0.174133	67
260.133148	0.139313	69
260.272461	0.162537	69
260.434998	0.139343	73
260.574341	0.278625	65
260.852966	0.197388	64
261.050354	0.499207	63
261.549561	0.150940	61
261.700500	0.278625	62
261.979126	0.185760	60
262.164886	0.638550	64
262.803436	0.301880	75
263.105316	0.336670	74
263.441986	0.313477	74
263.755463	4.809448	74
