3.750023	0.139320	0
3.889342	0.325079	54
4.214422	0.069660	57
4.284081	0.139320	71
4.423401	0.092880	72
4.516281	0.232200	72
4.748481	0.116100	59
4.864581	0.081270	59
4.945850	0.185760	59
5.131610	0.325079	57
5.456689	0.127710	60
5.584399	0.243809	61
5.828208	0.325079	67
6.153288	0.220590	66
6.373878	0.185760	0
6.559637	0.208980	0
6.768617	0.255420	60
7.024036	0.208980	0
7.233016	0.116100	57
7.349116	0.243809	59
7.592925	0.220590	59
7.813515	0.220590	59
8.034104	0.208980	58
8.243084	0.185760	59
8.428843	0.325079	58
8.753922	0.104490	59
8.858413	0.371519	59
9.229932	0.208980	0
9.438911	0.243810	0
9.682721	0.174150	0
9.856871	0.197370	0
10.054240	0.174150	70
10.228390	0.081270	73
10.309660	0.092879	60
10.402539	0.116100	62
10.518640	0.174150	63
10.692789	0.208980	59
10.901769	0.220590	62
11.122358	0.220590	59
11.342948	0.208980	59
11.551928	0.185760	60
11.737687	0.290250	60
12.027937	0.359909	62
12.387846	0.150929	0
12.538775	0.208980	61
12.747755	0.243810	60
12.991565	0.197370	59
13.188934	0.185760	60
13.374694	0.290250	0
13.664944	0.104489	55
13.769433	0.046440	54
13.815873	0.174150	56
13.990023	0.185760	59
14.175782	0.232200	0
14.407982	0.220590	0
14.628572	0.139319	57
14.767891	0.069660	59
14.837551	0.197370	59
15.034921	0.313469	59
15.348390	0.127710	59
15.476100	0.325079	59
15.801179	0.232200	0
16.033379	0.243809	0
16.277187	0.185760	0
16.462948	0.150930	0
16.613878	0.081268	0
16.695147	0.220591	0
16.915737	0.185759	0
17.101496	0.359911	73
17.461407	0.267029	61
17.728436	0.220589	62
17.949024	0.069660	61
18.018684	0.116100	62
18.134785	0.197369	62
18.332153	0.255421	0
18.587574	0.197369	64
18.784943	0.348301	62
19.133244	0.208979	63
19.342222	0.232199	64
19.574421	0.174150	0
19.748571	0.232199	76
19.980770	0.220591	76
20.201361	0.185759	0
20.387119	0.394741	62
20.781860	0.232199	60
21.014059	0.348299	60
21.362358	0.278639	60
21.640997	0.185760	58
21.826757	0.150930	54
21.977688	0.069658	55
22.047346	0.290251	56
22.337597	0.092880	59
22.430477	0.208979	59
22.639456	0.243809	55
22.883265	0.127710	55
23.010975	0.243809	48
23.254784	0.313471	48
23.568254	0.406349	51
23.974604	0.104488	57
24.079092	0.243811	59
24.322903	0.220589	58
24.543491	0.185760	59
24.729252	0.197369	59
24.926620	0.336691	57
25.263311	0.383129	59
25.646441	0.301859	66
25.948299	0.232199	67
26.180498	0.185760	68
26.366259	0.185759	59
26.552017	0.371521	59
26.923538	0.069658	0
26.993196	0.383129	0
27.376326	0.232201	60
27.608526	0.232199	59
27.840725	0.162540	56
28.003265	0.232199	59
28.235464	0.325081	59
28.560545	0.104488	59
28.665033	0.243811	59
28.908844	0.069660	55
28.978504	0.127708	55
29.106213	0.162540	0
29.268753	0.208979	0
29.477732	0.139320	54
29.617052	0.104490	0
29.721542	0.116100	55
29.837643	0.092878	54
29.930521	0.104490	48
30.035011	0.127710	48
30.162722	0.162539	47
30.325260	0.208981	48
30.534241	0.139318	0
30.673559	0.255421	0
30.928980	0.232199	0
31.161179	0.162540	0
31.323719	0.208979	51
31.532698	0.208981	68
31.741678	0.220589	53
31.962267	0.394739	51
32.357006	0.208981	0
32.565987	0.232201	60
32.798187	0.174149	61
32.972336	0.208981	62
33.181316	0.197369	60
33.378685	0.208981	61
33.587666	0.232197	62
33.819862	0.174152	0
33.994015	0.220589	59
34.214603	0.220589	60
34.435192	0.197369	60
34.632561	0.208981	52
34.841541	0.197369	0
35.038910	0.220592	51
35.259502	0.220589	52
35.480091	0.174149	0
35.654240	0.208981	0
35.863220	0.208981	69
36.072201	0.185757	69
36.257957	0.232201	52
36.490158	0.197369	64
36.687527	0.220592	64
36.908119	0.383129	65
37.291248	0.232197	0
37.523445	0.220592	0
37.744038	0.313469	67
38.057507	0.092880	60
38.150387	0.197369	60
38.347755	0.232201	60
38.579956	0.301857	59
38.881813	0.301861	59
39.183674	0.220589	60
39.404263	0.185760	59
39.590023	0.208981	61
39.799004	0.197369	61
39.996372	0.243809	62
40.240181	0.208981	59
40.449162	0.174149	60
40.623310	0.197369	60
40.820679	0.232201	64
41.052879	0.174149	60
41.227028	0.208981	59
41.436008	0.208981	51
41.644989	0.208981	52
41.853970	0.220589	0
42.074558	0.174149	0
42.248707	0.208981	0
42.457687	0.232201	55
42.689888	0.185757	0
42.875645	0.197372	0
43.073017	0.220589	0
43.293606	0.220589	62
43.514194	0.406349	63
43.920544	0.220589	63
44.141132	0.208981	63
44.350113	0.174149	64
44.524261	0.220592	51
44.744854	0.197369	59
44.942223	0.243809	59
45.186031	0.383129	63
45.569160	0.208981	63
45.778141	0.208981	62
45.987122	0.197369	62
46.184490	0.208981	61
46.393471	0.197369	59
46.590839	0.220589	61
46.811428	0.220589	62
47.032017	0.162540	63
47.194557	0.208981	59
47.403538	0.232201	63
47.635738	0.185757	62
47.821495	0.220592	0
48.042088	0.197369	0
48.239456	0.208981	51
48.448437	0.220589	51
48.669025	0.162540	0
48.831566	0.232197	69
49.063763	0.220592	69
49.284355	0.185757	68
49.470112	0.220592	69
49.690704	0.208977	59
49.899681	0.220592	64
50.120274	0.371517	72
50.491791	0.243809	62
50.735600	0.220592	63
50.956192	0.174149	61
51.130341	0.220589	61
51.350929	0.197369	62
51.548298	0.208981	52
51.757278	0.232201	53
51.989479	0.162540	0
52.152020	0.220589	59
52.372608	0.208981	59
52.581589	0.197369	56
52.778957	0.220589	56
52.999546	0.197369	55
53.196915	0.208981	54
53.405895	0.394741	61
53.800636	0.220589	61
54.021225	0.185760	60
54.206985	0.208977	61
54.415962	0.220592	62
54.636555	0.208977	60
54.845531	0.208981	43
55.054512	0.232201	41
55.286713	0.174149	0
55.460861	0.208981	0
55.669842	0.220589	44
55.890430	0.174149	0
56.064579	0.232201	51
56.296780	0.197369	0
56.494148	0.197372	0
56.691521	0.406349	45
57.097870	0.208977	43
57.306847	0.220592	41
57.527439	0.220589	59
57.748028	0.197369	60
57.945396	0.406349	62
58.351746	0.359909	62
58.711655	0.232201	62
58.943855	0.232201	61
59.176056	0.185757	62
59.361813	0.197372	63
59.559185	0.255417	65
59.814602	0.092880	62
59.907482	0.092880	64
60.000362	0.394741	62
60.395103	0.232197	63
60.627300	0.406349	64
61.033649	0.208981	0
61.242630	0.197369	0
61.439999	0.220592	0
61.660591	0.232197	0
61.892788	0.104492	65
61.997280	0.104488	64
62.101768	0.162540	64
62.264309	0.208981	63
62.473289	0.208977	51
62.682266	0.150932	49
62.833199	0.290249	55
63.123447	0.174149	55
63.297596	0.406349	62
63.703945	0.197369	62
63.901314	0.383133	55
64.284447	0.104485	62
64.388931	0.162544	61
64.551476	0.174149	62
64.725624	0.232201	60
64.957825	0.394737	60
65.352562	0.185760	60
65.538322	0.243813	58
65.782135	0.185753	61
65.967888	0.197372	62
66.165260	0.394737	0
66.559998	0.441185	62
67.001183	0.208977	62
67.210159	0.429565	61
67.639725	0.208984	62
67.848709	0.174149	62
68.022858	0.174149	60
68.197006	0.255417	59
68.452423	0.116104	60
68.568527	0.092880	59
68.661407	0.185760	60
68.847168	0.208977	59
69.056145	0.092880	48
69.149025	0.127708	47
69.276733	0.197372	47
69.474106	0.220589	48
69.694695	0.208977	47
69.903671	0.301865	59
70.205536	0.092880	59
70.298416	0.220589	59
70.519005	0.220589	59
70.739594	0.208977	59
70.948570	0.197372	60
71.145943	0.336685	59
71.482628	0.325081	60
71.807709	0.139320	56
71.947029	0.220589	59
72.167618	0.185760	59
72.353378	0.197372	59
72.550751	0.220589	59
72.771339	0.243805	59
73.015144	0.336693	57
73.351837	0.243813	59
73.595650	0.197365	60
73.793015	0.220589	58
74.013603	0.139320	58
74.152924	0.104492	59
74.257416	0.185760	59
74.443176	0.301857	57
74.745033	0.313469	59
75.058502	0.185760	59
75.244263	0.208977	0
75.453239	0.208984	0
75.662224	0.197365	54
75.859589	0.208984	54
76.068573	0.208977	55
76.277550	0.371521	60
76.649071	0.267029	60
76.916100	0.208977	59
77.125076	0.197372	59
77.322449	0.092880	59
77.415329	0.116096	60
77.531425	0.220596	60
77.752022	0.267029	61
78.019051	0.069656	61
78.088707	0.464401	60
78.553108	0.197365	60
78.750473	0.220596	59
78.971069	0.394737	60
79.365807	0.255417	66
79.621223	0.185760	54
79.806984	0.139320	55
79.946304	0.255417	59
80.201721	0.197372	59
80.399094	0.208977	59
80.608070	0.150932	58
80.759003	0.104492	59
80.863495	0.162537	59
81.026031	0.208977	59
81.235008	0.499229	59
81.734238	0.139320	59
81.873558	0.185760	60
82.059319	0.197372	59
82.256691	0.232201	47
82.488892	0.197365	47
82.686256	0.174149	0
82.860405	0.185760	0
83.046165	0.429573	59
83.475739	0.487617	61
83.963356	0.174149	61
84.137505	0.185760	62
84.323265	0.208977	64
84.532242	0.615334	63
85.147575	0.208977	62
85.356552	0.208984	64
85.565536	0.174149	0
85.739685	0.220589	55
85.960274	0.208977	57
86.169250	0.220589	55
86.389839	0.417961	62
86.807800	0.220589	58
87.028389	0.290253	58
87.318642	0.336685	60
87.655327	0.162544	0
87.817871	0.150925	67
87.968796	0.081276	67
88.050072	0.278633	57
88.328705	0.116104	60
88.444809	0.208977	61
88.653786	0.208984	64
88.862770	0.208977	0
89.071747	0.208977	72
89.280724	0.185760	68
89.466484	0.104492	71
89.570976	0.406349	66
89.977325	0.127708	58
90.105034	0.220589	59
90.325623	0.220589	59
90.546211	0.197372	59
90.743584	0.197372	59
90.940956	0.301857	65
91.242813	0.359909	61
91.602722	0.162537	68
91.765259	0.185760	66
91.951019	0.220589	60
92.171608	0.220589	60
92.392197	0.174156	59
92.566353	0.232193	59
92.798546	0.197372	57
92.995918	0.116096	53
93.112015	0.290253	59
93.402267	0.197372	59
93.599640	0.208977	59
93.808617	0.243813	58
94.052429	0.197365	59
94.249794	0.185760	58
94.435555	0.441177	59
94.876732	0.069664	59
94.946396	0.116096	60
95.062492	0.185760	59
95.248253	0.220589	53
95.468842	0.208984	54
95.677826	0.116096	71
95.793922	0.081268	63
95.875191	0.174149	48
96.049339	0.220596	0
96.269936	0.394737	64
96.664673	0.220589	64
96.885262	0.220589	60
97.105850	0.197372	61
97.303223	0.139320	0
97.442543	0.267029	62
97.709572	0.232201	63
97.941772	0.383125	62
98.324898	0.208977	63
98.533875	0.243813	64
98.777687	0.197372	61
98.975060	0.197365	52
99.172424	0.197372	60
99.369797	0.220589	62
99.590385	0.348297	62
99.938683	0.255424	59
100.194107	0.220589	60
100.414696	0.174149	59
100.588844	0.220589	54
100.809433	0.197372	69
101.006805	0.220589	68
101.227394	0.208977	69
101.436371	0.197372	0
101.633743	0.197365	69
101.831108	0.243813	68
102.074921	0.185760	69
102.260681	0.208977	69
102.469658	0.197372	60
102.667030	0.208977	52
102.876007	0.278641	54
103.154648	0.359909	63
103.514557	0.220589	63
103.735146	0.174149	62
103.909294	0.220589	62
104.129883	0.174156	69
104.304039	0.232201	69
104.536240	0.406349	61
104.942589	0.220589	61
105.163177	0.197365	60
105.360542	0.197372	62
105.557915	0.208977	62
105.766891	0.185760	62
105.952652	0.220589	72
106.173241	0.406349	68
106.579590	0.220589	69
106.800179	0.220589	71
107.020767	0.185760	72
107.206528	0.208984	68
107.415512	0.185760	68
107.601273	0.220589	68
107.821861	0.220589	68
108.042450	0.185760	68
108.228210	0.208977	68
108.437187	0.232201	70
108.669388	0.185760	68
108.855148	0.208977	68
109.064125	0.185760	68
109.249886	0.220589	62
109.470474	0.371521	63
109.841995	0.267029	64
110.109024	0.220589	63
110.329613	0.174149	0
110.503761	0.197372	70
110.701134	0.197372	71
110.898506	0.243805	71
111.142311	0.394737	63
111.537048	0.220596	64
111.757645	0.220589	65
111.978233	0.174149	65
112.152382	0.208977	66
112.361359	0.197372	63
112.558731	0.638550	67
113.197281	0.197365	66
113.394646	0.232201	64
113.626846	0.197372	63
113.824219	0.197365	63
114.021584	0.197372	68
114.218956	0.197372	68
114.416328	0.243805	68
114.660133	0.174149	69
114.834282	0.220596	72
115.054878	0.220589	69
115.275467	0.174149	69
115.449615	0.208977	64
115.658592	0.197372	65
115.855965	0.127708	77
115.983673	0.499229	74
116.482903	0.220589	65
116.703491	0.220589	64
116.924080	0.185760	72
117.109840	0.208977	73
117.318817	0.185760	73
117.504578	0.441185	74
117.945763	0.185753	72
118.131516	0.208984	73
118.340500	0.150932	72
118.491432	0.092873	72
118.584305	0.174156	58
118.758461	0.197365	69
118.955826	0.208984	76
119.164810	0.208977	66
119.373787	0.406349	61
119.780136	0.220589	62
120.000725	0.220589	62
120.221313	0.197372	62
120.418686	0.197365	61
120.616051	0.197372	61
120.813423	0.220589	60
121.034012	0.394737	60
121.428749	0.220596	60
121.649345	0.232193	56
121.881538	0.162544	55
122.044083	0.220589	55
122.264671	0.197372	52
122.462044	0.174149	52
122.636192	0.441177	55
123.077370	0.185760	0
123.263130	0.232201	52
123.495331	0.081268	54
123.576599	0.359909	59
123.936508	0.232201	60
124.168709	0.267029	54
124.435738	0.267029	61
124.702766	0.174149	59
124.876915	0.290253	62
125.167168	0.185760	61
125.352928	0.197365	61
125.550293	0.336693	64
125.886986	0.510834	63
126.397820	0.185760	61
126.583580	0.162544	52
126.746124	0.290245	55
127.036369	0.185760	54
127.222130	0.185760	55
127.407890	0.208977	54
127.616867	0.208984	55
127.825851	0.208984	51
128.034836	0.197357	63
128.232193	0.220596	63
128.452789	0.197372	54
128.650162	0.208969	60
128.859131	0.220596	52
129.079727	0.162537	54
129.242264	0.290253	63
129.532516	0.255417	63
129.787933	0.116104	63
129.904037	0.417953	63
130.321991	0.208984	57
130.530975	0.383133	57
130.914108	0.545670	61
131.459778	0.487610	60
131.947388	0.220596	62
132.167984	0.394730	59
132.562714	0.417969	53
132.980682	0.220581	60
133.201263	0.592117	61
133.793381	0.232193	59
134.025574	0.394745	60
134.420319	0.116104	59
134.536423	0.116089	60
134.652512	0.174149	60
134.826660	0.220596	60
135.047256	0.208984	61
135.256241	0.185760	48
135.442001	0.197357	48
135.639359	0.208984	59
135.848343	0.301865	58
136.150208	0.127701	59
136.277908	0.220596	59
136.498505	0.220581	59
136.719086	0.197372	59
136.916458	0.197372	59
137.113831	0.406357	58
137.520187	0.290237	66
137.810425	0.104492	71
137.914917	0.197372	68
138.112289	0.243805	59
138.356094	0.174149	59
138.530243	0.232208	60
138.762451	0.232193	60
138.994644	0.336700	64
139.331345	0.232193	59
139.563538	0.220596	59
139.784134	0.220581	59
140.004715	0.092880	58
140.097595	0.127716	59
140.225311	0.185760	59
140.411072	0.290237	59
140.701309	0.336700	60
141.038010	0.174149	59
141.212158	0.197372	60
141.409531	0.220581	70
141.630112	0.197372	70
141.827484	0.197372	66
142.024857	0.220581	59
142.245438	0.383133	72
142.628571	0.220596	59
142.849167	0.116089	60
142.965256	0.116104	62
143.081360	0.220596	59
143.301956	0.208969	59
143.510925	0.208984	59
143.719910	0.278641	65
143.998550	0.510834	61
144.509384	0.174149	60
144.683533	0.255417	60
144.938950	0.220596	60
145.159546	0.174149	60
145.333694	0.255417	57
145.589111	0.197372	54
145.786484	0.371521	56
146.158005	0.208984	59
146.366989	0.220581	59
146.587570	0.232208	58
146.819778	0.185760	59
147.005539	0.197357	59
147.202896	0.220596	59
147.423492	0.290253	59
147.713745	0.116089	56
147.829834	0.185760	59
148.015594	0.127716	65
148.143311	0.104492	69
148.247803	0.197372	69
148.445175	0.116089	70
148.561264	0.092880	69
148.654144	0.185760	0
148.839905	0.220596	0
149.060501	0.406342	63
149.466843	0.208984	64
149.675827	0.232193	63
149.908020	0.313477	61
150.221497	0.081268	62
150.302765	0.197372	63
150.500137	0.603714	63
151.103851	0.220596	63
151.324448	0.232193	62
151.556641	0.185760	61
151.742401	0.208984	57
151.951385	0.185760	59
152.137146	0.441177	61
152.578323	0.185760	59
152.764084	0.220581	60
152.984665	0.232208	60
153.216873	0.174149	0
153.391022	0.220581	0
153.611603	0.185760	52
153.797363	0.220596	61
154.017960	0.394745	0
154.412704	0.220581	0
154.633286	0.232208	56
154.865494	0.174149	0
155.039642	0.208969	53
155.248611	0.197372	69
155.445984	0.220596	68
155.666580	0.394730	60
156.061310	0.220596	60
156.281906	0.232193	57
156.514099	0.185760	53
156.699860	0.197372	52
156.897232	0.197372	0
157.094604	0.232193	67
157.326797	0.220596	67
157.547394	0.162537	0
157.709930	0.220596	0
157.930527	0.220581	63
158.151108	0.185760	66
158.336868	0.220596	65
158.557465	0.197372	63
158.754837	0.208969	63
158.963806	0.220596	63
159.184402	0.185760	64
159.370163	0.197372	64
159.567535	0.255417	61
159.822952	0.174149	60
159.997101	0.197372	60
160.194473	0.208969	60
160.403442	0.208984	60
160.612427	0.208984	60
160.821411	0.185760	60
161.007172	0.232193	59
161.239365	0.232193	68
161.471558	0.162552	66
161.634109	0.220581	52
161.854691	0.185760	51
162.040451	0.220596	53
162.261047	0.220581	51
162.481628	0.174149	0
162.655777	0.220596	64
162.876373	0.220581	64
163.096954	0.197372	72
163.294327	0.197372	55
163.491699	0.197372	63
163.689072	0.232193	63
163.921265	0.371521	63
164.292786	0.174149	62
164.466934	0.290253	64
164.757187	0.383133	63
165.140320	0.185760	58
165.326080	0.243805	61
165.569885	0.394745	62
165.964630	0.208969	59
166.173599	0.232208	60
166.405807	0.174149	60
166.579956	0.208984	55
166.788940	0.208969	67
166.997910	0.197372	52
167.195282	0.417953	69
167.613235	0.208984	68
167.822220	0.220596	68
168.042816	0.185760	69
168.228577	0.197357	65
168.425934	0.208984	68
168.634918	0.638550	66
169.273468	0.197372	62
169.470840	0.232193	64
169.703033	0.185760	62
169.888794	0.208984	61
170.097778	0.197372	61
170.295151	0.232193	61
170.527344	0.220596	58
170.747940	0.174149	60
170.922089	0.208984	60
171.131073	0.243805	60
171.374878	0.185760	61
171.560638	0.185760	52
171.746399	0.197372	56
171.943771	0.232193	0
172.175964	0.383133	62
172.559097	0.220581	60
172.779678	0.220596	60
173.000275	0.139313	62
173.139587	0.069672	61
173.209259	0.174149	62
173.383408	0.208969	62
173.592377	0.220596	60
173.812973	0.394730	59
174.207703	0.232208	60
174.439911	0.185760	57
174.625671	0.174149	55
174.799820	0.232193	56
175.032013	0.185760	64
175.217773	0.116104	53
175.333878	0.499222	55
175.833099	0.197372	54
176.030472	0.232208	54
176.262680	0.220581	54
176.483261	0.197372	55
176.680634	0.313477	55
176.994110	0.116089	56
177.110199	0.139328	59
177.249527	0.116104	61
177.365631	0.336685	61
177.702316	0.208969	56
177.911285	0.139328	53
178.050613	0.185760	61
178.236374	0.069656	63
178.306030	0.313477	64
178.619507	0.092880	65
178.712387	0.348297	62
179.060684	0.092880	62
179.153564	0.208969	62
179.362534	0.208984	52
179.571518	0.220596	0
179.792114	0.197357	0
179.989471	0.406357	0
180.395828	0.383133	59
180.778961	0.208969	61
180.987930	0.243820	59
181.231750	0.174149	0
181.405899	0.208969	0
181.614868	0.220596	0
181.835464	0.185760	0
182.021225	0.127716	0
182.148941	0.301849	62
182.450790	0.208984	62
182.659775	0.174149	62
182.833923	0.139313	62
182.973236	0.313477	63
183.286713	0.278641	64
183.565353	0.116104	65
183.681458	0.383118	61
184.064575	0.232208	60
184.296783	0.243805	59
184.540588	0.116104	60
184.656693	0.220581	60
184.877274	0.441177	0
185.318451	0.429581	62
185.748032	0.208969	63
185.957001	0.208984	62
186.165985	0.220596	59
186.386581	0.208969	61
186.595551	0.394745	61
186.990295	0.092880	60
187.083176	0.116104	59
187.199280	0.116089	59
187.315369	0.104492	59
187.419861	0.197372	64
187.617233	0.290253	60
187.907486	0.104492	68
188.011978	0.208969	69
188.220947	0.220596	67
188.441544	0.208984	54
188.650528	0.313461	66
188.963989	0.081268	71
189.045258	0.127716	71
189.172974	0.104492	71
189.277466	0.301849	71
189.579315	0.127716	71
189.707031	0.185760	65
189.892792	0.336685	60
190.229477	0.348297	61
190.577774	0.325089	69
190.902863	0.243805	66
191.146667	0.174149	59
191.320816	0.220596	59
191.541412	0.232193	60
191.773605	0.557281	58
192.330887	0.220581	59
192.551468	0.232208	59
192.783676	0.127701	56
192.911377	0.081284	59
192.992661	0.185745	59
193.178406	0.301865	58
193.480270	0.127716	59
193.607986	0.208969	59
193.816956	0.185760	55
194.002716	0.220596	59
194.223312	0.185760	69
194.409073	0.208984	70
194.618057	0.139313	70
194.757370	0.081268	70
194.838638	0.197372	0
195.036011	0.406342	59
195.442352	0.232208	60
195.674561	0.104492	60
195.779053	0.116089	62
195.895142	0.185760	59
196.080902	0.232208	59
196.313110	0.197372	59
196.510483	0.278625	61
196.789108	0.522461	61
197.311569	0.139313	60
197.450882	0.069656	61
197.520538	0.197372	60
197.717911	0.220596	59
197.938507	0.197372	60
198.135880	0.220581	56
198.356461	0.197372	55
198.553833	0.139313	56
198.693146	0.267029	59
198.960175	0.185760	59
199.145935	0.220596	58
199.366531	0.139313	57
199.505844	0.127716	59
199.633560	0.174149	59
199.807709	0.197372	59
200.005081	0.394745	58
200.399826	0.092865	55
200.492691	0.127716	57
200.620407	0.185760	60
200.806168	0.197372	59
201.003540	0.197372	55
201.200912	0.220581	0
201.421494	0.185760	65
201.607254	0.220596	65
201.827850	0.359909	61
202.187759	0.278641	61
202.466400	0.278641	61
202.745041	0.162537	62
202.907578	0.185760	64
203.093338	0.197372	66
203.290710	0.487610	63
203.778320	0.127716	62
203.906036	0.208969	63
204.115005	0.406357	71
204.521362	0.232193	73
204.753555	0.208984	74
204.962540	0.208984	71
205.171524	0.046432	71
205.217957	0.336685	76
205.554642	0.232208	76
205.786850	0.313461	73
206.100311	0.301865	73
206.402176	0.208984	65
206.611160	0.232193	71
206.843353	0.290253	67
207.133606	0.081268	79
207.214874	0.197372	78
207.412247	0.267029	77
207.679276	0.139313	77
207.818588	0.208984	65
208.027573	0.220596	64
208.248169	0.127701	71
208.375870	0.487625	72
208.863495	0.220581	71
209.084076	0.417969	71
209.502045	0.208969	71
209.711014	0.394745	68
210.105759	0.406357	62
210.512115	0.208969	66
210.721085	0.208984	64
210.930069	0.220581	59
211.150650	0.174164	59
211.324814	0.232193	60
211.557007	0.232193	59
211.789200	0.371521	59
212.160721	0.220596	59
212.381317	0.208984	60
212.590302	0.208969	59
212.799271	0.185760	59
212.985031	0.417969	59
213.403000	8.481079	59
