1.253878	0.081270	50
1.335147	1.207438	56
2.542585	0.534059	55
3.076644	1.683447	53
4.760091	0.661768	59
5.421859	0.557279	60
5.979138	0.986848	61
6.965986	0.429569	57
7.395555	0.534059	55
7.929615	0.034830	55
7.964445	0.673378	55
8.637823	0.267030	62
8.904853	0.928798	64
9.833651	1.033288	65
10.866939	1.602177	67
12.469115	0.058050	0
12.527165	0.464399	0
12.991565	0.232200	0
13.223764	0.278639	0
13.502403	0.174150	0
13.676554	0.325079	0
14.001633	0.150929	0
14.152562	0.232200	0
14.384762	0.255420	50
14.640182	0.452789	50
15.092971	0.255419	58
15.348390	0.336690	56
15.685080	0.127709	62
15.812789	0.510839	60
16.323627	0.267031	62
16.590658	0.220589	62
16.811247	0.429569	64
17.240816	0.464399	58
17.705215	0.255419	58
17.960634	0.220591	67
18.181225	0.476009	66
18.657234	0.441179	65
19.098413	0.441179	67
19.539593	0.464397	65
20.003990	0.290251	62
20.294241	0.174149	63
20.468390	0.267031	62
20.735420	0.185759	62
20.921179	0.464399	62
21.385578	0.452789	58
21.838367	0.301859	58
22.140226	0.185760	67
22.325987	0.255419	69
22.581406	0.197371	66
22.778776	0.278639	66
23.057415	0.208979	67
23.266394	0.232201	59
23.498594	0.197369	56
23.695963	0.255421	61
23.951384	0.220589	64
24.171972	0.452789	67
24.624762	0.464399	67
25.089161	0.464399	69
25.553560	0.464399	66
26.017960	0.267029	66
26.284988	0.162540	70
26.447529	0.487619	70
26.935148	0.708208	68
27.643356	0.441179	67
28.084536	0.255419	64
28.339954	0.197371	66
28.537325	0.487617	66
29.024942	0.197371	72
29.222313	0.255419	71
29.477732	0.499229	69
29.976961	0.058050	69
30.035011	0.162540	64
30.197552	0.255419	67
30.452971	0.174150	67
30.627121	0.487617	67
31.114738	0.452789	62
31.567528	0.452789	62
32.020317	1.091339	63
33.111656	0.476009	72
33.587666	0.452789	64
34.040455	0.417957	69
34.458412	0.220589	62
34.679001	0.452789	72
35.131790	0.429569	72
35.561359	0.650162	73
36.211521	0.429565	63
36.641087	0.325081	70
36.966167	0.127708	69
37.093876	0.464401	64
37.558277	2.345215	66
39.903492	0.557278	81
40.460770	0.092880	81
40.553650	0.185760	81
40.739410	0.058048	81
40.797459	0.325081	81
41.122540	0.092880	81
41.215420	0.383129	82
41.598549	0.870747	82
42.469296	0.441181	81
42.910477	0.452789	81
43.363266	0.557278	79
43.920544	0.255421	79
44.175964	0.522449	78
44.698414	0.441177	0
45.139591	0.882359	77
46.021950	0.417961	0
46.439911	0.684986	57
47.124897	0.139320	62
47.264217	0.371521	64
47.635738	0.325077	66
47.960815	0.638550	67
48.599365	0.139320	67
48.738686	0.394737	67
49.133423	0.441181	62
49.574604	0.150928	61
49.725533	0.255421	62
49.980953	0.150928	64
50.131882	0.208981	62
50.340862	0.568890	63
50.909752	0.394737	64
51.304489	0.359909	71
51.664398	0.394741	71
52.059139	0.406349	72
52.465488	0.197369	70
52.662857	0.394741	72
53.057598	0.394737	72
53.452335	0.603718	74
54.056053	0.383129	71
54.439182	0.383129	70
54.822311	0.417961	69
55.240273	2.229115	73
57.469387	0.476009	81
57.945396	0.394741	81
58.340137	0.859138	81
59.199276	0.847527	82
60.046803	0.464397	81
60.511200	0.406349	81
60.917549	0.510841	0
61.428391	0.336689	0
61.765079	0.905579	63
62.670658	1.288708	62
63.959366	0.684990	51
64.644356	0.150925	62
64.795280	0.348305	64
65.143585	0.336685	54
65.480270	0.278641	59
65.758911	0.348297	62
66.107208	0.116104	58
66.223312	0.383125	57
66.606438	0.835922	52
67.442360	0.359909	62
67.802269	0.185760	62
67.988029	0.174149	72
68.162178	0.174149	60
68.336327	0.185760	61
68.522087	0.150932	62
68.673019	0.255417	62
68.928436	0.116096	62
69.044533	0.789482	61
69.834015	0.185760	62
70.019775	0.185760	63
70.205536	0.359909	69
70.565445	0.174149	57
70.739594	0.220589	54
70.960182	0.185760	50
71.145943	0.383125	50
71.529068	1.462860	60
72.991928	0.208977	62
73.200905	0.580498	57
73.781403	0.406349	62
74.187752	0.499229	62
74.686981	0.034836	50
74.721817	0.185753	50
74.907570	0.116104	66
75.023674	0.267029	65
75.290703	0.359909	54
75.650612	0.394737	50
76.045349	1.451248	55
77.496597	0.174149	55
77.670746	0.952019	55
78.622765	1.161003	54
79.783768	0.069656	55
79.853424	1.114555	55
80.967979	0.034836	0
81.002815	0.034828	0
81.037643	0.893967	55
81.931610	0.162537	55
82.094147	0.034836	55
82.128983	0.139320	55
82.268303	0.348297	55
82.616600	0.197365	0
82.813965	2.182678	55
84.996643	0.243813	55
85.240456	0.835915	55
86.076370	0.058052	0
86.134422	1.091339	48
87.225761	0.104485	0
87.330246	1.161003	55
88.491249	0.824303	55
89.315552	0.174156	55
89.489708	2.774780	55
92.264488	0.139320	55
92.403809	0.952019	55
93.355827	0.058052	67
93.413879	0.092880	67
93.506760	0.034828	67
93.541588	1.033287	61
94.574875	0.058052	55
94.632927	0.208977	55
94.841904	0.893967	55
95.735870	0.232201	61
95.968071	0.801086	59
96.769157	0.232201	55
97.001358	0.162544	59
97.163902	2.461311	67
99.625214	1.149391	67
100.774605	0.127708	68
100.902313	1.068115	67
101.970428	0.243813	62
102.214241	0.174149	62
102.388390	0.731430	61
103.119820	0.058052	55
103.177872	0.092880	55
103.270752	0.847527	55
104.118279	3.691971	59
107.810249	0.058052	62
107.868301	0.429565	62
108.297867	0.290253	55
108.588120	0.208977	58
108.797096	0.661774	56
109.458870	0.476006	54
109.934875	1.219048	56
111.153923	0.325081	55
111.479004	0.150925	60
111.629929	0.104492	60
111.734421	0.092880	60
111.827301	1.219048	60
113.046349	0.185760	58
113.232109	0.301857	58
113.533966	0.917191	56
114.451157	0.452789	55
114.903946	0.208977	0
115.112923	0.278641	61
115.391563	0.220589	60
115.612152	0.208984	56
115.821136	0.452789	56
116.273926	0.429565	57
116.703491	0.267029	58
116.970520	0.441177	59
117.411697	0.185760	60
117.597458	0.928802	59
118.526260	0.476006	57
119.002266	0.452789	63
119.455055	0.452789	61
119.907845	0.452789	59
120.360634	0.208984	58
120.569618	0.255417	63
120.825035	0.452789	65
121.277824	0.278641	64
121.556465	0.220589	63
121.777054	0.162537	67
121.939590	0.487617	64
122.427208	0.243813	62
122.671021	0.162537	62
122.833557	0.452789	62
123.286346	0.638550	63
123.924896	0.429573	60
124.354469	0.441177	71
124.795647	0.348297	72
125.143944	0.116104	71
125.260048	0.406349	72
125.666397	0.197365	71
125.863762	0.429573	72
126.293335	0.255417	72
126.548752	0.197372	72
126.746124	0.603714	74
127.349838	0.429573	71
127.779411	0.429573	70
128.208984	0.429565	69
128.638550	0.383133	69
129.021683	1.938858	70
130.960541	0.406357	62
131.366898	0.441177	0
131.808075	0.905579	82
132.713654	0.476013	82
133.189667	0.267029	82
133.456696	0.162537	82
133.619232	0.499222	81
134.118454	0.069656	81
134.188110	0.359924	81
134.548035	0.475998	0
135.024033	0.394745	0
135.418777	0.917191	76
136.335968	1.346756	75
137.682724	0.673370	74
138.356094	0.185760	62
138.541855	0.325089	64
138.866943	0.336685	66
139.203629	0.278641	67
139.482269	0.313461	67
139.795731	0.162552	66
139.958282	0.371521	64
140.329803	0.371506	56
140.701309	0.371521	61
141.072830	0.348297	57
141.421127	0.963638	62
142.384766	0.278641	0
142.663406	0.197357	0
142.860764	0.104492	70
142.965256	0.127716	69
143.092972	0.069656	71
143.162628	0.104492	77
143.267120	0.197372	77
143.464493	0.162537	77
143.627029	0.116104	68
143.743134	0.290253	75
144.033386	0.069656	69
144.103043	0.185760	70
144.288803	0.104492	64
144.393295	0.290237	77
144.683533	0.116104	77
144.799637	0.174149	74
144.973785	0.278641	75
145.252426	0.290253	76
145.542679	0.243805	73
145.786484	0.058044	0
145.844528	0.290253	75
146.134781	0.267029	71
146.401810	0.267029	74
146.668839	0.139328	72
146.808167	0.208969	71
147.017136	0.104492	72
147.121628	0.197372	78
147.319000	0.313477	76
147.632477	0.185760	72
147.818237	0.104477	70
147.922714	0.197372	73
148.120087	0.092880	75
148.212967	0.208984	76
148.421951	0.034836	76
148.456787	0.290237	75
148.747025	0.069672	71
148.816696	0.278625	71
149.095322	0.290253	70
149.385574	0.081268	74
149.466843	0.208984	73
149.675827	0.104492	76
149.780319	0.174149	72
149.954468	0.139313	71
150.093781	0.150940	70
150.244720	0.139313	68
150.384033	0.150940	69
150.534973	0.162537	67
150.697510	0.313461	71
151.010971	0.139328	71
151.150299	0.174149	78
151.324448	0.139313	79
151.463760	0.174149	79
151.637909	0.278641	78
151.916550	0.197372	71
152.113922	0.139328	73
152.253250	0.534058	71
152.787308	0.104477	73
152.891785	0.034836	68
152.926620	0.336685	75
153.263306	0.313477	83
153.576782	0.185760	77
153.762543	0.185760	72
153.948303	0.336685	72
154.284988	0.232193	68
154.517181	0.104492	71
154.621674	0.185760	74
154.807434	0.150940	73
154.958374	0.255417	68
155.213791	0.371521	65
155.585312	0.197357	76
155.782669	0.116104	71
155.898773	0.046448	74
155.945221	0.139313	72
156.084534	0.220596	72
156.305130	0.383118	78
156.688248	0.208984	76
156.897232	0.150925	70
157.048157	0.267029	77
157.315186	0.116104	75
157.431290	0.139328	75
157.570618	0.116089	69
157.686707	0.185760	69
157.872467	0.116104	80
157.988571	0.325073	79
158.313644	0.139328	67
158.452972	0.185760	71
158.638733	0.325073	75
158.963806	0.058060	73
159.021866	0.127701	73
159.149567	0.116104	73
159.265671	0.232193	70
159.497864	0.348297	72
159.846161	0.487625	75
160.333786	0.394745	73
160.728531	0.383118	77
161.111649	3.356354	0
