0.534059	0.464399	0
0.998458	0.383129	0
1.381587	0.452789	55
1.834376	0.359909	54
2.194286	0.429569	54
2.623855	0.371519	54
2.995374	0.429569	51
3.424943	0.394739	49
3.819683	0.452789	44
4.272471	0.394740	48
4.667211	0.406349	50
5.073560	0.394739	48
5.468299	0.406349	52
5.874649	0.383129	48
6.257778	0.220590	57
6.478367	0.185760	57
6.664127	0.394739	58
7.058866	0.812698	55
7.871564	0.417960	55
8.289524	0.371519	59
8.661043	0.417959	54
9.079002	0.371519	55
9.450521	0.394739	59
9.845261	0.383129	56
10.228390	0.417959	52
10.646349	0.394739	48
11.041088	0.383129	52
11.424217	0.394740	49
11.818957	0.406349	52
12.225307	0.383129	48
12.608436	0.220590	57
12.829025	0.185760	57
13.014785	0.394739	58
13.409524	0.719818	59
14.129342	0.197370	64
14.326712	0.267030	64
14.593741	0.325080	55
14.918821	0.812698	55
15.731520	0.371519	58
16.103039	0.290249	58
16.393288	0.150930	0
16.544218	0.406349	59
16.950567	0.371519	59
17.322086	0.429569	52
17.751656	0.383129	60
18.134785	0.383129	53
18.517914	0.406349	53
18.924263	0.208981	57
19.133244	0.208979	57
19.342222	0.348299	58
19.690521	0.441179	52
20.131701	0.243809	51
20.375509	0.441179	54
20.816689	0.499229	55
21.315918	0.348299	55
21.664217	0.127710	55
21.791927	0.278639	58
22.070566	0.278641	52
22.349207	0.139318	56
22.488525	0.406349	57
22.894875	0.754650	56
23.649525	0.406349	52
24.055874	0.371519	48
24.427393	0.417959	52
24.845352	0.394739	48
25.240091	0.197369	57
25.437460	0.208981	58
25.646441	0.371519	58
26.017960	0.789478	55
26.807438	0.383129	55
27.190567	0.777868	54
27.968435	0.371519	48
28.339954	0.081270	47
28.421225	0.313469	55
28.734694	0.452789	58
29.187483	0.174150	53
29.361633	0.603718	49
29.965351	0.417959	52
30.383310	0.383129	52
30.766439	0.417959	53
31.184399	0.383129	48
31.567528	0.255421	57
31.822948	0.162539	57
31.985487	0.394739	58
32.380226	0.406349	55
32.786575	0.371521	55
33.158096	0.417957	55
33.576054	0.290249	0
33.866302	0.104492	55
33.970795	0.278637	55
34.249432	0.394741	50
34.644173	0.162540	49
34.806713	0.348297	52
35.155010	0.081272	52
35.236282	0.208977	52
35.445259	0.116100	51
35.561359	0.789478	51
36.350838	0.406349	41
36.757187	0.383129	0
37.140316	0.406349	53
37.546665	0.220592	48
37.767258	0.174149	48
37.941406	0.232201	52
38.173607	0.174149	52
38.347755	0.371517	48
38.719273	0.441181	56
39.160454	0.150928	53
39.311382	0.174152	56
39.485535	0.313469	59
39.799004	0.267029	56
40.066032	0.255421	52
40.321453	0.429565	51
40.751019	0.348301	52
41.099319	0.371521	51
41.470840	0.406349	63
41.877190	0.789478	56
42.666668	0.417957	50
43.084625	0.394741	49
43.479366	0.406349	48
43.885715	0.394737	48
44.280453	0.417961	53
44.698414	0.371517	48
45.069931	0.429569	49
45.499500	0.383129	58
45.882629	0.429569	57
46.312199	0.278641	54
46.590839	0.104488	56
46.695328	0.394741	59
47.090069	0.383129	58
47.473198	0.417957	59
47.891155	0.429569	61
48.320724	1.555737	62
49.876461	0.081272	62
49.957733	0.429569	63
50.387302	0.801086	0
51.188389	0.394741	0
51.583130	0.452789	48
52.035919	0.383129	54
52.419048	0.359909	54
52.778957	0.174149	55
52.953106	0.243809	55
53.196915	0.232201	54
53.429115	0.162540	55
53.591656	0.383129	59
53.974785	0.441177	58
54.415962	0.034832	59
54.450794	0.081268	59
54.532063	0.255421	56
54.787483	0.801086	48
55.588570	0.417961	52
56.006531	0.371521	48
56.378052	0.394737	53
56.772789	0.394741	48
57.167530	0.243809	56
57.411339	0.174149	57
57.585487	0.383129	58
57.968616	0.789478	55
58.758095	0.476009	55
59.234104	0.336689	55
59.570793	0.383129	55
59.953922	0.371521	58
60.325443	0.348297	56
60.673740	0.452789	58
61.126530	0.441181	51
61.567711	0.371517	52
61.939228	0.441181	53
62.380409	0.371517	53
62.751926	0.394741	56
63.146667	0.394737	53
63.541405	0.243813	57
63.785217	0.162537	57
63.947754	0.394737	58
64.342491	0.417961	54
64.760452	0.371521	48
65.131973	0.325081	54
65.457054	0.116096	54
65.573151	0.197372	54
65.770523	0.092880	55
65.863403	0.058044	54
65.921448	0.394745	55
66.316193	0.336685	57
66.652878	0.441177	52
67.094055	0.174156	59
67.268211	0.232193	57
67.500404	0.777870	51
68.278275	0.406349	53
68.684624	0.394745	53
69.079369	0.394737	53
69.474106	0.394737	48
69.868843	0.394737	57
70.263580	0.383133	58
70.646713	0.719818	55
71.366531	0.301857	54
71.668388	0.452789	54
72.121178	0.278641	54
72.399818	0.174149	55
72.573967	0.359909	59
72.933876	0.325081	59
73.258957	0.127708	59
73.386665	0.336693	58
73.723358	0.429565	53
74.152924	0.383133	47
74.536057	0.406349	50
74.942406	0.394737	48
75.337143	0.394737	53
75.731880	0.232201	50
75.964081	0.162544	47
76.126625	0.394737	48
76.521362	0.394737	48
76.916100	0.545670	52
77.461769	0.267029	53
77.728798	0.359909	54
78.088707	0.429573	53
78.518280	0.417953	59
78.936234	0.371521	59
79.307755	0.383133	62
79.690887	0.417953	53
80.108841	0.754654	59
80.863495	0.417953	50
81.281448	0.383133	50
81.664581	0.406349	48
82.070930	0.371521	48
82.442451	0.789474	48
83.231926	0.417961	50
83.649887	0.383125	55
84.033012	0.766258	59
84.799271	0.777870	59
85.577141	0.417961	60
85.995102	0.406349	60
86.401451	1.428024	62
87.829475	0.185760	61
88.015236	0.464401	63
88.479637	0.719818	0
89.199455	0.104492	0
89.303947	0.394737	49
89.698685	0.441177	48
90.139862	0.383133	54
90.522995	0.301857	60
90.824852	0.185760	57
91.010612	0.197372	60
91.207985	0.882355	57
92.090340	0.417961	50
92.508301	0.383125	50
92.891426	0.429573	48
93.320999	0.371521	48
93.692520	0.417953	51
94.110474	0.371521	47
94.481995	0.406349	47
94.888344	0.383133	50
95.271477	0.615326	59
95.886803	0.162537	0
96.049339	0.801094	52
96.850433	0.278641	60
97.129074	0.104485	58
97.233559	0.383133	59
97.616692	0.394737	56
98.011429	0.383125	50
98.394554	0.359917	50
98.754471	0.069656	50
98.824127	0.197372	49
99.021500	0.162537	49
99.184036	0.406349	48
99.590385	0.371521	48
99.961906	0.406349	49
100.368256	0.371521	47
100.739777	0.406349	48
101.146126	0.394737	51
101.540863	0.394737	56
101.935600	0.197372	0
102.132973	0.185760	47
102.318733	0.580498	41
102.899231	0.220589	55
103.119820	0.290245	57
103.410065	0.476013	59
103.886078	0.789474	58
104.675552	0.406349	50
105.081902	0.220596	54
105.302498	0.150925	55
105.453423	0.441177	59
105.894600	0.208984	0
106.103584	0.150925	0
106.254509	0.406349	52
106.660858	0.383133	51
107.043991	0.394737	57
107.438728	0.394737	63
107.833466	0.406357	60
108.239822	0.243805	52
108.483627	0.127708	52
108.611336	0.417961	59
109.029297	0.383133	53
109.412430	0.336685	60
109.749115	0.208977	59
109.958092	0.185760	60
110.143852	0.789482	62
110.933334	0.394737	60
111.328072	0.371521	55
111.699593	0.510841	54
112.210434	0.313469	59
112.523903	0.801086	59
113.324989	0.441177	0
113.766167	0.371521	0
114.137688	0.417961	0
114.555649	0.359909	0
114.915558	0.452789	48
115.368347	0.301857	48
115.670204	0.092880	54
115.763084	0.348297	54
116.111382	0.243813	54
116.355194	0.174149	55
116.529343	0.406349	62
116.935692	0.371521	55
117.307213	0.220589	57
117.527802	0.348297	59
117.876099	0.220589	59
118.096687	0.406349	60
118.503036	0.383133	56
118.886169	0.406349	53
119.292519	0.383125	48
119.675644	0.406349	48
120.081993	0.383133	48
120.465126	0.220589	57
120.685715	0.174149	57
120.859863	0.394737	46
121.254601	0.801094	52
122.055695	0.592110	54
122.647804	0.208977	54
122.856781	0.383125	54
123.239906	0.394745	59
123.634651	0.336685	52
123.971336	0.069664	55
124.041000	0.383125	53
124.424126	0.406349	53
124.830475	0.383133	58
125.213608	0.406349	58
125.619957	0.383125	53
126.003082	0.406349	49
126.409431	0.383133	53
126.792564	0.208977	57
127.001541	0.174149	57
127.175690	0.394745	56
127.570435	0.534058	54
128.104492	0.290253	54
128.394745	0.348297	54
128.743042	0.452789	48
129.195831	0.371521	55
129.567352	0.290237	63
129.857590	0.452789	54
130.310379	0.406357	52
130.716736	0.406342	52
131.123077	0.371521	49
131.494598	0.383133	47
131.877731	0.394745	51
132.272476	0.394730	52
132.667206	0.394745	48
133.061951	0.243805	57
133.305756	0.174149	53
133.479904	0.371521	54
133.851425	0.603729	54
134.455154	0.185745	53
134.640900	0.301865	54
134.942764	0.452789	55
135.395554	0.394745	56
135.790298	0.348297	0
136.138596	0.394745	57
136.533340	0.197357	57
136.730698	0.232208	52
136.962906	0.394730	53
137.357635	0.383133	51
137.740768	0.406357	53
138.147125	0.383118	49
138.530243	0.394745	52
138.924988	0.208984	48
139.133972	0.162537	48
139.296509	0.220596	53
139.517105	0.174149	52
139.691254	0.394730	48
140.085983	0.499237	53
140.585220	0.185760	53
140.770981	0.162537	59
140.933517	0.185760	57
141.119278	0.197372	57
141.316650	0.104477	65
141.421127	0.185760	0
141.606888	0.092880	0
141.699768	0.417969	47
142.117737	0.359909	48
142.477646	0.406342	58
142.883987	0.150940	52
143.034927	0.232193	52
143.267120	0.789474	51
144.056595	0.801086	53
144.857681	0.406357	48
145.264038	0.394745	48
145.658783	0.406342	57
146.065125	0.301865	56
146.366989	0.081268	52
146.448257	0.789474	48
147.237732	0.406357	58
147.644089	0.348297	59
147.992386	0.441177	59
148.433563	0.371521	58
148.805084	0.208969	59
149.014053	0.197372	59
149.211426	0.383133	61
149.594559	1.567352	60
151.161911	0.092880	62
151.254791	0.406342	63
151.661133	0.615326	67
152.276459	0.220596	0
152.497055	0.371521	0
152.868576	0.824310	55
153.692886	0.208969	52
153.901855	0.092880	53
153.994736	0.197372	57
154.192108	0.220596	60
154.412704	0.870743	56
155.283447	0.499222	55
155.782669	0.197372	53
155.980042	0.092880	50
156.072922	0.417969	55
156.490891	0.371506	59
156.862396	0.417969	59
157.280365	0.359909	59
157.640274	0.417953	51
158.058228	0.383133	52
158.441360	0.801086	61
159.242447	0.789474	51
160.031921	0.301865	53
160.333786	0.150925	53
160.484711	0.336700	58
160.821411	0.417953	52
161.239365	0.383133	42
161.622498	0.336685	43
161.959183	0.452789	52
162.411972	0.406357	55
162.818329	0.359909	55
163.178238	0.429565	59
163.607803	0.383133	53
163.990936	0.383118	50
164.374054	0.394745	51
164.768799	0.394745	58
165.163544	0.383118	52
165.546661	0.557281	56
166.103943	0.243805	52
166.347748	0.278641	57
166.626389	0.487625	59
167.114014	0.824310	58
167.938324	0.406342	54
168.344666	0.336700	55
168.681366	0.835907	58
169.517273	0.406357	57
169.923630	0.371521	59
170.295151	0.429565	55
170.724716	0.208984	52
170.933701	0.174149	48
171.107849	0.429565	57
171.537415	0.359909	61
171.897324	0.870743	59
172.768066	0.371521	56
173.139587	0.197372	60
173.336960	0.220596	60
173.557556	0.475998	61
174.033554	0.232208	63
174.265762	0.185760	60
174.451523	0.464401	60
174.915924	0.348297	62
175.264221	0.174149	59
175.438370	0.243805	55
175.682175	0.208984	58
175.891159	9.317001	60
