0.812698	0.139320	48
0.952018	0.278639	49
1.230658	0.267030	53
1.497687	0.325079	54
1.822766	0.696599	55
2.519365	0.139320	54
2.658685	0.348300	57
3.006984	0.290249	58
3.297234	0.174150	57
3.471383	0.394739	54
3.866122	0.197370	54
4.063492	0.208979	59
4.272471	0.394740	52
4.667211	0.394739	52
5.061950	0.383129	52
5.445079	0.406349	53
5.851429	0.208980	57
6.060408	0.220590	57
6.280998	0.325079	57
6.606077	0.441179	51
7.047256	0.208979	55
7.256236	0.452789	54
7.709025	0.859138	54
8.568163	0.150930	55
8.719093	0.162539	57
8.881633	0.359909	59
9.241542	0.197370	59
9.438911	1.126168	57
10.565080	0.417959	52
10.983039	0.383129	55
11.366168	0.394739	52
11.760907	0.371519	53
12.132426	0.220590	52
12.353016	0.208980	53
12.561996	0.371519	57
12.933515	0.708209	49
13.641724	0.313469	53
13.955193	0.139320	55
14.094513	1.207438	54
15.301950	0.336689	58
15.638639	0.197370	59
15.836009	0.058050	58
15.894059	0.348300	57
16.242359	0.661768	57
16.904127	0.789478	53
17.693605	0.417959	52
18.111565	0.371519	56
18.483084	0.220591	52
18.703674	0.615328	53
19.319002	0.801088	57
20.120090	0.417959	52
20.538050	0.197371	57
20.735420	0.162539	60
20.897959	0.243811	54
21.141769	0.383129	54
21.524899	0.197369	55
21.722267	0.325079	58
22.047346	0.092880	59
22.140226	0.208981	59
22.349207	0.116098	58
22.465305	0.812698	56
23.278004	0.777870	52
24.055874	0.383129	52
24.439003	0.208979	55
24.647982	0.208981	59
24.856962	0.220589	53
25.077551	0.174150	52
25.251701	0.197369	56
25.449070	0.197371	60
25.646441	0.197369	53
25.843809	0.232201	53
26.076010	0.139318	53
26.215328	0.174150	57
26.389479	0.301859	59
26.691338	0.197371	57
26.888708	0.081268	56
26.969976	1.044899	60
28.014875	0.348299	62
28.363174	0.127710	62
28.490885	0.290249	63
28.781134	0.185760	62
28.966894	0.650158	58
29.617052	0.185760	64
29.802813	0.197369	64
30.000181	0.383129	57
30.383310	0.197371	63
30.580681	0.220589	59
30.801270	0.197371	59
30.998640	0.185759	59
31.184399	0.197371	64
31.381769	0.220589	61
31.602358	0.348299	60
31.950657	0.417961	64
32.368618	0.441177	59
32.809795	0.661770	59
33.471565	0.696598	59
34.168163	0.208981	59
34.377144	0.406349	59
34.783493	1.625397	62
36.408890	0.359909	62
36.768799	0.092880	62
36.861679	0.406349	63
37.268028	0.464397	67
37.732426	0.359909	67
38.092335	0.406349	64
38.498684	0.452789	59
38.951473	0.371521	60
39.322994	0.325077	57
39.648071	0.197372	55
39.845444	0.255417	55
40.100861	0.185760	54
40.286621	0.150928	54
40.437550	0.139320	55
40.576870	0.313469	55
40.890339	0.383129	57
41.273468	0.162540	59
41.436008	0.267029	56
41.703037	0.452789	57
42.155827	0.348301	57
42.504128	0.185760	53
42.689888	0.220589	53
42.910477	0.185760	54
43.096237	0.185757	60
43.281994	0.197372	52
43.479366	0.197369	52
43.676735	0.185760	56
43.862495	0.208977	59
44.071472	0.197372	53
44.268845	0.220589	53
44.489433	0.383129	53
44.872562	0.185760	55
45.058323	0.220589	55
45.278912	0.185760	52
45.464672	0.208981	47
45.673653	0.417957	53
46.091610	0.789478	55
46.881088	0.348301	55
47.229389	0.325077	57
47.554466	0.255421	59
47.809887	0.661770	56
48.471657	0.185757	53
48.657413	0.208981	60
48.866394	0.185760	53
49.052155	0.232201	52
49.284355	0.383129	53
49.667484	0.185757	52
49.853241	0.208981	52
50.062222	0.185760	53
50.247982	0.208981	0
50.456963	0.197369	0
50.654331	0.197369	56
50.851700	0.394741	53
51.246441	0.185760	52
51.432201	0.232197	51
51.664398	0.278641	49
51.943039	0.371517	50
52.314556	0.162540	54
52.477097	0.185760	54
52.662857	0.185760	54
52.848618	0.116100	54
52.964718	0.557278	54
53.521996	0.185760	55
53.707756	0.267029	58
53.974785	0.185760	59
54.160545	0.557278	57
54.717823	0.464397	57
55.182220	0.197372	53
55.379593	0.208977	52
55.588570	0.185760	53
55.774330	0.208981	52
55.983311	0.197369	52
56.180679	0.197372	53
56.378052	0.185757	60
56.563808	0.208981	59
56.772789	0.197369	53
56.970158	0.197372	56
57.167530	0.371517	58
57.539047	0.208981	55
57.748028	0.208981	55
57.957008	0.197369	57
58.154377	0.092880	60
58.247257	0.243809	53
58.491066	0.069660	54
58.560726	0.452789	54
59.013515	0.278637	54
59.292152	0.568890	57
59.861042	0.197372	59
60.058414	0.092876	59
60.151291	0.139320	59
60.290611	0.777870	57
61.068481	0.174149	56
61.242630	0.197369	58
61.439999	0.197372	53
61.637371	0.208977	52
61.846348	0.185760	52
62.032108	0.208981	0
62.241089	0.185760	53
62.426849	0.220589	52
62.647438	0.185760	53
62.833199	0.197369	53
63.030567	0.185760	54
63.216328	0.208977	52
63.425304	0.174152	52
63.599457	0.208977	53
63.808434	0.208984	54
64.017418	0.267029	60
64.284447	0.267029	56
64.551476	0.069656	57
64.621132	0.359909	59
64.981041	0.441185	57
65.422226	0.208977	60
65.631203	0.208977	60
65.840179	0.371521	59
66.211700	0.359909	62
66.571609	0.139320	62
66.710930	0.208977	63
66.919907	0.069664	64
66.989571	0.255417	61
67.244987	0.557281	57
67.802269	0.185760	53
67.988029	0.185760	52
68.173790	0.383125	53
68.556915	0.208977	56
68.765892	0.197372	60
68.963264	0.197372	60
69.160637	0.185760	59
69.346397	0.197365	53
69.543762	0.220589	52
69.764351	0.185760	53
69.950111	0.139320	52
70.089432	0.441177	56
70.530609	0.417961	58
70.948570	0.185760	59
71.134331	0.220589	59
71.354919	0.313469	59
71.668388	0.835922	59
72.504311	0.371513	60
72.875824	0.476013	61
73.351837	1.126167	62
74.478004	0.243813	62
74.721817	0.185753	61
74.907570	0.452789	64
75.360359	0.835922	67
76.196281	0.429565	63
76.625847	0.417961	60
77.043808	0.394737	65
77.438545	0.185760	65
77.624306	0.069664	61
77.693970	0.197365	56
77.891335	0.208984	60
78.100319	0.661766	59
78.762085	0.255424	58
79.017509	0.359909	57
79.377419	0.290245	57
79.667664	0.127708	62
79.795372	0.150932	59
79.946304	0.243813	59
80.190117	0.417953	59
80.608070	0.185760	55
80.793831	0.208984	52
81.002815	0.174149	52
81.176964	0.220589	52
81.397552	0.185760	51
81.583313	0.197365	52
81.780678	0.197372	51
81.978050	0.197372	51
82.175423	0.185753	52
82.361176	0.208984	55
82.570160	0.185760	52
82.755920	0.197365	52
82.953285	0.197372	53
83.150658	0.220589	53
83.371246	0.197372	52
83.568619	0.162537	52
83.731155	0.220589	53
83.951744	0.069664	55
84.021408	0.116096	56
84.137505	0.069664	57
84.207169	0.336685	59
84.543854	0.348297	58
84.892151	0.139320	58
85.031471	0.278641	57
85.310112	0.313469	56
85.623581	0.476013	50
86.099594	0.185760	51
86.285355	0.208977	52
86.494331	0.185760	54
86.680092	0.174149	60
86.854240	0.220589	53
87.074829	0.185760	51
87.260590	0.185760	48
87.446350	0.197372	48
87.643723	0.197365	51
87.841087	0.208984	51
88.050072	0.185753	51
88.235825	0.208984	52
88.444809	0.185760	56
88.630569	0.197365	56
88.827934	0.185760	56
89.013695	0.208984	52
89.222679	0.185753	53
89.408432	0.220596	53
89.629028	0.162537	53
89.791565	0.243813	56
90.035378	0.267029	57
90.302406	0.487617	59
90.790024	0.534058	59
91.324081	0.174149	59
91.498230	0.116104	57
91.614334	0.383125	57
91.997459	0.336693	59
92.334152	0.464394	59
92.798546	0.174156	59
92.972702	0.185753	56
93.158455	0.789482	54
93.947937	0.197372	52
94.145309	0.197365	52
94.342674	0.185760	51
94.528435	0.197372	51
94.725807	0.208977	55
94.934784	0.197372	56
95.132156	0.197365	52
95.329521	0.174149	52
95.503670	0.220596	53
95.724266	0.197365	52
95.921631	0.185760	53
96.107391	0.208977	52
96.316368	0.185760	53
96.502129	0.139320	52
96.641449	0.208984	60
96.850433	0.185760	60
97.036194	0.127708	60
97.163902	0.359909	61
97.523811	0.127708	63
97.651520	0.162537	62
97.814056	0.429573	60
98.243629	0.336685	61
98.580315	0.510841	61
99.091156	0.325081	60
99.416237	0.847527	59
100.263763	0.452789	58
100.716553	0.371521	60
101.088074	0.394737	56
101.482811	0.383133	60
101.865944	0.185760	52
102.051704	0.208977	52
102.260681	0.301857	59
102.562538	0.139320	54
102.701859	0.081268	54
102.783127	0.220589	54
103.003716	0.243813	54
103.247528	0.174149	55
103.421677	0.441177	55
103.862854	0.174156	55
104.037010	0.162537	55
104.199547	0.220589	56
104.420135	0.348297	58
104.768433	0.452789	57
105.221222	0.139320	57
105.360542	0.208984	56
105.569527	0.220589	53
105.790115	0.185760	53
105.975876	0.232193	52
106.208069	0.371521	52
106.579590	0.197372	52
106.776962	0.208977	53
106.985939	0.185760	57
107.171700	0.197372	58
107.369072	0.197365	53
107.566437	0.208984	52
107.775421	0.394737	57
108.170158	0.185760	51
108.355919	0.220589	53
108.576508	0.394737	57
108.971245	0.127708	50
109.098953	0.197372	53
109.296326	0.232201	54
109.528526	0.220589	54
109.749115	0.383133	54
110.132248	0.104485	55
110.236732	0.139320	57
110.376053	0.185760	59
110.561813	0.290253	58
110.852066	0.092880	59
110.944946	0.789474	57
111.734421	0.174149	57
111.908569	0.208984	60
112.117554	0.185760	53
112.303314	0.220589	52
112.523903	0.371513	52
112.895416	0.197372	53
113.092789	0.208977	52
113.301765	0.197372	55
113.499138	0.197372	59
113.696510	0.197365	53
113.893875	0.220589	53
114.114464	0.394745	53
114.509209	0.185760	55
114.694969	0.208977	54
114.903946	0.383125	53
115.287071	0.301865	54
115.588936	0.162537	53
115.751472	0.731430	55
116.482903	0.174149	55
116.657051	0.092880	54
116.749931	0.452789	57
117.202721	0.452789	57
117.655510	0.069656	56
117.725166	0.174156	57
117.899323	0.487617	57
118.386940	0.208977	53
118.595917	0.185760	52
118.781677	0.174149	53
118.955826	0.208984	59
119.164810	0.197365	53
119.362175	0.197372	53
119.559547	0.185760	57
119.745308	0.220589	60
119.965897	0.197372	57
120.163269	0.208977	57
120.372246	0.371521	57
120.743767	0.208977	54
120.952744	0.208977	55
121.161720	0.174156	59
121.335876	0.208977	62
121.544853	0.278641	54
121.823494	0.162537	54
121.986031	0.348297	55
122.334328	0.371521	55
122.705849	0.185760	59
122.891609	0.139320	59
123.030930	0.394737	57
123.425667	0.197372	58
123.623039	0.638550	57
124.261589	0.185760	59
124.447350	0.185760	59
124.633110	0.208977	55
124.842087	0.208977	52
125.051064	0.371521	56
125.422585	0.208977	53
125.631561	0.185760	53
125.817322	0.208984	52
126.026306	0.185760	53
126.212067	0.185753	53
126.397820	0.197372	52
126.595192	0.185760	52
126.780952	0.208977	52
126.989929	0.197372	53
127.187302	0.278641	53
127.465942	0.197365	57
127.663307	0.348305	60
128.011612	0.185760	58
128.197372	0.104492	53
128.301865	0.197357	60
128.499222	0.208984	60
128.708206	0.499237	60
129.207443	0.162537	59
129.369980	0.394730	61
129.764709	0.127716	62
129.892426	0.220596	64
130.113022	0.058044	63
130.171066	0.197372	62
130.368439	0.592102	58
130.960541	0.197372	52
131.157913	0.220596	52
131.378510	0.394730	53
131.773239	0.174149	55
131.947388	0.220596	60
132.167984	0.174149	60
132.342133	0.220581	58
132.562714	0.185760	53
132.748474	0.208984	52
132.957458	0.185760	52
133.143219	0.092880	52
133.236099	0.127716	53
133.363815	0.429565	57
133.793381	0.359909	59
134.153290	0.185760	58
134.339050	0.197372	58
134.536423	0.313461	59
134.849884	0.499237	59
135.349121	0.185760	58
135.534882	0.185760	59
135.720642	0.383118	59
136.103760	0.197372	60
136.301132	1.590561	62
137.891693	0.092880	62
137.984573	0.545670	62
138.530243	0.232208	67
138.762451	0.626938	67
139.389389	0.406342	63
139.795731	0.197372	64
139.993103	0.197372	60
140.190475	0.359909	64
140.550385	0.232193	64
140.782578	0.081284	59
140.863861	0.197357	56
141.061218	0.220596	59
141.281815	0.673386	59
141.955200	0.162537	59
142.117737	0.092880	56
142.210617	0.394730	57
142.605347	0.267029	57
142.872375	0.116104	59
142.988480	0.162537	59
143.151016	0.220596	59
143.371613	0.406342	59
143.777954	0.185760	63
143.963715	0.208984	55
144.172699	0.185760	60
144.358459	0.185760	58
144.544220	0.197372	51
144.741592	0.197357	51
144.938950	0.197372	51
145.136322	0.208984	52
145.345306	0.185760	55
145.531067	0.220581	55
145.751648	0.383133	52
146.134781	0.185760	53
146.320541	0.220596	59
146.541138	0.394730	52
146.935867	0.185760	53
147.121628	0.104492	53
147.226120	0.139328	55
147.365448	0.383118	59
147.748566	0.348312	58
148.096878	0.162537	58
148.259415	0.278641	57
148.538055	0.301849	55
148.839905	0.476013	50
149.315918	0.185760	53
149.501678	0.208984	54
149.710663	0.185760	55
149.896423	0.185760	54
150.082184	0.220581	52
150.302765	0.197372	52
150.500137	0.185760	51
150.685898	0.174149	51
150.860046	0.406342	52
151.266388	0.185760	51
151.452148	0.208984	51
151.661133	0.197372	59
151.858505	0.197372	54
152.055878	0.197372	52
152.253250	0.197357	52
152.450607	0.197372	53
152.647980	0.220596	52
152.868576	0.116089	53
152.984665	0.278641	56
153.263306	0.255417	56
153.518723	0.487625	59
154.006348	0.185760	59
154.192108	0.267029	59
154.459137	0.104492	61
154.563629	0.185760	59
154.749390	0.487610	57
155.237000	0.313477	59
155.550476	0.487625	59
156.038101	0.174149	60
156.212250	0.197357	57
156.409607	0.429581	54
156.839188	0.359909	56
157.199097	0.417953	52
157.617050	0.185760	52
157.802811	0.208984	52
158.011795	0.197372	56
158.209167	0.208969	56
158.418137	0.359909	52
158.778046	0.510849	53
159.288895	0.383118	57
159.672012	0.185760	53
159.857773	0.162552	57
160.020325	0.197357	60
160.217682	0.220596	60
160.438278	0.499222	61
160.937500	0.116104	63
161.053604	0.116104	62
161.169708	0.150925	60
161.320633	0.499237	60
161.819870	0.325073	62
162.144943	0.220596	63
162.365540	0.197357	60
162.562897	0.174149	59
162.737045	1.335159	60
164.072205	2.249435	58
