0.534059	0.348299	0
0.882358	0.290249	0
1.172608	0.313469	0
1.486077	0.325079	0
1.811157	0.301859	0
2.113016	0.313469	0
2.426485	0.301859	0
2.728345	0.325079	0
3.053424	0.313469	0
3.366894	0.325079	0
3.691973	0.290250	0
3.982222	0.626939	0
4.609161	0.301859	0
4.911020	0.301859	0
5.212880	0.313469	0
5.526349	0.139320	52
5.665669	0.150929	0
5.816598	0.139320	51
5.955918	0.510839	52
6.466757	0.615329	52
7.082086	0.301859	53
7.383945	0.197370	52
7.581315	0.127710	52
7.709025	0.278639	51
7.987664	0.325080	0
8.312744	0.290249	51
8.602993	0.301860	55
8.904853	0.220590	59
9.125443	0.104489	57
9.229932	0.267030	60
9.496962	0.267030	61
9.763991	0.383129	63
10.147120	0.336689	64
10.483809	0.278640	62
10.762449	0.325079	63
11.087528	0.476009	62
11.563538	0.174150	61
11.737687	1.195827	61
12.933515	0.301860	0
13.235374	0.290249	55
13.525623	0.162539	59
13.688163	0.162540	61
13.850703	0.127709	60
13.978413	0.278640	59
14.257052	0.185760	56
14.442812	0.545669	55
14.988481	0.081270	54
15.069751	0.267029	54
15.336780	0.127710	54
15.464490	0.487618	57
15.952108	0.116100	0
16.068209	0.208979	0
16.277187	0.882359	56
17.159546	0.220591	54
17.380136	0.394739	54
17.774876	0.626938	52
18.401814	0.116100	54
18.517914	0.777868	55
19.295782	0.313469	54
19.609251	0.325081	0
19.934332	0.290249	49
20.224581	0.452789	52
20.677370	0.208979	52
20.886349	0.127710	54
21.014059	0.197369	55
21.211428	1.219049	56
22.430477	0.208979	0
22.639456	0.429569	53
23.069025	0.150930	52
23.219955	0.150928	52
23.370884	0.290251	52
23.661135	0.301859	52
23.962994	0.325079	52
24.288073	0.301859	52
24.589931	0.278641	52
24.868572	0.301859	52
25.170431	0.359909	51
25.530340	0.290249	51
25.820589	0.301861	57
26.122450	0.290249	58
26.412699	0.278639	59
26.691338	0.278639	61
26.969976	0.441179	63
27.411156	0.499229	64
27.910385	0.197371	61
28.107756	0.197369	61
28.305124	1.811157	62
30.116282	0.603718	57
30.719999	0.313471	59
31.033470	0.441179	59
31.474649	0.464397	57
31.939047	0.267031	56
32.206078	0.174149	54
32.380226	0.127712	55
32.507938	0.940407	57
33.448345	0.313469	56
33.761814	0.545670	57
34.307484	0.371517	51
34.679001	0.301861	54
34.980862	0.383129	53
35.363991	0.220589	58
35.584579	0.116100	54
35.700680	0.220589	58
35.921268	0.882359	54
36.803627	0.278641	54
37.082268	0.290249	54
37.372517	0.719818	52
38.092335	0.371521	56
38.463856	0.893967	56
39.357822	0.313469	53
39.671291	0.301861	52
39.973152	0.650158	56
40.623310	0.441181	56
41.064491	1.358364	58
42.422855	0.615330	61
43.038185	0.650158	63
43.688343	0.139320	63
43.827663	0.464401	64
44.292065	0.104488	64
44.396553	0.139320	63
44.535873	0.116100	60
44.651974	0.557278	61
45.209251	0.127708	61
45.336960	0.383129	63
45.720089	1.079731	59
46.799820	0.162537	61
46.962357	0.429569	55
47.391926	0.882359	56
48.274284	0.313469	59
48.587753	0.325081	59
48.912834	0.301861	54
49.214695	0.267029	52
49.481724	0.058048	52
49.539772	0.313469	56
49.853241	1.102951	56
50.956192	1.044895	57
52.001087	0.208981	63
52.210068	0.696598	61
52.906666	0.638550	63
53.545216	0.464397	64
54.009613	0.162540	64
54.172153	0.313469	63
54.485622	0.487621	62
54.973244	0.359909	63
55.333153	0.081268	63
55.414421	0.232201	59
55.646622	0.847527	59
56.494148	0.801090	63
57.295238	1.962086	64
59.257324	0.476009	65
59.733334	0.150928	56
59.884262	0.185760	52
60.070023	0.127708	52
60.197731	0.267033	52
60.464764	0.243809	52
60.708572	0.313469	52
61.022041	0.545670	52
61.567711	0.336689	52
61.904400	0.359909	53
62.264309	0.325077	0
62.589386	0.301861	0
62.891247	0.232201	55
63.123447	0.255421	58
63.378868	0.383129	60
63.761997	0.232197	62
63.994194	0.534058	63
64.528252	0.313469	63
64.841721	0.731430	63
65.573151	0.267029	61
65.840179	0.313469	61
66.153648	0.638550	61
66.792198	0.615334	58
67.407532	0.638542	48
68.046074	0.313469	61
68.359543	0.174156	61
68.533699	0.162537	60
68.696236	0.499229	59
69.195465	0.092880	56
69.288345	0.139320	56
69.427666	0.174149	66
69.601814	0.267029	54
69.868843	0.975235	56
70.844078	0.893974	56
71.738052	0.394737	54
72.132790	0.232201	52
72.364990	0.046440	52
72.411430	0.650154	52
73.061584	0.452789	55
73.514374	0.174149	55
73.688522	0.603722	54
74.292244	0.336693	54
74.628937	0.313469	53
74.942406	0.499229	52
75.441635	0.162537	52
75.604172	0.150932	54
75.755104	0.185760	55
75.940865	0.917183	56
76.858047	0.255424	53
77.113472	0.104485	60
77.217957	0.255424	54
77.473381	0.684990	56
78.158371	0.487617	58
78.645988	1.300316	56
79.946304	0.208977	60
80.155281	0.429573	61
80.584854	0.650154	63
81.235008	0.510841	64
81.745850	0.116104	64
81.861954	0.325073	62
82.187027	0.510841	62
82.697868	0.754646	61
83.452515	1.161003	59
84.613518	0.940407	56
85.553925	0.301857	56
85.855782	0.301857	59
86.157639	0.301865	50
86.459503	0.301857	52
86.761360	0.359909	50
87.121269	0.267029	54
87.388298	0.905579	56
88.293877	0.174149	56
88.468025	0.847527	56
89.315552	0.267036	56
89.582588	0.197365	0
89.779953	0.626938	61
90.406891	0.626938	63
91.033829	0.661774	64
91.695602	0.313469	63
92.009071	0.429565	62
92.438637	0.650162	62
93.088799	0.162537	55
93.251335	0.777870	59
94.029205	0.208984	60
94.238190	0.580498	63
94.818687	0.638550	64
95.457237	0.696594	60
96.153831	0.661766	57
96.815598	0.615334	56
97.430931	0.150925	54
97.581856	0.185760	53
97.767616	0.127716	53
97.895332	0.220589	52
98.115921	0.313469	52
98.429390	0.615326	52
99.044716	0.278641	52
99.323357	0.626938	52
99.950294	0.313469	0
100.263763	0.301857	0
100.565620	0.267036	56
100.832657	0.232193	58
101.064850	0.371521	59
101.436371	0.255417	62
101.691788	0.417961	63
102.109749	0.092880	62
102.202629	0.301857	64
102.504486	0.162544	62
102.667030	0.545670	64
103.212700	0.255417	66
103.468117	0.127708	61
103.595825	2.043358	62
105.639183	0.139320	59
105.778503	0.986847	60
106.765350	0.208984	55
106.974335	0.174149	0
107.148483	0.278633	54
107.427116	0.069664	53
107.496780	1.253876	57
108.750656	0.603722	56
109.354378	0.232201	52
109.586578	0.394737	54
109.981316	0.661766	52
110.643082	1.195831	55
111.838913	0.301857	54
112.140770	0.336693	53
112.477463	0.464394	52
112.941856	0.197372	53
113.139229	0.336693	55
113.475922	1.219048	56
114.694969	0.301857	0
114.996826	0.743034	52
115.739861	0.325081	56
116.064941	0.383133	56
116.448074	0.348297	55
116.796371	0.383133	54
117.179504	0.394737	50
117.574242	0.359909	50
117.934151	0.801086	52
118.735237	7.288162	56
