11.923447	0.081270	53
12.004717	0.255419	54
12.260136	0.394740	53
12.654876	2.507754	52
15.162630	0.348300	54
15.510930	0.441178	56
15.952108	0.394739	58
16.346848	0.487619	59
16.834467	0.545670	63
17.380136	0.267029	63
17.647165	0.243811	64
17.890976	0.243809	62
18.134785	0.371519	63
18.506304	0.696598	60
19.202902	2.496145	60
21.699047	0.139320	58
21.838367	0.592110	59
22.430477	0.208979	58
22.639456	0.127710	58
22.767166	0.127708	56
22.894875	0.534060	54
23.428934	0.255419	53
23.684353	0.534060	56
24.218412	0.313469	55
24.531881	0.278641	56
24.810522	0.928797	55
25.739319	0.394741	0
26.134060	0.220589	53
26.354649	0.220589	51
26.575237	0.603720	51
27.178957	0.127710	54
27.306667	0.243809	55
27.550476	0.986849	54
28.537325	0.336689	54
28.874014	0.255419	49
29.129433	0.081270	49
29.210703	0.464399	51
29.675102	0.383129	53
30.058231	0.255419	55
30.313650	1.033289	56
31.346939	0.127710	56
31.474649	0.208979	55
31.683628	0.626938	52
32.310566	2.031746	51
34.342312	0.267029	50
34.609341	0.417961	62
35.027302	0.359909	56
35.387211	0.116100	57
35.503311	0.255421	56
35.758732	0.487617	59
36.246349	0.267029	62
36.513378	0.267029	62
36.780407	0.893970	62
37.674377	0.150928	63
37.825306	0.406349	59
38.231655	1.892426	61
40.124081	0.429569	71
40.553650	0.127712	59
40.681362	0.220589	61
40.901951	0.777866	58
41.679817	0.476009	54
42.155827	0.301861	53
42.457687	0.545670	56
43.003357	0.429569	55
43.432926	0.905579	56
44.338505	0.359909	55
44.698414	0.197369	53
44.895782	0.197369	51
45.093151	0.301861	51
45.395012	0.278641	52
45.673653	0.127708	54
45.801361	0.255421	56
46.056782	0.847527	54
46.904308	0.383129	54
47.287437	0.081268	48
47.368706	0.174152	47
47.542858	1.056507	53
48.599365	0.998459	56
49.597824	0.441177	54
50.039001	0.092880	49
50.131882	0.174149	53
50.306030	0.905579	55
51.211609	0.220592	55
51.432201	0.150928	54
51.583130	0.731426	56
52.314556	0.371521	57
52.686077	0.615330	60
53.301407	0.708206	62
54.009613	0.127712	62
54.137325	0.394737	63
54.532063	0.139320	63
54.671383	0.348301	62
55.019684	0.580498	62
55.600182	0.208981	62
55.809162	0.325077	63
56.134239	0.267029	63
56.401268	0.499229	59
56.900497	0.592110	59
57.492607	0.243809	61
57.736416	0.510841	58
58.247257	1.950474	56
60.197731	0.615330	71
60.813061	0.150928	53
60.963989	1.033291	56
61.997280	1.056507	57
63.053787	0.371517	55
63.425304	0.290253	59
63.715557	0.487621	61
64.203178	0.638542	63
64.841721	0.232201	63
65.073921	0.220589	63
65.294510	0.116104	63
65.410614	0.127708	63
65.538322	0.243813	61
65.782135	0.197365	61
65.979500	0.313469	63
66.292969	0.116104	62
66.409073	0.220589	63
66.629662	0.394737	62
67.024399	0.243813	60
67.268211	0.441177	58
67.709389	0.313469	59
68.022858	0.847527	63
68.870384	1.613785	58
70.484169	0.592110	55
71.076279	0.081276	52
71.157555	0.162537	53
71.320091	0.325081	52
71.645172	2.101402	51
73.746574	0.394737	0
74.141312	0.139320	55
74.280632	0.336693	56
74.617325	0.127708	57
74.745033	0.417961	59
75.162994	0.534058	62
75.697052	0.267029	63
75.964081	0.243813	63
76.207893	0.092880	61
76.300774	0.464394	62
76.765167	0.452789	59
77.217957	2.031746	60
79.249702	0.417961	60
79.667664	0.243813	58
79.911476	0.487617	58
80.399094	0.290245	54
80.689339	0.162544	54
80.851883	0.313469	53
81.165352	0.162537	55
81.327888	0.893974	55
82.221863	0.928795	56
83.150658	0.348297	55
83.498955	0.174149	53
83.673103	0.197372	51
83.870476	0.116096	51
83.986572	0.522453	51
84.509026	0.127708	54
84.636734	0.208977	55
84.845711	0.859138	54
85.704849	0.139320	54
85.844170	0.313469	52
86.157639	0.313469	49
86.471107	0.394745	51
86.865852	0.255417	51
87.121269	0.139320	54
87.260590	1.265488	56
88.526077	0.441177	56
88.967255	0.174149	53
89.141403	0.940414	56
90.081818	0.243805	55
90.325623	0.127708	53
90.453331	0.034836	55
90.488167	0.766258	56
91.254425	0.092880	56
91.347305	0.290245	56
91.637550	0.162537	58
91.800087	0.452789	60
92.252876	0.719826	62
92.972702	0.116096	62
93.088799	0.580498	63
93.669296	0.383133	60
94.052429	0.208977	61
94.261406	0.313469	62
94.574875	0.278641	62
94.853516	0.267029	62
95.120544	0.220589	62
95.341133	0.441177	59
95.782310	0.568893	58
96.351204	0.243805	61
96.595009	0.499229	56
97.094238	2.089798	55
99.184036	0.557281	71
99.741318	0.116096	54
99.857414	0.336693	55
100.194107	0.766258	56
100.960365	0.301857	54
101.262222	0.789482	56
102.051704	0.325073	64
102.376778	0.487625	60
102.864403	0.162537	61
103.026939	0.185760	61
103.212700	0.638550	62
103.851250	0.069656	62
103.920906	0.359909	63
104.280815	0.220589	62
104.501404	0.429573	61
104.930977	0.406349	62
105.337326	0.406349	63
105.743675	0.185760	63
105.929436	0.220589	63
106.150024	0.162537	61
106.312561	0.336693	59
106.649254	0.162537	58
106.811790	0.290253	59
107.102043	0.104485	61
107.206528	0.232201	62
107.438728	0.267029	63
107.705757	0.243813	63
107.949570	1.555733	57
109.505302	0.116104	55
109.621407	0.197372	56
109.818779	0.278633	56
110.097412	0.092880	53
110.190292	0.174149	54
110.364441	2.600639	51
112.965080	0.441177	61
113.406258	0.232201	55
113.638458	0.301857	57
113.940315	0.394745	58
114.335060	0.243805	61
114.578865	0.359909	62
114.938774	0.429573	63
115.368347	0.127708	60
115.496056	0.220589	62
115.716644	0.243813	63
115.960457	0.255417	59
116.215874	0.243813	59
116.459686	0.441177	60
116.900864	1.369972	61
118.270836	0.325081	54
118.595917	0.731430	59
119.327347	0.429573	58
119.756920	0.359909	54
120.116829	0.406349	53
120.523178	0.208977	54
120.732155	0.789474	57
121.521629	0.847534	55
122.369164	0.371513	55
122.740677	0.208984	53
122.949661	0.197365	51
123.147026	0.615334	51
123.762360	0.162537	54
123.924896	0.220589	55
124.145485	0.952019	54
125.097504	0.336693	52
125.434196	0.359909	49
125.794106	0.429565	52
126.223671	0.243813	52
126.467484	0.162537	54
126.630020	0.313469	55
126.943489	0.162544	55
127.106033	0.940399	56
128.046432	0.580505	56
128.626938	0.603714	51
129.230652	0.232208	54
129.462860	0.220581	55
129.683441	0.081268	56
129.764709	0.208984	53
129.973694	0.580505	53
130.554199	0.243805	53
130.798004	0.406357	54
131.204361	0.336685	49
131.541046	0.116104	50
131.657150	0.719818	52
132.376968	0.116089	56
132.493057	0.185760	55
132.678818	0.278641	56
132.957458	2.330704	56
