0.162540	0.441179	0
0.603719	0.429569	0
1.033288	0.441179	0
1.474467	0.429569	0
1.904036	0.185760	50
2.089796	0.150930	55
2.240726	0.150930	56
2.391655	0.150930	56
2.542585	0.150930	56
2.693515	0.139320	56
2.832834	0.162540	0
2.995374	0.127710	0
3.123084	0.162540	0
3.285624	0.139320	53
3.424943	0.150930	0
3.575873	0.150930	0
3.726803	0.150930	0
3.877733	0.139320	0
4.017052	0.150929	0
4.167982	0.139320	0
4.307302	0.139320	0
4.446621	0.150929	0
4.597551	0.301859	70
4.899410	0.116100	68
5.015510	0.441179	55
5.456689	0.348300	69
5.804989	0.150929	53
5.955918	0.278639	70
6.234558	0.139320	75
6.373878	0.325079	61
6.698957	0.139320	69
6.838277	0.301859	69
7.140136	0.139319	66
7.279456	0.325079	62
7.604535	0.150930	62
7.755465	0.162539	65
7.918005	0.127710	69
8.045714	0.139319	71
8.185034	0.313470	72
8.498504	0.150929	73
8.649433	0.290250	63
8.939683	0.139319	65
9.079002	0.301859	64
9.380861	0.150930	64
9.531792	0.301859	74
9.833651	0.127710	77
9.961361	0.313469	73
10.274830	0.150929	64
10.425759	0.301860	66
10.727619	0.139319	58
10.866939	0.313470	60
11.180408	0.150929	70
11.331338	0.290250	71
11.621588	0.139319	67
11.760907	0.313469	61
12.074376	0.150930	75
12.225307	0.139319	77
12.364626	0.150929	0
12.515555	0.139320	72
12.654876	0.325079	72
12.979955	0.150929	0
13.130884	0.290250	72
13.421134	0.127709	75
13.548843	0.325080	73
13.873923	0.139319	78
14.013243	0.301859	61
14.315102	0.139320	77
14.454422	0.301859	76
14.756281	0.150930	70
14.907211	0.185760	63
15.092971	0.127709	62
15.220680	0.127709	70
15.348390	0.313470	77
15.661860	0.139319	72
15.801179	0.162539	65
15.963718	0.127710	64
16.091429	0.150930	65
16.242359	0.313469	64
16.555828	0.150928	68
16.706757	0.278641	67
16.985397	0.162539	76
17.147936	0.313471	66
17.461407	0.139318	72
17.600725	0.185760	73
17.786486	0.127708	72
17.914194	0.127710	67
18.041904	0.301859	64
18.343763	0.150930	62
18.494694	0.290249	65
18.784943	0.139320	0
18.924263	0.325079	77
19.249342	0.127710	76
19.377052	0.301859	73
19.678911	0.150930	72
19.829842	0.336689	69
20.166531	0.116100	69
20.282631	0.290249	69
20.572880	0.139320	69
20.712200	0.313469	69
21.025669	0.150930	69
21.176600	0.290249	69
21.466848	0.150928	69
21.617777	0.290251	69
21.908028	0.150928	0
22.058956	0.290251	0
22.349207	0.139318	74
22.488525	0.452789	74
22.941315	0.464399	55
23.405714	0.278639	0
23.684353	0.162540	69
23.846893	0.139320	69
23.986214	0.139318	0
24.125532	0.162540	68
24.288073	0.336689	66
24.624762	0.139320	65
24.764082	0.278639	64
25.042721	0.162540	65
25.205261	0.255419	65
25.460680	0.185760	74
25.646441	0.301859	74
25.948299	0.139320	73
26.087620	0.325079	73
26.412699	0.139318	76
26.552017	0.301861	76
26.853878	0.127708	72
26.981586	0.243811	74
27.225397	0.208979	74
27.434376	0.267031	74
27.701406	0.185759	74
27.887165	0.313469	79
28.200634	0.139320	79
28.339954	0.185760	81
28.525715	0.104488	83
28.630203	0.150930	84
28.781134	0.313469	80
29.094603	0.139320	81
29.233923	0.150930	81
29.384853	0.150928	80
29.535782	0.116100	79
29.651882	0.336689	77
29.988571	0.139320	76
30.127892	0.301859	79
30.429750	0.150930	81
30.580681	0.255419	81
30.836100	0.174150	81
31.010250	0.313469	87
31.323719	0.116100	81
31.439819	0.336689	83
31.776508	0.162539	81
31.939047	0.278639	79
32.217686	0.150932	77
32.368618	0.278637	76
32.647255	0.174152	74
32.821407	0.278637	73
33.100044	0.162540	73
33.262585	0.301861	80
33.564445	0.150928	77
33.715374	0.290249	76
34.005623	0.150932	72
34.156555	0.255417	73
34.411972	0.174149	72
34.586121	0.255421	65
34.841541	0.162540	64
35.004082	0.185760	76
35.189842	0.162540	77
35.352383	0.150928	76
35.503311	0.278641	77
35.781952	0.139317	0
35.921268	0.476009	75
36.397278	0.441181	73
36.838459	0.452789	73
37.291248	0.243809	76
37.535057	0.162540	67
37.697598	0.348297	69
38.045895	0.162540	69
38.208435	0.255421	68
38.463856	0.406349	67
38.870205	0.185760	67
39.055965	0.336689	68
39.392654	0.139317	69
39.531971	0.197372	67
39.729343	0.139320	67
39.868664	0.127708	66
39.996372	0.267029	68
40.263401	0.452789	69
40.716190	0.150928	0
40.867119	0.255421	68
41.122540	0.185760	68
41.308300	0.139320	70
41.447620	0.116100	76
41.563721	0.081268	77
41.644989	0.116100	77
41.761089	0.255417	71
42.016506	0.197372	67
42.213879	0.243809	72
42.457687	0.487617	72
42.945305	0.174152	73
43.119457	0.232197	68
43.351654	0.069660	69
43.421314	0.139320	68
43.560635	0.243809	67
43.804443	0.185760	67
43.990204	0.255421	65
44.245625	0.069660	62
44.315285	0.127708	62
44.442993	0.255421	73
44.698414	0.046440	72
44.744854	0.116100	0
44.860954	0.371517	67
45.232471	0.092880	65
45.325352	0.301861	68
45.627213	0.185757	67
45.812969	0.278641	66
46.091610	0.174149	67
46.265759	0.208981	61
46.474739	0.185760	72
46.660500	0.034828	71
46.695328	0.220592	68
46.915920	0.232197	69
47.148117	0.255421	68
47.403538	0.197369	69
47.600906	0.267029	69
47.867935	0.150932	0
48.018867	0.220589	0
48.239456	0.174149	69
48.413605	0.081272	69
48.494877	0.220589	71
48.715466	0.081268	71
48.796734	0.139320	71
48.936054	0.255421	70
49.191475	0.452789	66
49.644264	0.174149	74
49.818413	0.127708	76
49.946121	0.615330	72
50.561451	0.162540	76
50.723991	0.278641	76
51.002632	0.104488	77
51.107121	0.069660	0
51.176781	0.174149	0
51.350929	0.162540	67
51.513470	0.139320	67
51.652790	0.290249	67
51.943039	0.150928	67
52.093967	0.429569	62
52.523537	0.313469	76
52.837006	0.127712	75
52.964718	0.464397	69
53.429115	0.417961	65
53.847076	0.325077	65
54.172153	0.139320	67
54.311474	0.255421	69
54.566895	0.185757	71
54.752651	0.301861	67
55.054512	0.139320	0
55.193832	0.290249	0
55.484081	0.394741	63
55.878822	0.441177	70
56.320000	0.220589	65
56.540588	0.301861	65
56.842449	0.127708	62
56.970158	0.429569	0
57.399727	0.290249	64
57.689976	0.174152	64
57.864128	0.267029	63
58.131157	0.046440	62
58.177597	0.139320	74
58.316917	0.278637	62
58.595554	0.174152	61
58.769707	0.441177	68
59.210884	0.476009	67
59.686893	0.441177	59
60.128071	0.325081	53
60.453152	0.127708	52
60.580860	0.429569	63
61.010429	0.232201	77
61.242630	0.208981	76
61.451611	0.290249	57
61.741859	0.162540	71
61.904400	0.313469	67
62.217869	0.116100	0
62.333969	0.278637	0
62.612606	0.104492	0
62.717098	0.104488	75
62.821587	0.267029	76
63.088615	0.452789	71
63.541405	0.139320	0
63.680725	0.325081	62
64.005806	0.116096	61
64.121902	0.255424	56
64.377327	0.081268	70
64.458595	0.359909	72
64.818504	0.081268	76
64.899773	0.104492	76
65.004265	0.290245	76
65.294510	0.150932	75
65.445442	0.464401	76
65.909843	0.476006	70
66.385849	0.464401	69
66.850250	0.197372	78
67.047623	0.243805	78
67.291428	0.476013	70
67.767441	0.429565	72
68.197006	0.336693	70
68.533699	0.116096	70
68.649796	0.429573	73
69.079369	0.313469	62
69.392838	0.150925	61
69.543762	0.162544	65
69.706306	0.278633	70
69.984940	0.325081	69
70.310020	0.116104	69
70.426125	0.441177	65
70.867302	0.348297	61
71.215599	0.116104	58
71.331703	0.150925	61
71.482628	0.127716	65
71.610344	0.162537	68
71.772881	0.301857	68
72.074738	0.150932	69
72.225670	0.290245	69
72.515915	0.150932	67
72.666847	0.325081	66
72.991928	0.127708	69
73.119637	0.162537	64
73.282173	0.139320	65
73.421494	0.139320	68
73.560814	0.313469	73
73.874283	0.139320	59
74.013603	0.162544	60
74.176147	0.139320	66
74.315468	0.139320	72
74.454788	0.325073	73
74.779861	0.139320	81
74.919182	0.150932	81
75.070114	0.278641	75
75.348755	0.313469	72
75.662224	0.139320	78
75.801544	0.301857	62
76.103401	0.150932	64
76.254333	0.301857	72
76.556190	0.150932	71
76.707123	0.162537	77
76.869659	0.116096	77
76.985756	0.162544	70
77.148300	0.313469	73
77.461769	0.127708	67
77.589478	0.313469	65
77.902946	0.139320	65
78.042267	0.313469	64
78.355736	0.139320	66
78.495056	0.162537	74
78.657593	0.127716	74
78.785309	0.150925	68
78.936234	0.301865	71
79.238098	0.150925	65
79.389023	0.429573	69
79.818596	0.301857	71
80.120453	0.174149	60
80.294601	0.267029	0
80.561630	0.150932	73
80.712563	0.325081	74
81.037643	0.150925	76
81.188568	0.267036	60
81.455605	0.150925	68
81.606529	0.336693	69
81.943222	0.127708	69
82.070930	0.290245	69
82.361176	0.139320	69
82.500496	0.301865	69
82.802361	0.162537	69
82.964897	0.290253	69
83.255150	0.139320	69
83.394470	0.313469	69
83.707939	0.150925	69
83.858864	0.429573	69
84.288437	0.452789	74
84.741226	0.464394	68
85.205620	0.301865	62
85.507484	0.150925	62
85.658409	0.278641	62
85.937050	0.162544	64
86.099594	0.313469	66
86.413063	0.139320	65
86.552383	0.313469	64
86.865852	0.383125	65
87.248978	0.197372	65
87.446350	0.417961	63
87.864311	0.325073	71
88.189384	0.139320	76
88.328705	0.313469	76
88.642174	0.116104	72
88.758278	0.255417	73
89.013695	0.208984	74
89.222679	0.301857	70
89.524536	0.139320	68
89.663857	0.325081	79
89.988937	0.139320	79
90.128258	0.174149	77
90.302406	0.139320	71
90.441727	0.139313	74
90.581039	0.197372	79
90.778412	0.116104	81
90.894516	0.139313	81
91.033829	0.301865	80
91.335693	0.116096	79
91.451790	0.325081	77
91.776871	0.139320	77
91.916191	0.301857	79
92.218048	0.150932	82
92.368980	0.255417	81
92.624397	0.058052	80
92.682449	0.139320	81
92.821770	0.441177	81
93.262947	0.267029	83
93.529976	0.185760	80
93.715736	0.243813	79
93.959549	0.150925	78
94.110474	0.232201	77
94.342674	0.092880	76
94.435555	0.174149	80
94.609703	0.301865	80
94.911568	0.139320	80
95.050888	0.301857	80
95.352745	0.150925	77
95.503670	0.290253	76
95.793922	0.150932	72
95.944855	0.255417	71
96.200272	0.197372	77
96.397644	0.232201	77
96.629845	0.208977	0
96.838821	0.243813	75
97.082634	0.104485	74
97.187119	0.104492	73
97.291611	0.174149	72
97.465759	0.255417	73
97.721176	0.452789	74
98.173965	0.464401	74
98.638367	0.278641	74
98.917007	0.162537	0
99.079544	0.290253	64
99.369797	0.162537	67
99.532333	0.290253	69
99.822586	0.174149	69
99.996735	0.278641	69
100.275375	0.162537	66
100.437912	0.278641	67
100.716553	0.162537	67
100.879089	0.255424	70
101.134514	0.174149	72
101.308662	0.290253	66
101.598915	0.174149	65
101.773064	0.243805	67
102.016869	0.487617	69
102.504486	0.150932	76
102.655418	0.278641	69
102.934059	0.174149	69
103.108208	0.220589	0
103.328796	0.104492	74
103.433289	0.174149	74
103.607437	0.139320	73
103.746758	0.267029	73
104.013786	0.081268	72
104.095055	0.174149	72
104.269203	0.185760	0
104.454964	0.243813	0
104.698776	0.197372	77
104.896149	0.139313	79
105.035461	0.336693	68
105.372154	0.116096	68
105.488251	0.325081	74
105.813332	0.267029	64
106.080360	0.139320	74
106.219681	0.243813	71
106.463493	0.104492	0
106.567986	0.127708	0
106.695694	0.441177	69
107.136871	0.267029	73
107.403900	0.185760	67
107.589661	0.197372	67
107.787033	0.104485	66
107.891518	0.325081	63
108.216599	0.127708	71
108.344307	0.127708	71
108.472015	0.220589	64
108.692604	0.116104	69
108.808708	0.127708	65
108.936417	0.267029	74
109.203445	0.185760	69
109.389206	0.278641	69
109.667847	0.150932	0
109.818779	0.290245	66
110.109024	0.174149	69
110.283173	0.150932	69
110.434105	0.313469	74
110.747574	0.696602	70
111.444176	0.162537	62
111.606712	0.278641	68
111.885353	0.464401	68
112.349754	0.185753	67
112.535507	0.278641	65
112.814148	0.139320	64
112.953468	0.429573	66
113.383041	0.464394	67
113.847435	0.452789	67
114.300224	0.371521	67
114.671745	0.092880	69
114.764626	0.313469	74
115.078094	0.150932	77
115.229027	0.290245	78
115.519272	0.150932	77
115.670204	0.301857	78
115.972061	0.139320	78
116.111382	0.301865	77
116.413246	0.127708	78
116.540955	0.313469	79
116.854424	0.150925	74
117.005348	0.301865	78
117.307213	0.127708	73
117.434921	0.313469	73
117.748390	0.150932	76
117.899323	0.290245	77
118.189568	0.139320	80
118.328888	0.313469	81
118.642357	0.150932	78
118.793289	0.290245	80
119.083534	0.150932	78
119.234467	0.313469	78
119.547935	0.139320	79
119.687256	0.301857	77
119.989113	0.139320	78
120.128433	0.325081	78
120.453514	0.116104	73
120.569618	0.452782	75
121.022400	0.313477	73
121.335876	0.313469	73
121.649345	0.278633	74
121.927979	0.325081	61
122.253059	0.301865	60
122.554924	0.267029	61
122.821953	0.464394	68
123.286346	0.406349	65
123.692696	0.336693	65
124.029388	0.127708	68
124.157097	0.267029	69
124.424126	0.185760	71
124.609886	0.441177	66
125.051064	0.290253	59
125.341316	0.429565	63
125.770882	0.197372	63
125.968254	0.243813	66
126.212067	0.174149	65
126.386215	0.394737	64
126.780952	0.069656	68
126.850609	0.394745	69
127.245354	0.290245	76
127.535599	0.185760	64
127.721359	0.267029	62
127.988388	0.185760	75
128.174149	0.267029	68
128.441177	0.162537	58
128.603714	0.452789	68
129.056503	0.476013	67
129.532516	0.441177	73
129.973694	0.464401	68
130.438095	0.417953	65
130.856049	0.185760	65
131.041809	0.255417	0
131.297226	0.290253	63
131.587479	0.185760	58
131.773239	0.417969	67
132.191208	0.267029	54
132.458237	0.208969	59
132.667206	0.267029	60
132.934235	0.464401	63
133.398636	0.150940	64
133.549576	0.429565	65
133.979141	0.267029	73
134.246170	0.452789	70
134.698959	0.185760	58
134.884720	0.267029	71
135.151749	0.150925	73
135.302673	0.069656	66
135.372330	0.406357	65
135.778687	0.476013	70
136.254700	0.452789	66
136.707489	0.417953	66
137.125443	0.348297	68
137.473740	0.150925	69
137.624664	0.162552	69
137.787216	0.127701	69
137.914917	0.116104	76
138.031021	0.336685	69
138.367706	0.127716	69
138.495422	0.441177	68
138.936600	0.313461	65
139.250061	0.139328	65
139.389389	0.162537	65
139.551926	0.278641	69
139.830566	0.325073	69
140.155640	0.127716	70
140.283356	0.441177	65
140.724533	0.313477	69
141.038010	0.139313	64
141.177322	0.162537	72
141.339859	0.127716	69
141.467575	0.150925	69
141.618500	0.301865	69
141.920364	0.139313	69
142.059677	0.313477	70
142.373154	0.150925	67
142.524078	0.301865	63
142.825943	0.139313	0
142.965256	0.162552	64
143.127808	0.127701	67
143.255508	0.150925	76
143.406433	0.301865	76
143.708298	0.150925	69
143.859222	0.174164	80
144.033386	0.127701	81
144.161087	0.127716	81
144.288803	0.336685	77
144.625488	0.139313	81
144.764801	0.150940	81
144.915741	0.127701	75
145.043442	0.150940	75
145.194382	0.313461	72
145.507843	0.139328	78
145.647171	0.301849	77
145.949020	0.127716	72
146.076736	0.325073	68
146.401810	0.150940	77
146.552750	0.162537	77
146.715286	0.127701	73
146.842987	0.139328	72
146.982315	0.313461	73
147.295776	0.150940	72
147.446716	0.290253	64
147.736969	0.139313	65
147.876282	0.313461	64
148.189743	0.150940	68
148.340683	0.162537	74
148.503220	0.116104	74
148.619324	0.150925	77
148.770248	0.325073	75
149.095322	0.139328	72
149.234650	0.185760	68
149.420410	0.116104	69
149.536514	0.150925	67
149.687439	0.174149	64
149.861588	0.139313	60
150.000900	0.139328	58
150.140228	0.162537	75
150.302765	0.127716	73
150.430481	0.139313	67
150.569794	0.313477	77
150.883270	0.139313	76
151.022583	0.150925	76
151.173508	0.139328	69
151.312836	0.150925	72
151.463760	0.336700	82
151.800461	0.104477	81
151.904938	0.290253	77
152.195190	0.185760	80
152.380951	0.255417	80
152.636368	0.150940	79
152.787308	0.325073	75
153.112381	0.139313	72
153.251694	0.325089	68
153.576782	0.139313	77
153.716095	0.278641	73
153.994736	0.174149	76
154.168884	0.197372	76
154.366257	0.104492	74
154.470749	0.139313	76
154.610062	0.290253	71
154.900314	0.162537	69
155.062851	0.301865	70
155.364716	0.150925	74
155.515640	0.267029	75
155.782669	0.174164	73
155.956833	0.267029	72
156.223862	0.162537	74
156.386398	0.301849	70
156.688248	0.150940	66
156.839188	0.313461	74
157.152649	0.139328	77
157.291977	0.278641	80
157.570618	0.174149	73
157.744766	0.290253	69
158.035019	0.150925	70
158.185944	0.301849	72
158.487793	0.139328	70
158.627121	0.487625	78
159.114746	0.255417	72
159.370163	0.174149	79
159.544312	0.278641	67
159.822952	0.150925	67
159.973877	0.290253	69
160.264130	0.162537	72
160.426666	0.313477	75
160.740143	0.139313	65
160.879456	0.267029	66
161.146484	0.185760	65
161.332245	0.278641	68
161.610886	0.162537	65
161.773422	0.290253	66
162.063675	0.150925	68
162.214600	0.336700	62
162.551300	0.150925	62
162.702225	0.243805	63
162.946030	0.464401	61
163.410431	0.174149	62
163.584579	0.232193	64
163.816772	0.476013	64
164.292786	0.162537	64
164.455322	0.417969	61
164.873291	0.499222	62
165.372513	0.429581	0
165.802094	0.313461	0
166.115555	0.139328	0
166.254883	0.301849	0
166.556732	0.150925	0
166.707657	0.162552	0
166.870209	0.127701	0
166.997910	0.139328	0
167.137238	0.301849	69
167.439087	0.162552	0
167.601639	0.139313	0
167.740952	0.290253	0
168.031204	0.301865	0
168.333069	0.127701	0
168.460770	0.336685	50
168.797455	0.139328	50
168.936783	0.139313	50
169.076096	0.301865	50
169.377960	0.301865	49
169.679825	0.150925	49
169.830750	0.301865	50
170.132614	0.139313	50
170.271927	0.290253	51
170.562180	0.162537	51
170.724716	0.116104	51
170.840820	0.197372	51
171.038193	0.127701	52
171.165894	0.290253	51
171.456146	0.069656	51
171.525803	0.464401	51
171.990204	0.383133	51
172.373337	0.139313	0
172.512650	0.127716	0
172.640366	0.174149	0
172.814514	0.150925	0
172.965439	0.278641	0
173.244080	0.162537	0
173.406616	0.139328	53
173.545944	0.325073	52
173.871017	0.452789	45
174.323807	0.441177	0
174.764984	0.301865	0
175.066849	0.359909	47
175.426758	0.232193	49
175.658951	0.290253	0
175.949203	0.162537	0
176.111740	0.301865	64
176.413605	0.150925	64
176.564529	0.267029	62
176.831558	0.174149	0
177.005707	0.290253	0
177.295959	0.150940	64
177.446899	0.336685	64
177.783585	0.127701	0
177.911285	0.255432	0
178.166718	0.174149	0
178.340866	0.127701	52
178.468567	0.174149	51
178.642715	0.150940	52
178.793655	0.278641	51
179.072296	0.174149	52
179.246445	0.278641	52
179.525085	0.174149	53
179.699234	0.243805	0
179.943039	0.197372	53
180.140411	0.255417	53
180.395828	0.313461	52
180.709290	0.150940	52
180.860229	0.174149	49
181.034378	0.290253	45
181.324631	0.150925	45
181.475555	0.290253	46
181.765808	0.150925	47
181.916733	0.150925	48
182.067657	0.162552	47
182.230209	0.580490	48
182.810699	0.313477	49
183.124176	0.150925	49
183.275101	0.139328	49
183.414429	0.290237	50
183.704666	0.301865	49
184.006531	0.162537	0
184.169067	0.278641	0
184.447708	0.162537	0
184.610245	0.278641	52
184.888885	0.197372	51
185.086258	0.092880	51
185.179138	0.174149	52
185.353287	0.162537	51
185.515823	0.278641	52
185.794464	0.452789	51
186.247253	0.162537	52
186.409790	0.278641	52
186.688431	0.174149	52
186.862579	0.255432	53
187.118011	0.185745	52
187.303757	0.162552	52
187.466309	0.267029	53
187.733337	0.139313	52
187.872650	0.336685	52
188.209335	0.394745	57
188.604080	0.429565	57
189.033646	0.371521	47
189.405167	0.104492	55
189.509659	0.429565	70
189.939224	0.348297	75
190.287521	0.150940	75
190.438461	0.150925	0
190.589386	0.150925	0
190.740311	0.150940	73
190.891251	0.290253	72
191.181503	0.150925	74
191.332428	0.267029	62
191.599457	0.185760	70
191.785217	0.174149	71
191.959366	0.197372	71
192.156738	0.232193	0
192.388931	0.127716	0
192.516647	0.452789	0
192.969437	0.162537	0
193.131973	0.162537	0
193.294510	0.104492	74
193.399002	0.162537	71
193.561539	0.150940	64
193.712479	0.313461	65
194.025940	0.139328	65
194.165268	0.139313	65
194.304581	0.150925	66
194.455505	0.290253	0
194.745758	0.150925	0
194.896683	0.243820	75
195.140503	0.197372	75
195.337875	0.255417	77
195.593292	0.174149	0
195.767441	0.464401	75
196.231842	0.464401	66
196.696243	0.441177	76
197.137421	0.464386	69
197.601807	0.406357	0
198.008163	0.359909	72
198.368073	0.139313	68
198.507385	0.255432	71
198.762817	0.174149	71
198.936966	0.429565	67
199.366531	0.301865	60
199.668396	0.417953	63
200.086349	0.197372	65
200.283722	0.255417	65
200.539139	0.174149	64
200.713287	0.406357	65
201.119644	0.034821	0
201.154465	0.313477	0
201.467941	0.127701	68
201.595642	0.278641	66
201.874283	0.174149	64
202.048431	0.278641	63
202.327072	0.185760	69
202.512833	0.267029	70
202.779861	0.162537	73
202.942398	0.464401	69
203.406799	0.452789	65
203.859589	0.452789	69
204.312378	0.452789	68
204.765167	0.429565	65
205.194733	0.220596	67
205.415329	0.232193	71
205.647522	0.278641	69
205.926163	0.162552	71
206.088715	0.232193	67
206.320908	0.220596	0
206.541504	0.255417	67
206.796921	0.208969	63
207.005890	0.290253	60
207.296143	0.580505	66
207.876648	0.441177	62
208.317825	0.267029	56
208.584854	0.139313	0
208.724167	0.301865	69
209.026031	0.185760	68
209.211792	0.267029	64
209.478821	0.162537	62
209.641357	0.441177	77
210.082535	0.487625	68
210.570160	0.464401	60
211.034561	0.441177	78
211.475739	0.452789	69
211.928528	0.417953	69
212.346481	0.441177	68
212.787659	0.290253	71
213.077911	0.197372	73
213.275284	0.406342	67
213.681625	0.325089	67
214.006714	0.046432	67
214.053146	0.371521	67
214.424667	0.464401	71
214.889069	0.162537	78
215.051605	0.336700	77
215.388306	0.104477	76
215.492783	0.325089	74
215.817871	0.092880	69
215.910751	0.301849	72
216.212601	0.162552	74
216.375153	0.278641	73
216.653793	0.185760	72
216.839554	0.243805	76
217.083359	0.197372	73
217.280731	0.452789	70
217.733521	0.464386	77
218.197906	0.441193	76
218.639099	0.441177	68
219.080276	0.441177	69
219.521454	0.162537	74
219.683990	0.267029	70
219.951019	0.290253	74
220.241272	0.174149	74
220.415421	0.429565	76
220.844986	0.243805	67
221.088791	0.220596	67
221.309387	0.301865	67
221.611252	0.313461	67
221.924713	0.313477	73
222.238190	0.417953	76
222.656143	0.278641	75
222.934784	0.127716	74
223.062500	0.301849	73
223.364349	0.185760	74
223.550110	0.267029	73
223.817139	0.058060	72
223.875198	0.116089	72
223.991287	0.452789	74
224.444077	0.464401	71
224.908478	0.452789	78
225.361267	0.429565	76
225.790833	0.464401	69
226.255234	0.290253	69
226.545486	0.150925	75
226.696411	0.313477	76
227.009888	0.150925	69
227.160812	0.429581	73
227.590393	0.325073	77
227.915466	0.139313	77
228.054779	0.417969	77
228.472748	0.325073	75
228.797821	0.139328	77
228.937149	0.452789	72
229.389938	0.313461	65
229.703400	0.139328	70
229.842728	0.290237	71
230.132965	0.139328	68
230.272293	0.313461	70
230.585754	0.139328	73
230.725082	0.301849	71
231.026932	0.150940	77
231.177872	0.290253	69
231.468124	0.162537	70
231.630661	0.290253	69
231.920914	0.150925	75
232.071838	0.290253	75
232.362091	0.150925	76
232.513016	0.162537	78
232.675552	0.127716	79
232.803268	0.139313	74
232.942581	0.325089	71
233.267670	0.150925	72
233.418594	0.162537	72
233.581131	0.127716	72
233.708847	0.139313	75
233.848160	0.313477	74
234.161636	0.162537	72
234.324173	0.278641	70
234.602814	0.150925	71
234.753738	0.313477	62
235.067215	0.150925	77
235.218140	0.150925	77
235.369064	0.139328	75
235.508392	0.127701	72
235.636093	0.313477	73
235.949570	0.150925	76
236.100494	0.174149	64
236.274643	0.116104	64
236.390747	0.139328	65
236.530075	0.325073	64
236.855148	0.139313	64
236.994461	0.162552	66
237.157013	0.116089	74
237.273102	0.162552	75
237.435654	0.313461	71
237.749115	0.139328	71
237.888443	0.313461	70
238.201904	0.150925	73
238.352829	0.301865	62
238.654694	0.139313	65
238.794006	0.267044	68
239.061050	0.139313	73
239.200363	0.348297	72
239.548660	0.139328	69
239.687988	0.150925	59
239.838913	0.615326	70
240.454239	0.127716	72
240.581955	0.290237	72
240.872192	0.464401	72
241.336594	0.127716	72
241.464310	0.150925	73
241.615234	0.150940	73
241.766174	0.475998	79
242.242172	0.139328	77
242.381500	0.429565	77
242.811066	0.325073	77
243.136139	0.116104	77
243.252243	0.174149	77
243.426392	0.278641	77
243.705032	0.464401	77
244.169434	0.441177	77
244.610611	0.301865	76
244.912476	0.150925	72
245.063400	0.301865	69
245.365265	0.116089	69
245.481354	0.336700	75
245.818054	0.127701	70
245.945755	0.290253	72
246.236008	0.139328	76
246.375336	0.162537	77
246.537872	0.278641	74
246.816513	0.290237	80
247.106750	0.162552	81
247.269302	0.336685	74
247.605988	0.139313	74
247.745300	0.441177	75
248.186478	0.313477	77
248.499954	0.127716	79
248.627670	0.139313	77
248.766983	0.162537	67
248.929520	0.139328	68
249.068848	0.325073	74
249.393921	0.139328	77
249.533249	0.290237	77
249.823486	0.150940	72
249.974426	0.197372	72
250.171799	0.116089	76
250.287888	0.139328	75
250.427216	0.174149	64
250.601364	0.127701	64
250.729065	0.139328	65
250.868393	0.313461	64
251.181854	0.150940	65
251.332794	0.278641	74
251.611435	0.162537	64
251.773972	0.301849	64
252.075821	0.150940	68
252.226761	0.162537	0
252.389297	0.139313	0
252.528610	0.139328	0
252.667938	0.325073	69
252.993011	0.127716	70
253.120728	0.301865	65
253.422592	0.150925	67
253.573517	0.208984	76
253.782501	0.092880	75
253.875381	0.127701	77
254.003082	0.278641	72
254.281723	0.162537	75
254.444260	0.336685	71
254.780945	0.139328	72
254.920273	0.150925	72
255.071198	0.127716	0
255.198914	0.139313	76
255.338226	0.325089	80
255.663315	0.150925	70
255.814240	0.290253	67
256.104492	0.139313	0
256.243805	0.325073	76
256.568878	0.139343	65
256.708221	0.290222	65
256.998444	0.139343	72
257.137787	0.313446	70
257.451233	0.139343	66
257.590576	0.301849	64
257.892426	0.150940	65
258.043365	0.301849	64
258.345215	0.150940	65
258.496155	0.290253	0
258.786407	0.127686	0
258.914093	0.325104	0
259.239197	0.139313	0
259.378510	0.301849	0
259.680359	0.150940	0
259.831299	0.301849	0
260.133148	0.150940	0
260.284088	0.290253	0
260.574341	0.162537	0
260.736877	0.278625	0
261.015503	0.162537	0
261.178040	0.150940	0
261.328979	0.139313	0
261.468292	0.139313	0
261.607605	0.325104	0
261.932709	0.139313	0
262.072021	0.162537	0
262.234558	0.278625	0
262.513184	0.313477	0
262.826660	0.150940	0
262.977600	0.290253	0
263.267853	0.139313	0
263.407166	0.313477	0
263.720642	0.150909	0
263.871552	0.162567	0
264.034119	0.127686	0
264.161804	0.139343	0
264.301147	0.313446	0
264.614594	0.139343	0
264.753937	0.174133	0
264.928070	0.127716	0
265.055786	0.127716	0
265.183502	0.325073	0
265.508575	0.150940	0
265.659515	0.150909	0
265.810425	0.116119	0
265.926544	0.162537	0
266.089081	0.313446	0
266.402527	0.150940	0
266.553467	0.313477	0
266.866943	0.139313	0
267.006256	0.313477	0
267.319733	0.139313	0
267.459045	0.290253	0
267.749298	0.127716	0
267.877014	0.325073	0
268.202087	0.139313	0
268.341400	0.267029	0
268.608429	0.150940	0
268.759369	0.348297	0
269.107666	0.139313	0
269.246979	0.290253	0
269.537231	0.116089	0
269.653320	0.336700	0
269.990021	0.127716	0
270.117737	0.162537	0
270.280273	0.127716	0
270.407990	0.150909	0
270.558899	0.325104	0
270.884003	0.150909	0
271.034912	0.452789	0
271.487701	0.452789	0
271.940491	8.929138	0
