0.510839	0.220590	0
0.731429	0.452789	0
1.184218	0.220590	0
1.404807	0.232200	0
1.637007	0.452789	0
2.089796	0.220590	0
2.310385	0.162540	0
2.472925	0.069660	0
2.542585	0.452789	0
2.995374	0.232199	0
3.227574	0.220590	0
3.448163	0.464399	0
3.912562	0.220590	0
4.133152	0.232200	0
4.365352	0.452789	0
4.818141	0.150930	0
4.969070	0.104490	0
5.073560	0.197370	0
5.270930	0.325079	0
5.596009	0.127709	0
5.723719	0.162540	0
5.886259	0.116100	0
6.002358	0.174150	0
6.176508	0.325079	0
6.501587	0.139319	0
6.640907	0.139320	0
6.780227	0.127710	0
6.907937	0.185760	0
7.093696	0.313469	0
7.407166	0.139320	0
7.546485	0.150929	0
7.697415	0.116100	0
7.813515	0.185760	0
7.999274	0.313470	0
8.312744	0.139319	0
8.452064	0.150929	0
8.602993	0.116100	0
8.719093	0.185760	0
8.904853	0.313469	0
9.218322	0.139320	0
9.357642	0.162539	0
9.520182	0.116099	0
9.636281	0.185760	0
9.822041	0.313470	0
10.135510	0.139319	0
10.274830	0.162539	0
10.437369	0.104490	0
10.541860	0.185760	0
10.727619	0.081269	0
10.808888	0.359910	0
11.168798	0.278639	0
11.447437	0.185760	0
11.633197	0.325080	0
11.958277	0.127709	0
12.085986	0.150930	0
12.236917	0.301859	59
12.538775	0.150929	0
12.689705	0.313470	58
13.003175	0.290249	58
13.293424	0.150930	0
13.444354	0.174150	0
13.618504	0.116099	0
13.734603	0.174150	0
13.908752	0.162540	0
14.071293	0.092879	0
14.164172	0.208980	0
14.373152	0.116100	0
14.489252	0.162539	0
14.651792	0.139319	0
14.791111	0.267030	0
15.058141	0.197370	67
15.255510	0.150929	69
15.406440	0.116100	70
15.522540	0.197370	0
15.719910	0.267029	70
15.986938	0.162540	71
16.149479	0.162539	0
16.312017	0.139320	0
16.451338	0.162540	0
16.613878	0.336689	57
16.950567	0.116100	0
17.066668	0.197369	0
17.264036	0.278639	57
17.542675	0.464399	0
18.007074	0.267031	52
18.274105	0.150928	54
18.425034	0.278641	54
18.703674	0.208979	55
18.912653	0.243809	56
19.156462	0.208981	59
19.365442	0.150930	58
19.516373	0.104488	58
19.620861	0.185760	59
19.806622	0.220589	0
20.027210	0.255421	58
20.282631	0.232199	57
20.514830	0.208981	55
20.723810	0.290249	56
21.014059	0.162540	55
21.176600	0.917187	54
22.093786	0.452789	0
22.546576	0.290251	0
22.836826	0.162539	0
22.999365	0.174150	0
23.173515	0.081268	0
23.254784	0.197371	0
23.452154	0.150930	0
23.603085	0.139318	0
23.742403	0.162540	0
23.904943	0.278639	0
24.183582	0.185760	0
24.369343	0.255419	0
24.624762	0.185760	0
24.810522	0.174149	0
24.984671	0.092880	0
25.077551	0.197371	0
25.274921	0.139318	0
25.414240	0.092880	0
25.507120	0.208981	67
25.716101	0.301859	65
26.017960	0.116100	55
26.134060	0.301859	57
26.435919	0.150928	0
26.586847	0.301861	58
26.888708	0.197369	59
27.086077	0.139320	59
27.225397	0.150928	59
27.376326	0.162540	58
27.538866	0.267029	0
27.805895	0.150930	66
27.956825	0.313469	66
28.270294	0.127710	0
28.398005	0.325079	55
28.723083	0.185760	54
28.908844	0.127708	54
29.036552	0.139320	0
29.175873	0.185760	0
29.361633	0.290249	73
29.651882	0.185760	0
29.837643	0.139318	0
29.976961	0.278639	0
30.255600	0.232201	0
30.487801	0.220589	67
30.708389	0.139320	77
30.847710	0.162540	78
31.010250	0.092878	78
31.103128	0.359911	75
31.463039	0.150928	0
31.613968	0.301859	69
31.915827	0.150930	67
32.066757	0.278641	67
32.345398	0.185757	67
32.531155	0.150932	0
32.682087	0.092880	0
32.774967	0.208977	0
32.983944	0.290253	74
33.274197	0.162537	0
33.436733	0.255421	0
33.692154	0.185760	0
33.877914	0.278641	71
34.156555	0.150928	73
34.307484	0.348297	74
34.655781	0.150932	0
34.806713	0.278637	56
35.085350	0.150932	55
35.236282	0.325077	57
35.561359	0.417961	0
35.979321	0.220589	55
36.199909	0.313469	54
36.513378	0.150928	0
36.664307	0.220592	0
36.884899	0.208977	55
37.093876	0.267033	55
37.360909	0.185757	0
37.546665	0.243813	0
37.790478	0.208977	0
37.999454	0.139320	0
38.138775	0.139320	0
38.278095	0.162540	0
38.440636	0.301857	0
38.742493	0.150932	0
38.893425	0.290249	0
39.183674	0.174149	0
39.357822	0.174149	0
39.531971	0.092880	0
39.624851	0.197372	0
39.822224	0.046440	0
39.868664	0.394737	54
40.263401	0.267029	55
40.530430	0.150932	59
40.681362	0.476009	62
41.157372	0.243809	66
41.401180	0.522449	71
41.923630	0.139317	76
42.062946	0.336689	67
42.399635	0.383133	65
42.782768	0.104488	65
42.887257	0.371517	72
43.258774	0.626942	69
43.885715	0.278637	63
44.164352	0.185760	73
44.350113	0.290249	71
44.640362	0.174152	66
44.814514	0.243809	72
45.058323	0.220589	75
45.278912	0.301861	74
45.580772	0.127708	73
45.708481	0.301861	67
46.010342	0.162537	63
46.172878	0.139320	59
46.312199	0.174152	73
46.486351	0.116096	69
46.602448	0.301861	67
46.904308	0.174149	66
47.078457	0.278641	68
47.357098	0.185760	70
47.542858	0.243809	70
47.786667	0.185760	70
47.972427	0.301857	68
48.274284	0.116100	69
48.390385	0.325081	69
48.715466	0.464397	63
49.179863	0.174152	58
49.354015	0.290249	63
49.644264	0.162537	56
49.806801	0.278641	68
50.085442	0.162540	68
50.247982	0.278641	68
50.526623	0.197369	65
50.723991	0.267029	65
50.991020	0.185760	73
51.176781	0.243809	74
51.420589	0.185760	73
51.606350	0.336689	74
51.943039	0.174149	74
52.117188	0.232201	70
52.349388	0.626938	71
52.976326	0.464401	72
53.440727	0.394737	64
53.835464	0.510838	0
54.346302	0.278641	70
54.624943	0.429569	71
55.054512	0.162540	74
55.217052	0.046440	74
55.263493	0.464397	74
55.727890	0.452789	68
56.180679	0.417961	74
56.598640	0.452789	72
57.051430	0.301857	75
57.353287	0.429569	74
57.782856	0.208981	74
57.991837	0.464397	72
58.456234	0.232201	66
58.688435	0.220589	75
58.909023	0.464401	73
59.373425	0.452789	70
59.826214	0.441177	73
60.267391	0.267029	73
60.534420	0.197372	71
60.731792	0.417957	63
61.149750	0.510841	74
61.660591	0.394737	67
62.055328	0.487621	68
62.542950	0.464397	71
63.007347	0.441177	67
63.448524	0.278641	71
63.727165	0.185760	77
63.912926	0.243813	73
64.156738	0.220589	73
64.377327	0.313469	75
64.690796	0.568886	73
65.259682	0.290253	72
65.549934	0.580498	71
66.130432	0.499229	67
66.629662	0.464394	69
67.094055	0.452789	70
67.546844	0.278641	71
67.825485	0.626938	68
68.452423	0.452789	72
68.905212	0.464401	74
69.369614	0.464401	73
69.834015	0.336685	78
70.170700	0.545670	76
70.716370	0.464401	72
71.180771	0.893967	71
72.074738	0.267029	67
72.341766	0.359909	67
72.701675	0.127716	67
72.829391	0.139313	67
72.968704	0.325081	66
73.293785	0.150932	66
73.444717	0.290245	66
73.734962	0.150932	0
73.885895	0.290253	63
74.176147	0.336685	61
74.512833	0.127708	54
74.640541	0.150932	54
74.791473	0.464401	61
75.255875	0.301857	55
75.557732	0.139320	55
75.697052	0.301857	67
75.998909	0.452789	57
76.451698	0.174149	54
76.625847	0.313477	65
76.939323	0.139313	65
77.078636	0.278641	54
77.357277	0.150932	55
77.508209	0.290245	63
77.798454	0.348305	63
78.146759	0.081268	0
78.228027	0.197372	55
78.425400	0.487617	60
78.913017	0.301857	55
79.214874	0.150932	59
79.365807	0.278641	59
79.644447	0.174149	61
79.818596	0.452789	58
80.271385	0.383125	68
80.654510	0.336693	66
80.991203	0.150925	66
81.142128	0.336693	67
81.478821	0.174149	67
81.652969	0.267029	55
81.919998	0.162544	56
82.082542	0.464394	62
82.546936	0.441185	61
82.988121	0.441177	59
83.429298	0.476006	59
83.905304	0.452789	56
84.358093	0.464401	56
84.822495	0.464401	55
85.286896	0.290245	54
85.577141	0.174149	54
85.751289	0.185760	55
85.937050	0.243813	56
86.180862	0.197372	59
86.378235	0.267029	61
86.645264	0.185760	56
86.831024	0.267029	55
87.098053	0.441177	57
87.539230	0.452789	53
87.992020	0.452789	55
88.444809	0.278641	52
88.723450	0.162537	50
88.885986	0.301857	52
89.187843	0.185760	51
89.373604	0.290253	54
89.663857	0.162537	54
89.826393	0.452789	55
90.279182	0.278641	56
90.557823	0.185760	0
90.743584	0.429565	55
91.173149	0.464401	56
91.637550	0.441177	73
92.078728	0.464401	73
92.543129	0.104492	73
92.647621	0.336685	70
92.984306	0.139320	68
93.123627	0.150932	0
93.274559	0.162537	65
93.437096	0.476013	76
93.913109	0.255417	78
94.168526	0.208977	70
94.377502	0.441185	77
94.818687	0.417953	72
95.236641	0.325081	74
95.561722	0.162544	74
95.724266	0.290245	73
96.014511	0.174149	66
96.188660	0.301865	66
96.490524	0.139320	66
96.629845	0.464394	69
97.094238	0.301865	67
97.396103	0.162537	73
97.558640	0.371521	77
97.930161	0.092880	71
98.023041	0.441177	71
98.464218	0.243813	71
98.708031	0.197365	67
98.905396	0.313469	73
99.218864	0.150932	75
99.369797	0.290245	67
99.660042	0.174156	67
99.834198	0.290245	66
100.124443	0.150932	66
100.275375	0.255417	69
100.530792	0.092880	74
100.623672	0.104492	0
100.728165	0.359909	71
101.088074	0.568886	67
101.656960	0.429573	56
102.086533	0.243805	55
102.330338	0.208984	69
102.539322	0.464394	55
103.003716	0.162544	51
103.166260	0.267029	50
103.433289	0.325081	51
103.758369	0.150925	50
103.909294	0.208984	0
104.118279	0.197365	54
104.315643	0.371521	54
104.687164	0.417961	55
105.105125	0.197372	55
105.302498	0.417953	55
105.720451	0.476013	68
106.196465	0.429565	66
106.626030	0.464401	67
107.090431	0.255417	63
107.345848	0.046440	62
107.392288	0.406349	60
107.798637	0.162544	74
107.961182	0.464394	73
108.425575	0.255424	67
108.681000	0.058044	67
108.739044	0.603722	67
109.342766	0.301857	66
109.644623	0.429573	70
110.074196	0.092880	73
110.167076	0.371521	70
110.538597	0.615326	68
111.153923	0.290253	64
111.444176	0.139313	73
111.583488	0.487625	69
112.071114	0.301857	68
112.372971	0.162537	67
112.535507	0.301865	67
112.837372	0.139320	67
112.976692	0.313469	67
113.290161	0.150925	72
113.441086	0.174149	70
113.615234	0.267036	73
113.882271	0.301857	75
114.184128	0.162537	75
114.346664	0.290253	74
114.636917	0.174149	70
114.811066	0.255417	77
115.066483	0.185760	70
115.252243	0.417961	74
115.670204	0.325081	72
115.995285	0.197365	68
116.192650	0.267036	69
116.459686	0.162537	74
116.622223	0.290245	69
116.912468	0.174156	69
117.086624	0.290245	69
117.376869	0.139320	74
117.516190	0.290253	74
117.806442	0.185760	73
117.992203	0.278633	67
118.270836	0.174156	73
118.444992	0.255417	74
118.700409	0.174149	74
118.874557	0.348297	74
119.222855	0.162544	74
119.385399	0.232201	70
119.617599	0.626938	69
120.244537	0.452789	74
120.697327	0.406349	63
121.103676	0.510834	0
121.614510	0.301865	70
121.916374	0.406349	69
122.322723	0.208977	74
122.531700	0.464401	74
122.996101	0.452789	70
123.448891	0.429565	71
123.878456	0.452789	71
124.331245	0.301865	75
124.633110	0.429565	74
125.062675	0.208977	74
125.271652	0.452789	72
125.724442	0.243813	67
125.968254	0.208977	77
126.177231	0.452789	67
126.630020	0.464401	71
127.094421	0.441177	73
127.535599	0.255424	73
127.791023	0.220589	75
128.011612	0.406342	74
128.417953	0.510849	75
128.928802	0.394730	66
129.323532	0.499237	68
129.822769	0.464401	67
130.287170	0.441177	67
130.728348	0.267029	69
130.995377	0.185760	71
131.181137	0.255417	77
131.436554	0.220596	72
131.657150	0.301849	75
131.959000	0.580505	74
132.539505	0.278641	72
132.818146	0.592102	73
133.410248	0.510834	69
133.921082	0.452789	68
134.373871	0.441193	70
134.815063	0.290237	67
135.105301	0.615341	69
135.720642	0.464386	68
136.185028	0.452789	73
136.637817	0.452789	73
137.090607	0.406357	76
137.496964	0.487610	74
137.984573	0.301865	74
138.286438	0.150925	75
138.437363	0.290253	72
138.727615	0.185760	74
138.913376	0.452789	73
139.366165	0.290253	72
139.656418	0.162537	74
139.818954	0.417969	74
140.236923	0.487610	70
140.724533	0.278641	76
141.003174	0.429565	74
141.432739	0.220596	73
141.653336	0.441177	70
142.094513	0.267029	70
142.361542	0.197372	79
142.558914	0.452789	67
143.011703	0.441177	71
143.452881	0.441177	74
143.894058	0.255417	74
144.149475	0.220596	78
144.370071	0.406342	69
144.776413	0.510849	75
145.287262	0.406342	69
145.693604	0.487625	69
146.181229	0.464401	69
146.645630	0.441177	68
147.086807	0.278641	71
147.365448	0.174149	73
147.539597	0.255417	78
147.795013	0.208984	72
148.003998	0.313461	74
148.317459	0.580505	64
148.897964	0.290237	72
149.188202	0.568893	70
149.757095	0.510834	77
150.267929	0.476013	70
150.743942	0.429565	70
151.173508	0.278641	68
151.452148	0.650162	68
152.102310	0.464401	68
152.566711	0.441177	67
153.007889	0.452789	68
153.460678	0.336685	72
153.797363	0.116104	80
153.913467	0.441177	79
154.354645	0.441177	77
154.795822	0.208984	74
155.004807	0.243805	80
155.248611	0.766266	81
156.014877	0.174149	0
156.189026	0.278641	0
156.467667	0.162537	0
156.630203	0.301865	0
156.932068	0.162537	0
157.094604	0.150925	0
157.245529	0.127716	0
157.373245	0.162537	0
157.535782	0.278641	0
157.814423	0.185760	0
158.000183	0.127701	0
158.127884	0.301865	66
158.429749	0.290253	67
158.720001	0.185760	78
158.905762	0.301865	58
159.207626	0.150925	59
159.358551	0.185760	58
159.544312	0.267029	59
159.811340	0.174149	0
159.985489	0.290253	58
160.275742	0.278641	56
160.554382	0.174149	0
160.728531	0.150925	0
160.879456	0.127716	0
161.007172	0.174149	0
161.181320	0.255417	0
161.436737	0.208984	0
161.645721	0.116089	0
161.761810	0.162537	0
161.924347	0.162552	55
162.086899	0.243805	55
162.330704	0.197372	55
162.528076	0.290253	57
162.818329	0.162537	58
162.980865	0.278641	58
163.259506	0.174149	58
163.433655	0.290253	59
163.723907	0.162537	58
163.886444	0.313461	75
164.199905	0.139328	67
164.339233	0.162537	69
164.501770	0.139313	69
164.641083	0.162552	67
164.803635	0.290237	67
165.093872	0.185760	67
165.279633	0.267029	0
165.546661	0.174149	67
165.720810	0.243820	67
165.964630	0.220581	67
166.185211	0.232208	69
166.417419	0.197372	59
166.614792	0.255417	59
166.870209	0.197372	59
167.067581	0.220581	59
167.288162	0.243805	59
167.531967	0.278641	56
167.810608	0.162537	55
167.973145	0.150940	57
168.124084	0.127701	57
168.251785	0.174149	55
168.425934	0.290253	55
168.716187	0.476013	54
169.192200	0.150925	0
169.343124	0.278641	0
169.621765	0.185760	61
169.807526	0.452789	65
170.260315	0.301865	67
170.562180	0.162537	67
170.724716	0.417953	62
171.142670	0.464401	67
171.607071	0.301865	76
171.908936	0.429565	73
172.338501	0.208984	73
172.547485	0.452789	72
173.000275	0.243805	68
173.244080	0.208984	79
173.453064	0.452789	67
173.905853	0.476013	73
174.381866	0.429565	74
174.811432	0.267029	74
175.078461	0.197372	71
175.275833	0.417953	72
175.693787	0.510834	75
176.204620	0.394745	69
176.599365	0.499222	69
177.098587	0.452789	73
177.551376	0.452789	74
178.004166	0.267029	75
178.271194	0.185760	78
178.456955	0.255432	73
178.712387	0.220581	73
178.932968	0.313477	75
179.246445	0.127701	74
179.374146	0.441177	74
179.815323	0.290253	72
180.105576	0.568893	69
180.674469	0.522446	70
181.196915	0.441177	73
181.638092	0.452789	70
182.090881	0.278641	71
182.369522	0.626938	69
182.996460	0.452789	68
183.449249	0.452789	70
183.902039	0.464401	73
184.366440	0.429565	76
184.796005	0.464401	74
185.260406	0.290253	74
185.550659	0.162537	75
185.713196	0.278641	69
185.991837	0.185760	74
186.177597	0.464401	73
186.641998	0.290253	67
186.932251	0.162537	67
187.094788	0.417953	72
187.512741	0.487625	71
188.000366	0.278641	70
188.279007	0.429565	68
188.708572	0.208984	67
188.917557	0.452789	72
189.370346	0.255417	69
189.625763	0.208969	80
189.834732	0.441193	74
190.275925	0.441177	74
190.717102	0.464401	74
191.181503	0.232193	74
191.413696	0.232193	73
191.645889	0.406357	70
192.052246	0.522446	75
192.574692	0.394745	66
192.969437	0.475998	71
193.445435	0.476013	73
193.921448	0.441177	67
194.362625	0.267029	74
194.629654	0.185760	73
194.815414	0.255432	67
195.070847	0.220581	73
195.291428	0.313477	75
195.604904	0.568878	74
196.173782	0.290253	72
196.464035	0.580505	69
197.044540	0.499222	78
197.543762	0.476013	72
198.019775	0.441177	70
198.460953	0.255417	72
198.716370	0.661774	71
199.378143	0.464401	70
199.842545	0.441177	72
200.283722	0.452789	70
200.736511	0.336685	82
201.073196	0.557281	77
201.630478	0.464401	74
202.094879	0.882355	71
202.977234	0.278641	67
203.255875	0.220581	67
203.476456	0.127716	67
203.604172	0.139313	67
203.743484	0.139328	67
203.882812	0.313461	66
204.196274	0.162552	66
204.358826	0.278641	67
204.637466	0.162537	0
204.800003	0.278641	63
205.078644	0.348297	64
205.426941	0.127701	67
205.554642	0.150940	67
205.705582	0.464401	63
206.169983	0.290237	67
206.460220	0.150940	67
206.611160	0.290253	67
206.901413	0.464386	67
207.365799	0.174149	67
207.539948	0.290253	66
207.830200	0.150940	66
207.981140	0.139313	66
208.120453	0.150925	0
208.271378	0.150940	67
208.422318	0.290237	64
208.712555	0.348312	65
209.060867	0.104477	67
209.165344	0.174164	66
209.339508	0.475998	62
209.815506	7.235916	61
