0.208980	0.348299	0
0.557279	0.348299	0
0.905578	0.348299	0
1.253878	0.371519	0
1.625397	0.348299	0
1.973696	0.359909	0
2.333606	0.359909	0
2.693515	0.359909	0
3.053424	0.348299	0
3.401723	0.371519	0
3.773243	0.348299	0
4.121542	0.359909	0
4.481451	0.359910	0
4.841361	0.359909	0
5.201270	0.348300	0
5.549569	0.359910	57
5.909479	0.359909	55
6.269388	0.348300	55
6.617687	0.162539	55
6.780227	0.534059	54
7.314286	0.383129	0
7.697415	0.162540	0
7.859955	0.510839	49
8.370793	0.394739	55
8.765532	0.359910	0
9.125443	0.348299	0
9.473742	0.359909	0
9.833651	0.359909	0
10.193560	0.348300	0
10.541860	0.359909	0
10.901769	0.359909	0
11.261678	0.371519	0
11.633197	0.348300	0
11.981497	0.359909	0
12.341406	0.348299	0
12.689705	0.359910	0
13.049615	0.348299	0
13.397914	0.359909	0
13.757823	0.359909	0
14.117732	0.348300	0
14.466032	0.371519	0
14.837551	0.336689	0
15.174240	0.359910	0
15.534150	0.371519	0
15.905669	0.348300	0
16.253969	0.359909	0
16.613878	0.348299	0
16.962177	0.371519	0
17.333696	2.159456	0
19.493153	0.150928	54
19.644081	0.162540	58
19.806622	0.208979	62
20.015600	0.220591	61
20.236191	0.208979	60
20.445169	1.010069	62
21.455238	0.174149	0
21.629387	0.359911	0
21.989298	0.313469	61
22.302767	0.719818	61
23.022585	0.986849	60
24.009434	0.499228	58
24.508661	0.336691	0
24.845352	0.208979	0
25.054331	0.116100	0
25.170431	0.336689	59
25.507120	0.301859	60
25.808979	0.104490	59
25.913469	0.220591	60
26.134060	0.870747	61
27.004807	0.197371	0
27.202177	0.150930	0
27.353107	0.348299	0
27.701406	0.197369	0
27.898775	0.174150	61
28.072926	0.174149	62
28.247074	0.371519	64
28.618593	0.917189	65
29.535782	0.139320	67
29.675102	0.185759	66
29.860861	0.719820	63
30.580681	0.336689	0
30.917370	0.371519	0
31.288889	0.348299	0
31.637188	0.162540	64
31.799728	1.648617	65
33.448345	0.325077	63
33.773422	0.336693	0
34.110115	0.197369	0
34.307484	0.104488	0
34.411972	0.325081	65
34.737053	0.220589	66
34.957642	0.243809	65
35.201450	0.174152	66
35.375603	1.137775	65
36.513378	0.139320	63
36.652699	0.185760	62
36.838459	0.452789	61
37.291248	0.197369	61
37.488617	0.394737	59
37.883354	1.451248	59
39.334602	0.208981	61
39.543583	0.243809	62
39.787392	0.139320	62
39.926712	0.301861	60
40.228573	1.404804	61
41.633377	0.383129	0
42.016506	0.162540	0
42.179047	0.162540	62
42.341587	0.232201	62
42.573788	0.208981	61
42.782768	0.150928	59
42.933697	0.116100	60
43.049797	0.696598	60
43.746395	0.150928	0
43.897324	0.185760	0
44.083084	0.127708	59
44.210793	0.638550	56
44.849342	0.325081	0
45.174423	0.394737	61
45.569160	0.162540	62
45.731701	0.139320	0
45.871021	0.383129	61
46.254150	0.719818	62
46.973969	0.348301	0
47.322269	0.348297	60
47.670567	0.383129	59
48.053696	0.336689	61
48.390385	0.162540	0
48.552925	0.208981	63
48.761906	0.719818	65
49.481724	0.267029	66
49.748753	1.172607	63
50.921360	0.336689	0
51.258049	0.348301	53
51.606350	0.220589	66
51.826939	0.696598	69
52.523537	0.150932	67
52.674469	0.150928	66
52.825397	0.208981	66
53.034378	1.079727	61
54.114105	0.197369	0
54.311474	0.127708	63
54.439182	0.359909	65
54.799091	0.174152	66
54.973244	0.220589	66
55.193832	0.162540	66
55.356373	0.568890	65
55.925262	0.441177	63
56.366440	0.197369	53
56.563808	0.278641	60
56.842449	0.185760	61
57.028210	0.383129	62
57.411339	0.278637	59
57.689976	0.150932	58
57.840908	0.185760	58
58.026669	0.185757	53
58.212425	0.174152	53
58.386578	0.174149	0
58.560726	0.394737	56
58.955463	0.464401	0
59.419865	0.197369	0
59.617233	0.150928	0
59.768162	0.359909	0
60.128071	0.638550	0
60.766621	0.104492	0
60.871113	0.394737	54
61.265850	0.325081	54
61.590931	0.406349	54
61.997280	0.313469	54
62.310749	0.406349	54
62.717098	0.162540	54
62.879639	0.139317	54
63.018955	0.383129	54
63.402084	0.348301	55
63.750385	0.394741	56
64.145126	0.313469	54
64.458595	0.267029	0
64.725624	0.452789	70
65.178413	0.359909	71
65.538322	0.359909	70
65.898232	0.708206	70
66.606438	0.708214	67
67.314651	0.359909	65
67.674561	0.313469	66
67.988029	0.464394	66
68.452423	0.290253	66
68.742676	0.383133	55
69.125809	0.336685	55
69.462494	0.406349	63
69.868843	0.325081	0
70.193924	0.359909	55
70.553833	0.336685	55
70.890518	0.383133	66
71.273651	0.255417	66
71.529068	0.487625	65
72.016693	0.336685	66
72.353378	0.719818	66
73.073196	0.359909	66
73.433105	0.336693	66
73.769798	0.394737	70
74.164536	0.174149	67
74.338684	0.162537	66
74.501221	0.081276	66
74.582497	0.232201	66
74.814697	0.290245	66
75.104942	0.104492	65
75.209435	0.394737	66
75.604172	0.325081	68
75.929253	0.371521	69
76.300774	0.267029	66
76.567802	0.429565	65
76.997368	0.325081	61
77.322449	0.708206	61
78.030655	0.708214	59
78.738869	0.243805	59
78.982674	0.243813	58
79.226486	0.220589	60
79.447075	0.371521	62
79.818596	0.139320	62
79.957916	0.220589	64
80.178505	0.429565	60
80.608070	0.267029	58
80.875099	0.731430	58
81.606529	0.359909	59
81.966438	0.336693	58
82.303131	0.383125	58
82.686256	0.185760	57
82.872017	0.139320	0
83.011337	2.159454	74
85.170792	1.439636	78
86.610428	0.313469	73
86.923897	0.383133	0
87.307030	0.359909	61
87.666939	0.348297	62
88.015236	0.394745	63
88.409981	0.336685	62
88.746666	0.661766	62
89.408432	0.220596	57
89.629028	0.534058	61
90.163086	0.092880	68
90.255966	0.278641	68
90.534607	0.348297	63
90.882904	0.359909	63
91.242813	0.371521	62
91.614334	0.708206	63
92.322540	0.371521	63
92.694061	0.336685	64
93.030746	0.371521	57
93.402267	0.208977	57
93.611244	0.139320	62
93.750565	0.429573	64
94.180138	0.278641	66
94.458778	0.371513	67
94.830292	0.336693	68
95.166985	0.278641	68
95.445625	0.417961	65
95.863586	0.696594	65
96.560181	0.383133	55
96.943314	0.359909	0
97.303223	0.394737	66
97.697960	0.336685	67
98.034645	0.719826	66
98.754471	0.348297	65
99.102768	0.348297	66
99.451065	0.383133	63
99.834198	0.220589	65
100.054787	0.359909	67
100.414696	0.197365	68
100.612061	0.267029	68
100.879089	1.416420	66
102.295509	0.684990	63
102.980499	0.743034	61
103.723534	0.557281	63
104.280815	0.731430	66
105.012245	0.139320	58
105.151566	0.185760	62
105.337326	0.545670	65
105.882996	0.731422	63
106.614418	0.371521	59
106.985939	0.301865	56
107.287804	0.371513	62
107.659317	0.371521	62
108.030838	0.162544	63
108.193382	0.220589	61
108.413971	0.301857	61
108.715828	0.719818	62
109.435646	0.696602	59
110.132248	0.406349	56
110.538597	0.255417	62
110.794014	0.441177	63
111.235191	0.197372	63
111.432564	0.882355	63
112.314919	0.406349	63
112.721268	0.278641	64
112.999908	0.406349	63
113.406258	0.313469	62
113.719727	0.383133	64
114.102859	0.139320	0
114.242180	0.197365	64
114.439545	0.394737	66
114.834282	0.348305	65
115.182587	0.243805	66
115.426392	0.464401	62
115.890793	0.359909	64
116.250702	0.336693	64
116.587395	0.243805	64
116.831200	0.371521	68
117.202721	0.452789	68
117.655510	0.197372	68
117.852882	0.162537	67
118.015419	0.731430	68
118.746849	0.348297	68
119.095146	0.336693	68
119.431839	0.394737	68
119.826576	0.197372	66
120.023949	0.127708	68
120.151657	0.220589	68
120.372246	0.499229	68
120.871475	0.313469	68
121.184944	0.417961	70
121.602905	0.522446	69
122.125351	0.197372	67
122.322723	0.348297	67
122.671021	0.197372	65
122.868393	0.452789	65
123.321182	0.383125	65
123.704308	0.731430	62
124.435738	0.696594	65
125.132332	1.091339	63
126.223671	0.174149	64
126.397820	0.185760	65
126.583580	0.162544	71
126.746124	0.185760	71
126.931885	0.174149	58
127.106033	0.394737	62
127.500771	0.499229	72
128.000000	0.197372	71
128.197372	0.150925	68
128.348297	0.348297	72
128.696594	1.451248	64
130.147842	0.394745	57
130.542587	0.325073	54
130.867661	0.371521	63
131.239182	0.336685	59
131.575867	0.383133	57
131.959000	0.336685	56
132.295685	0.406357	57
132.702042	0.325073	56
133.027115	0.232208	59
133.259323	0.476013	72
133.735336	0.162537	71
133.897873	0.197372	71
134.095245	1.776321	70
135.871567	0.359909	70
136.231476	0.348297	67
136.579773	0.719818	67
137.299591	0.348297	55
137.647888	0.383133	58
138.031021	0.383133	57
138.414154	0.325073	62
138.739227	0.383133	62
139.122360	0.336685	65
139.459045	0.626938	67
140.085983	0.487625	66
140.573608	0.325073	66
140.898682	0.684998	66
141.583679	0.719818	66
142.303497	0.406342	59
142.709839	0.162537	65
142.872375	0.139328	66
143.011703	0.104492	66
143.116196	0.267029	65
143.383224	0.325073	66
143.708298	0.208984	66
143.917282	0.139313	66
144.056595	0.429565	67
144.486160	0.394745	69
144.880905	0.232208	69
145.113113	0.232193	66
145.345306	0.174149	64
145.519455	0.325073	61
145.844528	0.139328	63
145.983856	0.383133	63
146.366989	0.243805	60
146.610794	0.708206	59
147.319000	0.197372	0
147.516373	0.197372	57
147.713745	0.290253	60
148.003998	0.592102	62
148.596100	0.545670	66
149.141769	0.290253	66
149.432022	0.406342	66
149.838364	0.325089	66
150.163452	0.708206	66
150.871658	0.417953	66
151.289612	0.313477	65
151.603088	0.336685	69
151.939774	0.325073	67
152.264847	0.034836	69
152.299683	0.359909	68
152.659592	0.371521	70
153.031113	0.371521	71
153.402634	0.313461	70
153.716095	0.150940	73
153.867035	0.232193	76
154.099228	0.336685	70
154.435913	0.336700	69
154.772614	0.394730	76
155.167343	0.719818	71
155.887161	0.394745	71
156.281906	0.301865	74
156.583771	0.394730	74
156.978500	0.336685	74
157.315186	0.348312	79
157.663498	0.336685	67
158.000183	0.394745	81
158.394928	0.336685	70
158.731613	0.371521	69
159.103134	0.336685	62
159.439819	0.359909	65
159.799728	1.079727	76
160.879456	1.428024	77
162.307480	0.383133	75
162.690613	0.359909	73
163.050522	0.696594	75
163.747116	0.394745	74
164.141861	0.325073	71
164.466934	0.696609	73
165.163544	0.383118	71
165.546661	0.313477	72
165.860138	0.719818	70
166.579956	0.336685	70
166.916641	0.359909	70
167.276550	0.719818	70
167.996368	0.719818	67
168.716187	0.568893	69
169.285080	0.592102	68
169.877182	0.174149	60
170.051331	0.104492	59
170.155823	0.510849	61
170.666672	0.220581	61
170.887253	0.336685	62
171.223938	0.777878	63
172.001816	0.580490	64
172.582306	0.301865	64
172.884171	0.150925	61
173.035095	0.638550	61
173.673645	0.673386	70
174.347031	0.499222	65
174.846252	0.290253	72
175.136505	0.325089	70
175.461594	0.441177	63
175.902771	0.696594	62
176.599365	0.673386	65
177.272751	0.661758	66
177.934509	0.208984	67
178.143494	0.348297	66
178.491791	0.150925	67
178.642715	0.824310	68
179.467026	0.359909	66
179.826935	0.220596	81
180.047531	0.464401	74
180.511932	0.394730	69
180.906662	2.020142	70
182.926804	0.580505	68
183.507309	0.208969	68
183.716278	0.185760	69
183.902039	0.371521	68
184.273560	0.394745	69
184.668304	0.475998	71
185.144302	0.162552	70
185.306854	0.185760	66
185.492615	1.102936	66
186.595551	1.079727	67
187.675278	0.359909	69
188.035187	2.113022	69
190.148209	0.255417	71
190.403625	0.487625	68
190.891251	0.348297	70
191.239548	1.102951	71
192.342499	0.696594	74
193.039093	0.696594	69
193.735687	0.708206	64
194.443893	0.731430	67
195.175323	0.708221	68
195.883545	0.719818	63
196.603363	0.592102	66
197.195465	0.290253	66
197.485718	0.406342	67
197.892059	0.162537	71
198.054596	1.404816	70
199.459412	0.267029	64
199.726440	0.371521	69
200.097961	0.406342	70
200.504303	0.313477	70
200.817780	1.509293	72
202.327072	1.137787	73
203.464859	0.174149	70
203.639008	0.104477	71
203.743484	1.474472	71
205.217957	1.416412	76
206.634369	0.359924	75
206.994293	0.313461	70
207.307755	0.743042	70
208.050797	0.684982	72
208.735779	0.383133	73
209.118912	0.336685	73
209.455597	0.719818	77
210.175415	0.708206	71
210.883621	0.325089	73
211.208710	0.359909	74
211.568619	0.731430	82
212.300049	0.708206	82
213.008255	0.754654	82
213.762909	0.708206	75
214.471115	0.708206	74
215.179321	0.336685	81
215.516006	0.359909	77
215.875916	0.359909	80
216.235825	1.021683	67
217.257507	0.534058	77
217.791565	0.638550	73
218.430115	0.313461	67
218.743576	0.522461	66
219.266037	0.185760	66
219.451797	0.626938	65
220.078735	0.696594	66
220.775330	0.197372	66
220.972702	0.394730	66
221.367432	0.185760	66
221.553192	0.603729	68
222.156921	0.185760	69
222.342682	0.754639	76
223.097321	0.615326	75
223.712646	0.719818	75
224.432465	0.708221	72
225.140686	1.404800	75
226.545486	1.416412	75
227.961899	0.661774	72
228.623672	0.812698	72
229.436371	0.522446	73
229.958817	0.406357	73
230.365173	0.162537	73
230.527710	0.313477	72
230.841187	0.174149	71
231.015335	0.174149	71
231.189484	0.174149	71
231.363632	0.429565	71
231.793198	0.510834	71
232.304031	0.127716	71
232.431747	0.557281	71
232.989029	7.523254	70
240.512283	0.673386	0
241.185669	1.462860	0
242.648529	22.886169	0
