1.428027	0.139320	50
1.567347	0.185760	58
1.753107	0.208980	60
1.962086	0.208980	62
2.171066	0.220590	60
2.391655	0.998458	61
3.390113	0.545669	61
3.935782	0.313470	64
4.249252	0.325079	61
4.574331	0.394739	61
4.969070	0.998458	60
5.967528	0.116100	59
6.083628	0.917188	60
7.000816	0.116100	70
7.116916	0.336689	59
7.453606	0.301859	61
7.755465	0.104490	59
7.859955	0.220590	60
8.080544	1.056508	61
9.137053	0.185760	0
9.322812	0.522449	59
9.845261	0.174150	60
10.019410	0.174150	62
10.193560	0.383130	63
10.576690	0.801088	65
11.377778	0.116099	66
11.493877	0.127710	66
11.621588	0.197370	66
11.818957	0.243809	64
12.062766	0.034830	63
12.097596	1.497687	59
13.595284	0.150929	64
13.746213	2.321996	64
16.068209	0.185760	64
16.253969	0.104488	63
16.358458	0.325079	65
16.683537	0.220591	66
16.904127	0.255419	66
17.159546	0.162540	66
17.322086	0.975239	65
18.297325	0.162539	64
18.459864	0.150930	61
18.610794	0.174149	62
18.784943	0.452789	61
19.237732	0.185760	61
19.423492	0.406349	59
19.829842	0.859138	58
20.688980	0.580498	59
21.269478	0.174150	61
21.443628	0.046440	61
21.490068	0.232199	61
21.722267	0.150930	62
21.873198	0.139320	59
22.012518	0.359909	61
22.372427	1.741495	61
24.113922	0.150930	61
24.264853	0.255419	61
24.520271	0.197371	61
24.717642	0.150930	59
24.868572	0.580498	60
25.449070	0.243811	60
25.692881	0.162539	59
25.855419	0.174150	72
26.029570	0.116098	62
26.145668	0.986849	56
27.132517	0.232201	61
27.364717	0.174149	62
27.538866	0.139320	61
27.678186	0.139318	62
27.817505	0.197371	60
28.014875	0.986849	61
29.001724	1.010067	60
30.011791	0.325079	61
30.336870	0.162540	62
30.499411	0.220589	64
30.719999	0.708210	65
31.428209	0.267029	66
31.695238	0.220589	63
31.915827	0.197371	63
32.113197	0.359909	63
32.473106	1.102947	63
33.576054	0.174149	66
33.750202	0.719822	69
34.470024	0.139317	67
34.609341	0.162540	66
34.771881	0.197372	66
34.969254	0.557278	64
35.526531	0.731426	62
36.257957	0.127712	63
36.385670	0.348297	65
36.733967	0.185760	66
36.919727	0.383129	66
37.302856	1.010067	65
38.312923	0.208981	63
38.521904	0.267029	62
38.788933	0.185760	61
38.974693	0.208981	63
39.183674	0.174149	60
39.357822	0.278641	59
39.636463	0.348297	58
39.984760	0.882359	62
40.867119	0.499229	81
41.366348	0.359909	83
41.726257	0.348301	83
42.074558	0.638550	89
42.713108	0.104488	88
42.817596	0.394741	85
43.212337	3.401722	78
46.614059	0.510838	82
47.124897	0.359909	83
47.484806	0.359909	82
47.844715	0.673382	86
48.518097	0.406349	78
48.924446	0.650158	83
49.574604	0.162540	78
49.737144	0.185757	78
49.922901	0.232201	78
50.155102	2.937325	78
53.092426	0.383129	77
53.475555	0.371521	71
53.847076	0.116096	66
53.963173	0.185760	66
54.148933	0.116100	65
54.265034	0.278641	66
54.543674	0.313469	66
54.857143	0.278641	65
55.135784	1.126167	66
56.261951	0.243809	66
56.505760	0.243809	65
56.749569	0.290249	66
57.039818	0.208981	66
57.248798	0.150928	66
57.399727	0.127712	66
57.527439	0.731426	68
58.258865	0.255421	66
58.514286	0.243809	66
58.758095	0.383129	74
59.141224	0.127708	62
59.268932	0.383133	63
59.652065	1.253876	65
60.905941	0.267029	81
61.172970	0.731430	70
61.904400	0.232201	74
62.136600	0.394737	77
62.531338	4.516285	75
67.047623	0.208977	63
67.256599	0.301857	64
67.558456	0.104492	63
67.662949	0.371521	62
68.034470	0.812698	63
68.847168	0.777863	63
69.625031	0.383133	64
70.008163	0.359909	0
70.368073	0.139320	0
70.507393	0.882355	0
71.389748	0.208984	62
71.598732	0.580498	60
72.179230	0.348297	60
72.527527	0.185760	58
72.713287	0.116104	51
72.829391	0.383125	62
73.212517	0.232201	62
73.444717	0.452789	62
73.897507	0.952019	63
74.849525	0.127708	63
74.977234	0.336693	65
75.313927	0.255417	61
75.569344	0.150932	62
75.720276	0.267029	64
75.987305	0.174149	65
76.161453	0.731430	67
76.892883	0.162537	67
77.055420	0.348297	68
77.403717	0.208984	65
77.612701	0.917183	65
78.529884	0.743042	68
79.272926	0.743034	67
80.015961	0.150932	68
80.166893	0.092880	67
80.259773	1.497688	65
81.757462	0.162537	66
81.919998	0.104492	65
82.024490	0.348297	67
82.372787	0.208984	69
82.581772	0.383125	68
82.964897	0.417961	67
83.382858	0.719818	66
84.102676	0.162537	65
84.265213	0.150932	63
84.416145	0.325081	63
84.741226	0.197365	64
84.938591	0.197372	63
85.135963	0.232201	61
85.368164	0.499229	60
85.867393	0.127708	63
85.995102	0.139320	64
86.134422	0.104492	66
86.238914	0.731422	67
86.970337	0.150932	0
87.121269	0.174149	62
87.295418	1.648621	63
88.944038	0.278641	60
89.222679	0.394737	62
89.617416	0.383125	64
90.000542	0.162544	63
90.163086	0.197365	63
90.360451	0.208984	62
90.569435	0.847527	62
91.416962	0.174149	60
91.591110	0.905579	59
92.496689	0.255417	62
92.752106	0.452789	63
93.204895	0.197372	63
93.402267	0.882355	63
94.284622	0.441185	63
94.725807	0.232201	64
94.958008	0.441177	63
95.399185	0.278641	63
95.677826	0.383125	63
96.060951	0.139320	63
96.200272	0.208977	64
96.409248	0.661774	66
97.071022	0.081268	66
97.152290	0.208977	66
97.361267	0.220589	64
97.581856	1.172615	63
98.754471	0.267029	67
99.021500	0.139320	69
99.160820	0.452782	68
99.613602	0.197372	68
99.810974	0.325081	67
100.136055	0.290245	68
100.426300	0.185760	67
100.612061	0.116104	67
100.728165	1.242264	68
101.970428	0.359909	68
102.330338	0.638550	68
102.968887	0.174149	68
103.143036	0.940414	70
104.083450	0.301857	67
104.385307	0.255417	67
104.640724	0.185760	65
104.826485	0.708206	65
105.534691	0.127716	65
105.662407	0.162537	65
105.824944	3.564262	61
109.389206	0.580498	71
109.969704	0.359909	71
110.329613	1.509300	71
111.838913	3.308846	84
115.147758	0.568886	78
115.716644	0.336693	83
116.053337	1.369972	78
117.423309	0.394737	84
117.818047	0.383133	82
118.201180	0.127708	80
118.328888	2.798004	81
121.126892	0.510841	0
121.637733	0.406349	78
122.044083	0.487617	78
122.531700	0.185760	84
122.717461	0.348297	82
123.065758	0.290253	71
123.356010	0.325081	77
123.681091	1.137772	72
124.818863	0.255424	66
125.074287	0.255417	65
125.329704	0.336693	66
125.666397	0.220589	66
125.886986	0.150925	66
126.037910	0.243813	66
126.281723	0.568886	68
126.850609	0.232201	66
127.082809	0.220589	66
127.303398	0.383133	66
127.686531	0.116096	62
127.802628	0.185760	63
127.988388	0.290253	63
128.278641	1.184219	61
129.462860	0.208969	69
129.671829	0.824310	61
130.496140	0.058060	61
130.554199	0.197372	61
130.751572	0.348297	61
131.099869	5.572784	59
136.672653	0.162537	68
136.835190	1.195831	70
138.031021	3.390106	73
141.421127	0.127716	77
141.548843	0.174149	70
141.722992	0.243805	67
141.966797	0.893967	70
142.860764	8.138596	78
150.999359	0.069672	55
151.069031	0.174149	56
151.243179	0.522446	67
151.765625	0.069656	0
151.835281	0.174149	59
152.009430	0.615326	61
152.624756	0.325089	60
152.949844	0.104492	62
153.054337	0.104477	61
153.158813	0.162552	59
153.321365	0.162537	62
153.483902	0.220581	64
153.704483	0.255432	64
153.959915	0.267029	63
154.226944	0.313461	64
154.540405	0.301865	64
154.842270	0.278641	64
155.120911	0.650162	59
155.771072	0.325073	0
156.096146	0.197372	0
156.293518	0.127701	60
156.421219	0.034836	60
156.456055	0.104492	59
156.560547	0.232193	58
156.792740	0.615326	59
157.408066	0.267029	56
157.675095	0.197372	61
157.872467	0.150940	62
158.023407	0.127701	58
158.151108	0.870758	62
159.021866	0.197357	63
159.219223	0.162552	63
159.381775	0.174149	66
159.555923	0.325073	67
159.880997	0.208984	74
160.089981	0.185760	66
160.275742	0.162537	65
160.438278	0.162537	67
160.600815	0.243805	69
160.844620	1.114563	65
161.959183	0.348297	81
162.307480	0.150940	67
162.458420	0.267029	68
162.725449	1.056503	70
163.781952	0.162537	73
163.944489	0.928802	70
164.873291	0.383133	68
165.256424	0.208969	68
165.465393	1.044907	68
166.510300	0.069656	69
166.579956	0.522446	71
167.102402	0.336685	71
167.439087	1.416428	71
168.855515	0.754639	73
169.610153	0.580505	70
170.190659	0.371521	67
170.562180	1.764709	71
172.326889	0.545670	77
172.872559	0.162537	76
173.035095	0.162552	71
173.197647	1.904037	72
175.101685	0.928787	73
176.030472	1.068115	73
177.098587	0.034836	73
177.133423	0.325073	72
177.458496	1.102951	72
178.561447	0.185760	73
178.747208	0.406357	72
179.153564	0.290253	68
179.443817	0.267029	66
179.710846	0.139313	67
179.850159	0.162537	68
180.012695	0.650162	70
180.662857	0.998459	71
181.661316	0.394745	69
182.056061	0.208969	70
182.265030	0.197372	70
182.462402	0.162537	70
182.624939	0.139328	69
182.764267	1.114548	72
183.878815	0.150940	72
184.029755	0.534058	73
184.563812	0.754639	73
185.318451	0.104492	73
185.422943	0.150940	72
185.573883	0.116089	71
185.689972	1.172607	72
186.862579	0.150940	71
187.013519	10.924988	71
197.938507	0.127701	0
198.066208	0.127716	64
198.193924	0.232193	66
198.426117	0.313477	67
198.739594	0.476013	67
199.215607	0.348297	65
199.563904	0.174149	67
199.738052	0.638550	65
200.376602	0.638550	66
201.015152	0.208969	66
201.224121	0.185760	66
201.409882	0.232208	65
201.642090	0.383133	64
202.025223	0.278625	67
202.303848	0.417969	65
202.721817	0.208969	66
202.930786	0.383133	66
203.313919	0.185760	66
203.499680	0.615326	68
204.115005	0.197372	68
204.312378	0.441177	65
204.753555	0.267029	63
205.020584	1.369980	63
206.390564	0.092880	66
206.483444	0.615326	68
207.098770	0.557281	73
207.656052	0.510849	75
208.166901	2.403259	74
210.570160	1.764709	73
212.334869	0.150940	73
212.485809	1.219040	71
213.704849	0.534058	71
214.238907	0.139328	71
214.378235	0.208969	71
214.587204	1.277100	73
215.864304	0.139328	74
216.003632	2.832825	72
218.836456	0.441193	71
219.277649	1.010056	70
220.287704	1.277100	66
221.564804	0.139328	62
221.704132	0.417953	64
222.122086	0.870743	64
222.992828	0.127716	0
223.120544	0.417953	66
223.538498	0.905579	0
224.444077	0.104492	0
224.548569	0.394745	66
224.943314	0.174149	65
225.117462	0.870743	66
225.988205	0.429565	66
226.417770	1.010071	64
227.427841	1.451248	65
228.879089	8.156006	65
