1.126168	0.058050	0
1.184218	0.220590	0
1.404807	0.150930	0
1.555737	0.174150	0
1.729887	0.174150	0
1.904036	0.162540	0
2.066576	0.162540	0
2.229116	0.162540	0
2.391655	0.185760	0
2.577415	0.150930	0
2.728345	0.174150	0
2.902494	0.220589	0
3.123084	0.162540	0
3.285624	0.174150	0
3.459773	0.162540	0
3.622313	0.150930	0
3.773243	0.325079	0
4.098322	0.185760	0
4.284081	0.301859	0
4.585941	0.510839	0
5.096780	0.243810	0
5.340590	0.104490	0
5.445079	0.174150	0
5.619229	0.162540	0
5.781769	0.104490	0
5.886259	0.162539	0
6.048798	0.162540	0
6.211338	0.127709	0
6.339047	0.185760	0
6.524807	0.139319	0
6.664127	0.127710	0
6.791837	0.174150	0
6.965986	0.162540	0
7.128526	0.150929	0
7.279456	0.150930	0
7.430386	0.150929	0
7.581315	0.197370	0
7.778685	0.092880	0
7.871564	0.162540	0
8.034104	0.290250	0
8.324354	0.162539	0
8.486894	0.162539	0
8.649433	0.139319	0
8.788753	0.150930	0
8.939683	0.150929	0
9.090612	0.290249	0
9.380861	0.185760	0
9.566622	0.150929	0
9.717551	0.174150	0
9.891701	0.104489	0
9.996190	0.487619	65
10.483809	0.290250	69
10.774059	0.139319	0
10.913379	0.301860	60
11.215239	0.150929	65
11.366168	0.301859	65
11.668027	0.139320	0
11.807347	0.313469	68
12.120816	0.185760	69
12.306576	0.116100	68
12.422676	0.464398	68
12.887074	0.290250	0
13.177324	0.127709	0
13.305034	0.429569	0
13.734603	0.197370	0
13.931973	0.104490	0
14.036463	0.116099	0
14.152562	0.325080	0
14.477642	0.301859	71
14.779501	0.464399	71
15.243900	0.034830	0
15.278730	0.267029	0
15.545759	0.534060	0
16.079819	0.220589	72
16.300407	0.232201	72
16.532608	0.220589	72
16.753197	0.081270	72
16.834467	0.301859	72
17.136326	0.348301	72
17.484627	0.104488	72
17.589115	0.417959	70
18.007074	0.417959	0
18.425034	0.476009	0
18.901043	0.301859	73
19.202902	0.301861	71
19.504763	0.441179	70
19.945942	0.441177	70
20.387119	0.893969	69
21.281088	0.592110	70
21.873198	0.905579	69
22.778776	0.417959	62
23.196735	0.452789	64
23.649525	0.325079	68
23.974604	0.290249	70
24.264853	0.928799	70
25.193651	0.684988	70
25.878639	0.174150	61
26.052790	0.301859	69
26.354649	0.290249	77
26.644897	1.160997	78
27.805895	1.102949	74
28.908844	0.568888	78
29.477732	0.243811	0
29.721542	0.267029	78
29.988571	0.267029	77
30.255600	0.267031	71
30.522631	0.243809	74
30.766439	0.267031	74
31.033470	0.255419	75
31.288889	0.255419	68
31.544308	0.255421	67
31.799728	0.243809	65
32.043537	0.255421	65
32.298958	0.185760	64
32.484718	0.557278	66
33.041996	0.487617	75
33.529613	0.510841	70
34.040455	0.255417	69
34.295872	0.232201	69
34.528072	0.243809	69
34.771881	0.255421	80
35.027302	0.255421	59
35.282722	0.232197	73
35.514919	0.487621	70
36.002541	0.255417	78
36.257957	0.232201	71
36.490158	0.499229	70
36.989388	0.255421	0
37.244808	0.243809	69
37.488617	0.243809	70
37.732426	0.255421	72
37.987846	0.243809	68
38.231655	0.232201	0
38.463856	0.499229	70
38.963085	0.267029	69
39.230114	0.220589	70
39.450703	0.255421	73
39.706123	0.139320	68
39.845444	0.104488	68
39.949932	0.243809	68
40.193741	0.255421	67
40.449162	0.255421	68
40.704582	0.104488	0
40.809071	0.116100	66
40.925171	0.162540	68
41.087711	0.313469	68
41.401180	0.208977	66
41.610157	0.127712	71
41.737869	0.162540	76
41.900410	0.232197	71
42.132607	0.255421	68
42.388027	0.243809	69
42.631836	0.232201	65
42.864037	0.174149	69
43.038185	0.313469	68
43.351654	0.278641	69
43.630295	0.081268	71
43.711563	0.127712	68
43.839275	0.243809	73
44.083084	0.220589	76
44.303673	0.255421	0
44.559093	0.243809	0
44.802902	0.185760	68
44.988663	0.301857	68
45.290520	0.208981	68
45.499500	0.162540	69
45.662041	0.127708	69
45.789749	0.197372	69
45.987122	0.162537	68
46.149658	0.116100	70
46.265759	0.243809	70
46.509567	0.232201	67
46.741768	0.255421	68
46.997189	0.243809	68
47.240997	0.232201	67
47.473198	0.127708	68
47.600906	0.127712	67
47.728619	0.232197	67
47.960815	0.220589	68
48.181404	0.267033	69
48.448437	0.580498	74
49.028934	0.116100	79
49.145035	0.394737	80
49.539772	0.104492	75
49.644264	0.243809	74
49.888073	0.243809	69
50.131882	0.255421	66
50.387302	0.232201	67
50.619503	0.499226	75
51.118729	0.220592	72
51.339321	0.255417	76
51.594738	0.255421	80
51.850159	0.162540	79
52.012699	0.069660	69
52.082359	0.243809	71
52.326168	0.255421	66
52.581589	0.243809	72
52.825397	0.243809	63
53.069206	0.243809	74
53.313015	0.255421	75
53.568436	0.255421	77
53.823856	0.232197	77
54.056053	0.255421	83
54.311474	0.232201	80
54.543674	0.232197	74
54.775871	0.208981	74
54.984852	0.301861	76
55.286713	0.116100	74
55.402813	0.104488	81
55.507301	0.243809	81
55.751110	0.232201	73
55.983311	0.267029	63
56.250340	0.127712	79
56.378052	0.127708	79
56.505760	0.510838	76
57.016598	0.452789	76
57.469387	0.267029	70
57.736416	0.220592	71
57.957008	0.278637	71
58.235645	0.243809	70
58.479454	0.476009	68
58.955463	0.499229	70
59.454693	0.476009	73
59.930702	0.510841	75
60.441544	0.487617	74
60.929161	0.278641	77
61.207802	0.092880	80
61.300682	0.139317	80
61.439999	0.139320	79
61.579319	0.104492	80
61.683811	0.139317	80
61.823128	0.104492	80
61.927620	0.255417	80
62.183037	0.127712	80
62.310749	0.092880	80
62.403629	0.116100	0
62.519730	0.162537	0
62.682266	0.092880	70
62.775146	0.127712	73
62.902859	0.348297	74
63.251156	0.139320	69
63.390476	0.255421	70
63.645897	0.127708	71
63.773605	0.092880	68
63.866486	0.476006	68
64.342491	0.255424	0
64.597916	0.139320	70
64.737236	0.104485	67
64.841721	0.359909	56
65.201630	0.116104	0
65.317734	0.220589	0
65.538322	0.278641	69
65.816963	0.452789	69
66.269753	0.162537	75
66.432289	0.220589	72
66.652878	0.406349	70
67.059227	0.058052	76
67.117279	0.371521	76
67.488800	0.255417	70
67.744217	0.243813	69
67.988029	0.243805	0
68.231834	0.255424	68
68.487259	0.243805	68
68.731064	0.267029	69
68.998093	0.208984	70
69.207077	0.197365	70
69.404442	0.290253	68
69.694695	0.243813	69
69.938507	0.197365	0
70.135872	0.208984	71
70.344856	0.162537	70
70.507393	0.150932	68
70.658325	0.185753	67
70.844078	0.232201	66
71.076279	0.301865	67
71.378143	0.232201	0
71.610344	0.255417	0
71.865761	0.208977	0
72.074738	0.255424	63
72.330162	0.243805	68
72.573967	0.243813	69
72.817780	0.034828	67
72.852608	0.208977	68
73.061584	0.232201	70
73.293785	0.150932	69
73.444717	0.127708	70
73.572426	0.197372	70
73.769798	0.278641	70
74.048439	0.220589	71
74.269028	0.139320	68
74.408348	0.127708	68
74.536057	0.336685	67
74.872742	0.139320	68
75.012062	0.232201	68
75.244263	0.232201	70
75.476463	0.267029	66
75.743492	0.232201	62
75.975693	0.336685	73
76.312378	0.162544	77
76.474922	0.464401	76
76.939323	0.267029	74
77.206352	0.232193	0
77.438545	0.487625	0
77.926170	0.255417	74
78.181587	0.232201	75
78.413788	0.255417	78
78.669205	0.208984	75
78.878189	0.267029	76
79.145218	0.243805	0
79.389023	0.243813	0
79.632835	0.243805	0
79.876640	0.232201	63
80.108841	0.208984	63
80.317825	0.417953	0
80.735779	0.104492	76
80.840271	0.220589	78
81.060860	0.267029	74
81.327888	0.220589	75
81.548477	0.267036	72
81.815514	0.232193	79
82.047707	0.232201	75
82.279907	0.267029	75
82.546936	0.139320	58
82.686256	0.104492	58
82.790749	0.243813	74
83.034561	0.243805	69
83.278366	0.371521	74
83.649887	0.127708	66
83.777596	0.278641	66
84.056236	0.208977	70
84.265213	0.441185	69
84.706398	0.278633	72
84.985031	0.174156	74
85.159187	0.313469	67
85.472656	0.255417	70
85.728073	0.487617	67
86.215691	0.278641	67
86.494331	0.104492	67
86.598824	0.116096	68
86.714920	0.255417	67
86.970337	0.232201	66
87.202538	0.255424	70
87.457962	0.220589	73
87.678551	0.383125	76
88.061676	0.127708	68
88.189384	0.476013	69
88.665398	0.232201	69
88.897598	0.116096	68
89.013695	0.150932	68
89.164627	0.452789	68
89.617416	0.255417	60
89.872833	0.208984	67
90.081818	0.301857	68
90.383675	0.232201	67
90.615875	0.116096	0
90.731972	0.127708	70
90.859680	0.232201	68
91.091881	0.476013	69
91.567894	0.255417	58
91.823311	0.220589	0
92.043900	0.499229	69
92.543129	0.232201	0
92.775330	0.150932	0
92.926262	0.116096	68
93.042358	0.452789	69
93.495148	0.371521	71
93.866669	0.092880	69
93.959549	0.290245	66
94.249794	0.371521	65
94.621315	0.104492	72
94.725807	0.232201	71
94.958008	0.487617	75
95.445625	0.243805	67
95.689430	0.278641	66
95.968071	0.476013	69
96.444084	0.243805	71
96.687889	0.243813	67
96.931702	0.243805	66
97.175507	0.267036	69
97.442543	0.243805	67
97.686348	0.243813	68
97.930161	0.487617	68
98.417778	0.243813	66
98.661591	0.267029	66
98.928619	0.487617	70
99.416237	0.220589	68
99.636826	0.267029	66
99.903854	0.510841	68
100.414696	0.255417	72
100.670113	0.255417	66
100.925529	0.232201	68
101.157730	0.243813	73
101.401543	0.510841	70
101.912384	0.487617	69
102.400002	0.243805	73
102.643806	0.232201	78
102.876007	0.870750	77
103.746758	0.116096	82
103.862854	0.232201	84
104.095055	0.267029	84
104.362083	0.255424	84
104.617508	0.220589	84
104.838097	0.034828	82
104.872925	0.998459	81
105.871384	0.278641	80
106.150024	0.116096	78
106.266121	0.104492	79
106.370613	0.255417	84
106.626030	0.232201	85
106.858231	0.499229	83
107.357460	0.232201	74
107.589661	0.255417	72
107.845078	0.243813	77
108.088890	0.267029	80
108.355919	0.476006	85
108.831924	0.150932	82
108.982857	0.348297	76
109.331154	0.487625	72
109.818779	0.499222	75
110.318001	0.243813	77
110.561813	0.255417	76
110.817230	0.243813	76
111.061043	0.116096	78
111.177139	0.116104	75
111.293243	0.232201	76
111.525444	0.208977	68
111.734421	0.743042	70
112.477463	0.243805	68
112.721268	0.197372	69
112.918640	0.267029	65
113.185669	0.290253	66
113.475922	0.208977	68
113.684898	0.336685	67
114.021584	0.139320	68
114.160904	0.487625	66
114.648529	0.255417	0
114.903946	0.220589	65
115.124535	0.243813	65
115.368347	0.150925	68
115.519272	0.116104	67
115.635376	0.197365	67
115.832741	0.243813	68
116.076553	0.267029	70
116.343582	0.116104	68
116.459686	0.116096	69
116.575783	0.348297	70
116.924080	0.104492	0
117.028572	0.278641	66
117.307213	0.197365	68
117.504578	0.429573	70
117.934151	0.092880	73
118.027031	0.371521	73
118.398552	0.116096	73
118.514648	0.243813	72
118.758461	0.383125	73
119.141586	0.208984	75
119.350571	0.104485	73
119.455055	0.278641	75
119.733696	0.208977	77
119.942673	0.487625	82
120.430298	0.255417	0
120.685715	0.162537	0
120.848251	0.069664	0
120.917915	0.441177	75
121.359093	0.534058	75
121.893150	0.476013	74
122.369164	0.255417	0
122.624580	0.220589	80
122.845169	0.255417	78
123.100586	0.232201	76
123.332787	0.255424	78
123.588211	0.220589	75
123.808800	0.243805	78
124.052605	0.150932	75
124.203537	0.104492	0
124.308029	0.220589	78
124.528618	0.243805	71
124.772423	0.232201	76
125.004623	0.208984	82
125.213608	0.301857	71
125.515465	0.243813	77
125.759277	0.487617	74
126.246895	0.185760	79
126.432655	0.174149	79
126.606804	0.150932	79
126.757736	0.278633	78
127.036369	0.208984	75
127.245354	0.464394	73
127.709747	0.267036	69
127.976784	0.220589	69
128.197372	0.267029	72
128.464401	0.255417	70
128.719818	0.452789	76
129.172607	0.267029	80
129.439636	0.232193	75
129.671829	0.290253	75
129.962082	0.197372	75
130.159454	0.952026	76
131.111481	0.046432	79
131.157913	0.232193	80
131.390106	0.116104	80
131.506210	0.116104	80
131.622314	0.162537	80
131.784851	0.092880	80
131.877731	0.150925	80
132.028656	0.116104	80
132.144760	0.255417	80
132.400177	0.127716	80
132.527893	0.116104	81
132.643997	0.255417	88
132.899414	0.197372	91
133.096786	0.325073	0
133.421860	0.197372	80
133.619232	0.116104	82
133.735336	0.127701	84
133.863037	0.232208	0
134.095245	0.475998	0
134.571243	0.255417	83
134.826660	0.232208	83
135.058868	0.383133	77
135.442001	0.116089	75
135.558090	0.232208	0
135.790298	0.243805	0
136.034103	0.406357	68
136.440460	0.081268	70
136.521729	0.371521	77
136.893250	0.267029	80
137.160278	0.464386	71
137.624664	0.359909	75
137.984573	0.220596	69
138.205170	0.267029	73
138.472198	0.510834	76
138.983032	0.522461	74
139.505493	0.220581	0
139.726074	0.267029	70
139.993103	0.487625	69
140.480728	0.510834	72
140.991562	0.267029	66
141.258591	0.220596	66
141.479187	0.243805	66
141.722992	0.255417	66
141.978409	0.464401	66
142.442810	0.534058	72
142.976868	0.487625	65
143.464493	0.255417	65
143.719910	0.243805	63
143.963715	0.476013	68
144.439728	0.522446	54
144.962173	0.243820	63
145.205994	0.232193	66
145.438187	0.255417	66
145.693604	0.243805	67
145.937408	0.255432	66
146.192841	0.232193	66
146.425034	0.510834	65
146.935867	0.487625	64
147.423492	0.255417	65
147.678909	0.278641	66
147.957550	0.452789	70
148.410339	0.487625	67
148.897964	0.383118	65
149.281082	0.348312	63
149.629395	0.081268	61
149.710663	0.162537	61
149.873199	0.487610	65
150.360809	0.476013	69
150.836823	0.499237	60
151.336060	0.267029	56
151.603088	0.208969	62
151.812057	0.325089	72
152.137146	0.626938	71
152.764084	0.243805	73
153.007889	0.243805	73
153.251694	0.325089	69
153.576782	0.127701	80
153.704483	0.441193	76
154.145676	0.534058	70
154.679733	0.243805	69
154.923538	0.243805	70
155.167343	0.278641	74
155.445984	0.232208	79
155.678192	0.417953	78
156.096146	0.510834	70
156.606979	0.243820	71
156.850800	0.232193	73
157.082993	0.290253	73
157.373245	0.638550	64
158.011795	0.301849	68
158.313644	0.232208	68
158.545853	0.243805	69
158.789658	0.243805	70
159.033463	0.220596	71
159.254059	0.220596	72
159.474655	0.267029	72
159.741684	0.185760	73
159.927444	0.046432	74
159.973877	0.510834	74
160.484711	0.487625	75
160.972336	0.208984	74
161.181320	0.046432	75
161.227753	0.232208	74
161.459961	0.232193	74
161.692154	0.766266	74
162.458420	0.487610	75
162.946030	0.487625	74
163.433655	0.998459	73
164.432114	0.499222	81
164.931335	0.464401	80
165.395737	0.986847	78
166.382584	0.267029	75
166.649612	0.220596	73
166.870209	0.475998	73
167.346207	0.499237	69
167.845444	0.522446	78
168.367889	0.243805	79
168.611694	0.232208	80
168.843903	0.267029	78
169.110931	0.243805	79
169.354736	0.255417	78
169.610153	0.476013	77
170.086166	0.255417	77
170.341583	0.243820	77
170.585403	0.243805	77
170.829208	0.243805	74
171.073013	0.243805	77
171.316818	0.255432	77
171.572250	0.243805	79
171.816055	0.499222	76
172.315277	0.255432	76
172.570709	0.174149	75
172.744858	0.069656	75
172.814514	0.232193	75
173.046707	0.255417	78
173.302124	0.267044	77
173.569168	0.464386	77
174.033554	0.255432	75
174.288986	0.243805	72
174.532791	0.232193	79
174.764984	0.267029	77
175.032013	0.255432	75
175.287445	0.487610	76
175.775055	0.255417	77
176.030472	0.243820	78
176.274292	0.487610	78
176.761902	0.255417	78
177.017319	0.232208	73
177.249527	0.255417	79
177.504944	0.510834	77
178.015778	0.220596	78
178.236374	0.255417	83
178.491791	0.174149	79
178.665939	0.058044	75
178.723984	0.243820	77
178.967804	0.232193	75
179.199997	0.197372	75
179.397369	0.081268	75
179.478638	0.476013	74
179.954651	0.243805	74
180.198456	0.499237	74
180.697693	0.243805	77
180.941498	0.255417	79
181.196915	0.487625	81
181.684540	0.243805	77
181.928345	0.243805	75
182.172150	0.499237	74
182.671387	0.243805	73
182.915192	0.476013	77
183.391205	0.464401	84
183.855606	0.243805	85
184.099411	0.487625	75
184.587036	0.255417	76
184.842453	0.255417	77
185.097870	0.243805	73
185.341675	0.232208	72
185.573883	0.499222	77
186.073105	0.487625	77
186.560730	0.243805	77
186.804535	0.232193	77
187.036728	0.255432	75
187.292160	0.475998	74
187.768158	0.243820	74
188.011978	0.487610	74
188.499588	0.243820	80
188.743408	0.220581	81
188.963989	0.290253	80
189.254242	0.185760	80
189.440002	0.278641	80
189.718643	0.232193	79
189.950836	0.255417	78
190.206253	0.255432	80
190.461685	0.232193	82
190.693878	0.232193	81
190.926071	0.243820	79
191.169891	0.499222	79
191.669113	0.243805	79
191.912918	0.476013	78
192.388931	0.255417	79
192.644348	0.243820	79
192.888168	0.243805	77
193.131973	0.232193	79
193.364166	0.232208	80
193.596375	0.232193	79
193.828568	0.487625	77
194.316193	0.476013	77
194.792206	0.464386	76
195.256592	0.731430	72
195.988022	0.220596	72
196.208618	0.255417	72
196.464035	0.243805	72
196.707840	0.243820	72
196.951660	0.232193	72
197.183853	0.220596	72
197.404449	0.255417	72
197.659866	0.232193	72
197.892059	0.255417	72
198.147476	0.232208	65
198.379684	0.243805	60
198.623489	0.232208	57
198.855698	0.232193	63
199.087891	0.452789	77
199.540680	0.348297	77
199.888977	0.568893	77
200.457870	0.487610	55
200.945480	0.232208	58
201.177689	0.208984	70
201.386673	0.917175	71
202.303848	0.104492	69
202.408340	0.116104	0
202.524445	0.104492	0
202.628937	0.127701	0
202.756638	0.476013	70
203.232651	0.348297	54
203.580948	0.348297	52
203.929245	0.116104	52
204.045349	0.092880	56
204.138229	0.243805	57
204.382034	0.127716	0
204.509750	0.104492	50
204.614243	0.243805	52
204.858047	0.116104	0
204.974152	0.104492	0
205.078644	0.232193	54
205.310837	0.116104	54
205.426941	0.116104	51
205.543045	0.116089	55
205.659134	0.116104	56
205.775238	0.116104	53
205.891342	0.104492	54
205.995834	0.243805	51
206.239639	0.069656	0
206.309296	0.150925	0
206.460220	0.243820	77
206.704041	0.104492	0
206.808533	0.116089	0
206.924622	0.336700	82
207.261322	0.127701	82
207.389023	0.116104	82
207.505127	0.127701	82
207.632828	0.116104	81
207.748932	0.092880	81
207.841812	0.220596	81
208.062408	0.232193	81
208.294601	0.139328	0
208.433929	0.116089	0
208.550018	0.104492	0
208.654510	0.116104	0
208.770615	0.348297	0
209.118912	0.127716	0
209.246628	0.127701	0
209.374329	0.220596	0
209.594925	0.104492	74
209.699417	0.348297	76
210.047714	0.116089	77
210.163803	0.359909	77
210.523712	0.116104	59
210.639816	0.359909	57
210.999725	0.255417	56
211.255142	0.208984	55
211.464127	0.104492	54
211.568619	0.255417	54
211.824036	0.116104	53
211.940140	0.116089	55
212.056229	0.255432	51
212.311661	0.116089	51
212.427750	0.104492	50
212.532242	0.359909	65
212.892151	0.104492	69
212.996643	0.139328	69
213.135971	0.232193	71
213.368164	0.104492	69
213.472656	0.359909	74
213.832565	0.092880	73
213.925446	0.359909	72
214.285355	0.116104	71
214.401459	0.348297	70
214.749756	0.232193	71
214.981949	0.243805	75
215.225754	0.092880	77
215.318634	0.232208	65
215.550842	0.232193	68
215.783035	0.371521	75
216.154556	0.104492	0
216.259048	0.348297	74
216.607346	0.243805	77
216.851151	0.127716	72
216.978867	0.208984	75
217.187851	0.475998	78
217.663849	0.139328	79
217.803177	0.185760	72
217.988937	0.592102	72
218.581039	0.476013	74
219.057053	0.232193	74
219.289246	0.139328	68
219.428574	0.092880	75
219.521454	0.243805	77
219.765259	0.185760	79
219.951019	0.383133	72
220.334152	0.185760	72
220.519913	0.406342	73
220.926254	0.243820	74
221.170074	0.232193	71
221.402267	0.197372	75
221.599640	0.290253	72
221.889893	0.777863	76
222.667755	0.255417	72
222.923172	0.220596	72
223.143768	1.602173	73
224.745941	0.255417	73
225.001358	0.232208	71
225.233566	0.975235	69
226.208801	0.476013	70
226.684814	0.475998	71
227.160812	0.487625	72
227.648438	0.476013	73
228.124451	0.475998	71
228.600449	0.197372	70
228.797821	0.127716	69
228.925537	0.185760	72
229.111298	0.475998	72
229.587296	0.441193	70
230.028488	0.278625	74
230.307114	0.197372	75
230.504486	0.255417	72
230.759903	0.267029	74
231.026932	0.464401	73
231.491333	0.255417	75
231.746750	0.243820	72
231.990570	0.267029	73
232.257599	0.174149	72
232.431747	0.522446	72
232.954193	0.452789	73
233.406982	0.406357	74
233.813339	0.116089	73
233.929428	0.232208	73
234.161636	0.255417	73
234.417053	0.220581	73
234.637634	0.104492	73
234.742126	0.162552	73
234.904678	0.499222	73
235.403900	0.313477	76
235.717377	0.162537	72
235.879913	0.255417	70
236.135330	0.185760	68
236.321091	0.232193	68
236.553284	0.139328	66
236.692612	0.139313	68
236.831924	0.336685	69
237.168610	0.162552	70
237.331161	0.452789	72
237.783951	0.267029	71
238.050980	0.208969	69
238.259949	0.267029	72
238.526978	0.255432	70
238.782410	0.452789	68
239.235199	0.359909	74
239.595108	0.150925	68
239.746033	0.255417	71
240.001450	0.220596	76
240.222046	0.243805	72
240.465851	0.255417	73
240.721268	0.487625	73
241.208893	0.475998	68
241.684891	0.255432	73
241.940323	0.127701	70
242.068024	0.116104	68
242.184128	0.464401	71
242.648529	0.208969	74
242.857498	0.185760	70
243.043259	0.092880	69
243.136139	0.208984	68
243.345123	0.162537	75
243.507660	0.034836	74
243.542496	0.534058	71
244.076553	0.243805	70
244.320358	0.116104	66
244.436462	0.127716	68
244.564178	0.336685	67
244.900864	0.162537	66
245.063400	0.441177	72
245.504578	0.255417	72
245.759995	0.208984	73
245.968979	0.278641	73
246.247620	0.255417	70
246.503036	0.464401	68
246.967438	0.464401	71
247.431839	0.476013	70
247.907852	0.255417	75
248.163269	0.243805	75
248.407074	0.476013	71
248.883087	0.267029	70
249.150116	0.127701	68
249.277817	0.104492	68
249.382309	0.162537	68
249.544846	0.081284	68
249.626129	0.127701	68
249.753830	0.104492	68
249.858322	0.139313	68
249.997635	0.092880	68
250.090515	0.232208	69
250.322723	0.255417	70
250.578140	0.220596	75
250.798737	0.313461	71
251.112198	0.174149	70
251.286346	0.267029	72
251.553375	0.208984	71
251.762360	0.197372	78
251.959732	0.139313	79
252.099045	0.116104	0
252.215149	0.510834	77
252.725983	0.464401	76
253.190384	0.476013	78
253.666397	0.952011	77
254.618408	0.232208	77
254.850616	0.243805	79
255.094421	0.441177	77
255.535599	0.522446	75
256.058044	0.325073	74
256.383118	0.208984	75
256.592102	0.127716	72
256.719818	0.452789	72
257.172607	0.394745	71
257.567352	0.696594	72
258.263947	0.255432	72
258.519379	0.371490	71
258.890869	0.394745	69
259.285614	0.197388	71
259.483002	0.232178	72
259.715179	16.738708	67
