1.973696	0.243810	0
2.217506	0.510839	0
2.728345	0.557279	0
3.285624	0.301859	0
3.587483	0.243810	0
3.831293	0.545669	0
4.376961	0.150930	0
4.527891	0.139320	0
4.667211	0.255419	0
4.922630	0.557279	0
5.479909	0.278639	0
5.758549	0.267029	0
6.025578	0.545669	0
6.571247	0.243810	0
6.815057	0.278639	0
7.093696	0.545669	0
7.639365	0.255419	0
7.894784	0.267029	0
8.161814	0.278640	0
8.440454	0.255420	0
8.695873	0.139319	0
8.835193	0.162539	0
8.997732	0.243810	0
9.241542	0.301860	0
9.543402	0.255419	0
9.798820	0.278640	0
10.077460	0.185760	0
10.263220	0.069660	0
10.332880	0.278639	0
10.611519	0.267030	0
10.878549	0.278640	0
11.157188	0.255420	0
11.412608	0.278639	0
11.691247	0.267030	0
11.958277	0.267030	0
12.225307	0.267029	0
12.492335	0.278640	0
12.770975	0.278640	0
13.049615	0.116099	0
13.165714	0.150929	0
13.316644	0.267030	0
13.583673	0.267030	0
13.850703	0.267029	0
14.117732	0.278640	0
14.396372	0.267030	0
14.663402	0.278639	0
14.942040	0.278640	0
15.220680	0.267030	0
15.487710	0.278639	0
15.766349	0.545669	0
16.312017	0.255421	0
16.567438	0.278639	0
16.846077	0.278639	0
17.124716	0.243811	0
17.368526	0.127708	0
17.496235	0.162540	0
17.658775	0.255419	0
17.914194	0.290251	0
18.204445	0.267029	0
18.471474	0.267029	0
18.738503	0.197371	0
18.935873	0.220589	0
19.156462	0.371521	59
19.527983	0.325079	60
19.853062	0.220589	59
20.073650	0.267031	47
20.340681	0.568888	47
20.909569	0.104490	46
21.014059	0.708208	50
21.722267	0.127710	0
21.849977	0.127710	0
21.977688	0.267029	0
22.244717	0.278639	0
22.523355	0.267031	0
22.790386	0.255419	0
23.045805	0.220589	0
23.266394	0.220591	52
23.486984	0.325079	52
23.812063	0.592110	54
24.404173	0.278639	0
24.682812	0.243809	0
24.926620	0.092880	0
25.019501	0.208981	63
25.228481	0.116098	63
25.344580	0.301861	65
25.646441	0.359909	64
26.006350	0.545668	61
26.552017	0.278641	0
26.830658	0.278639	0
27.109297	0.255421	0
27.364717	0.220589	0
27.585306	0.325079	57
27.910385	0.104490	57
28.014875	0.580500	48
28.595375	0.371519	48
28.966894	0.464397	48
29.431292	0.348301	46
29.779593	0.568888	50
30.348480	0.267031	0
30.615511	0.267029	0
30.882540	0.127710	0
31.010250	0.104488	0
31.114738	0.046440	0
31.161179	0.220591	0
31.381769	0.267029	0
31.648798	0.313469	52
31.962267	0.046442	52
32.008709	0.859138	53
32.867847	0.162537	51
33.030384	0.301861	51
33.332245	0.104488	51
33.436733	0.371521	53
33.808254	0.510838	52
34.319092	0.139320	50
34.458412	0.220589	48
34.679001	0.290253	0
34.969254	0.232197	0
35.201450	0.290249	0
35.491699	0.267033	0
35.758732	0.255417	0
36.014149	0.208981	0
36.223129	0.069660	0
36.292789	0.557278	48
36.850067	0.116100	48
36.966167	0.220589	48
37.186756	0.429569	48
37.616325	0.348301	48
37.964626	0.417957	46
38.382584	0.603722	61
38.986305	0.267029	0
39.253334	0.185760	0
39.439095	0.058048	0
39.497143	0.220589	0
39.717731	0.278641	0
39.996372	0.278641	57
40.275013	0.348297	63
40.623310	0.174149	65
40.797459	0.650162	65
41.447620	0.174149	0
41.621769	0.243809	0
41.865578	0.267029	63
42.132607	0.336689	64
42.469296	0.301861	51
42.771156	0.290249	63
43.061405	0.267029	60
43.328434	0.534061	0
43.862495	0.545670	0
44.408165	0.278637	0
44.686802	0.197369	0
44.884171	0.046440	0
44.930611	0.139320	0
45.069931	0.417961	59
45.487892	0.139320	60
45.627213	0.650158	59
46.277370	0.476009	59
46.753380	0.336689	58
47.090069	0.557278	61
47.647346	0.267029	0
47.914375	0.255421	0
48.169796	0.267029	0
48.436825	0.255421	0
48.692245	0.313469	60
49.005714	0.174149	63
49.179863	0.359909	53
49.539772	0.139320	65
49.679092	0.058052	65
49.737144	0.278637	66
50.015781	0.081272	49
50.097054	0.255417	50
50.352470	0.069660	0
50.422131	0.243809	0
50.665939	0.394741	52
51.060680	0.255421	51
51.316101	0.522449	51
51.838551	4.144760	50
55.983311	0.336689	60
56.320000	0.267029	60
56.587029	0.267029	60
56.854057	0.267033	60
57.121090	0.278637	60
57.399727	0.267029	60
57.666756	0.267033	55
57.933788	0.267029	58
58.200817	0.278637	57
58.479454	0.255421	55
58.734875	0.278641	51
59.013515	0.243809	51
59.257324	0.278641	57
59.535965	0.255417	58
59.791382	0.267033	52
60.058414	0.255417	57
60.313831	0.267029	58
60.580860	0.267033	53
60.847893	0.278637	51
61.126530	0.243809	57
61.370338	0.267033	58
61.637371	0.267029	58
61.904400	0.267029	53
62.171429	0.267029	56
62.438457	0.267029	56
62.705486	0.255421	59
62.960907	0.278641	60
63.239548	0.255417	63
63.494965	0.267033	63
63.761997	0.255421	63
64.017418	0.278633	62
64.296051	0.267036	63
64.563087	0.534058	62
65.097145	0.278641	60
65.375786	0.255417	60
65.631203	0.267029	59
65.898232	0.255417	55
66.153648	0.278641	59
66.432289	0.255417	58
66.687706	0.267036	58
66.954742	0.243805	58
67.198547	0.290253	58
67.488800	0.243805	58
67.732605	0.278641	58
68.011246	0.255424	58
68.266670	0.290245	53
68.556915	0.243813	58
68.800728	0.301857	58
69.102585	0.232201	58
69.334785	0.278641	58
69.613426	0.255417	58
69.868843	0.267029	58
70.135872	0.255417	58
70.391289	0.278641	0
70.669930	0.255424	58
70.925354	0.267029	63
71.192383	0.255417	61
71.447800	0.278641	59
71.726440	0.255417	63
71.981857	0.278641	63
72.260498	0.243813	63
72.504311	0.267029	63
72.771339	0.174149	63
72.945488	0.615326	60
73.560814	0.208984	59
73.769798	0.243805	59
74.013603	0.557281	59
74.570885	0.278641	47
74.849525	0.371521	60
75.221046	0.290245	0
75.511292	0.220589	0
75.731880	0.290253	0
76.022133	0.255417	58
76.277550	0.348297	53
76.625847	0.464401	51
77.090248	0.208984	58
77.299232	0.603714	65
77.902946	0.243813	67
78.146759	0.104485	58
78.251244	0.684990	63
78.936234	0.174149	64
79.110382	0.406349	57
79.516731	0.545670	58
80.062401	0.278641	60
80.341042	0.255424	60
80.596466	0.290245	60
80.886711	0.232201	60
81.118912	0.267029	59
81.385941	0.092880	57
81.478821	0.487617	58
81.966438	0.232201	59
82.198639	0.255417	60
82.454056	0.208984	0
82.663040	0.406349	60
83.069389	0.348297	59
83.417686	0.429573	57
83.847260	0.185753	57
84.033012	0.092880	0
84.125893	0.267029	52
84.392921	0.267036	51
84.659958	0.267029	50
84.926987	0.255417	0
85.182404	0.359909	56
85.542313	0.185760	54
85.728073	0.092880	58
85.820953	0.592110	57
86.413063	0.139320	52
86.552383	0.255417	51
86.807800	0.255417	54
87.063217	0.290253	54
87.353470	0.313469	52
87.666939	0.232201	52
87.899139	0.313469	63
88.212608	0.243813	56
88.456421	0.301857	57
88.758278	0.267029	62
89.025307	0.267029	60
89.292336	0.290253	60
89.582588	0.243805	60
89.826393	0.267029	0
90.093422	0.278641	60
90.372063	0.255417	60
90.627480	0.313477	60
90.940956	0.162537	60
91.103493	0.267029	60
91.370522	0.092880	59
91.463402	0.417961	60
91.881363	0.116096	70
91.997459	0.232201	60
92.229660	0.313469	58
92.543129	0.452789	57
92.995918	0.081268	59
93.077187	0.255424	63
93.332611	0.301857	51
93.634468	0.534058	51
94.168526	0.116096	51
94.284622	0.394745	54
94.679367	0.777870	54
95.457237	0.313469	51
95.770706	0.197365	51
95.968071	0.336693	52
96.304764	0.150925	53
96.455688	0.127716	53
96.583405	0.301857	57
96.885262	0.243813	51
97.129074	0.301857	58
97.430931	0.243805	57
97.674736	0.267036	56
97.941772	0.290245	59
98.232018	0.267029	59
98.499046	0.220589	60
98.719635	0.255424	63
98.975060	0.348297	61
99.323357	0.476006	60
99.799362	0.220589	60
100.019951	0.417961	60
100.437912	0.487617	57
100.925529	0.150932	58
101.076462	0.150932	58
101.227394	0.534058	58
101.761452	0.278641	58
102.040092	0.243805	58
102.283897	0.197372	54
102.481270	0.301857	56
102.783127	0.290253	63
103.073380	0.243805	65
103.317184	0.243813	65
103.560997	0.127708	67
103.688705	0.127708	66
103.816414	0.417961	65
104.234375	0.174149	58
104.408524	0.336693	62
104.745216	0.313469	65
105.058685	0.081268	65
105.139954	0.452789	60
105.592743	0.116104	55
105.708847	0.185753	59
105.894600	0.255424	62
106.150024	0.278641	60
106.428665	0.267029	63
106.695694	0.301857	63
106.997551	0.243813	60
107.241364	0.278633	57
107.519997	0.278641	63
107.798637	0.580498	63
108.379135	0.557281	64
108.936417	1.114555	66
110.050972	1.637009	67
111.687981	0.290253	0
111.978233	0.255417	0
112.233650	0.603722	58
112.837372	0.545670	70
113.383041	1.102943	56
114.485985	0.847527	47
115.333511	0.255424	46
115.588936	1.625397	0
117.214333	0.278641	0
117.492973	0.232193	0
117.725166	0.603722	65
118.328888	0.534058	65
118.862946	1.079727	66
119.942673	1.590569	67
121.533241	0.278641	0
121.811882	0.174149	0
121.986031	0.034828	0
122.020859	0.626945	70
122.647804	1.637001	70
124.284805	4.075104	65
128.359909	0.557281	60
128.917191	0.267029	63
129.184219	0.232193	67
129.416412	0.267029	67
129.683441	0.255432	67
129.938873	0.290237	67
130.229111	0.255417	59
130.484528	0.255432	65
130.739960	0.267029	62
131.006989	0.267029	66
131.274017	0.243805	58
131.517822	0.267029	58
131.784851	0.267029	58
132.051880	0.278641	64
132.330521	0.255417	58
132.585938	0.267029	58
132.852966	0.255417	58
133.108383	0.267029	66
133.375412	0.255432	58
133.630844	0.255417	58
133.886261	0.267029	58
134.153290	0.255417	55
134.408707	0.255417	55
134.664124	0.290253	56
134.954376	0.243805	62
135.198181	0.267029	63
135.465210	0.278641	63
135.743851	0.267029	62
136.010880	0.255417	61
136.266296	0.534073	62
136.800369	0.510834	63
137.311203	0.278641	65
137.589844	0.243805	70
137.833649	0.255417	70
138.089066	0.267029	58
138.356094	0.255432	60
138.611526	0.197357	58
138.808884	0.092880	58
138.901764	0.243820	58
139.145584	0.255417	58
139.401001	0.278641	54
139.679642	0.243805	58
139.923447	0.278641	58
140.202087	0.243805	58
140.445892	0.267029	52
140.712921	0.255417	54
140.968338	0.278641	51
141.246979	0.255432	54
141.502411	0.255417	52
141.757828	0.255417	58
142.013245	0.267029	58
142.280273	0.255417	58
142.535690	0.278641	55
142.814331	0.232193	58
143.046524	0.278641	62
143.325165	0.255432	59
143.580597	0.267029	59
143.847626	0.267029	62
144.114655	0.267029	62
144.381683	0.162537	60
144.544220	0.092880	60
144.637100	0.174149	62
144.811249	0.208984	63
145.020233	0.684982	60
145.705215	0.383133	60
146.088348	0.359909	60
146.448257	0.313461	57
146.761719	0.162552	47
146.924271	0.348297	50
147.272568	0.522446	52
147.795013	0.290253	50
148.085266	0.220581	0
148.305847	0.139328	51
148.445175	0.290237	51
148.735413	0.417969	51
149.153381	0.208984	57
149.362366	0.650146	55
150.012512	0.394745	59
150.407257	0.487625	53
150.894882	0.313461	0
151.208344	0.267029	60
151.475372	0.348297	60
151.823669	0.417969	60
152.241638	0.255417	62
152.497055	0.510834	62
153.007889	0.232208	55
153.240097	0.116089	62
153.356186	0.696609	60
154.052795	0.522446	60
154.575241	0.197372	60
154.772614	0.325073	58
155.097687	0.267029	58
155.364716	0.661774	54
156.026489	0.116089	0
156.142578	0.174164	0
156.316742	0.243805	58
156.560547	0.081268	58
156.641815	0.255417	58
156.897232	0.243805	58
157.141037	0.301865	62
157.442902	0.197372	62
157.640274	0.058044	58
157.698318	0.162537	58
157.860855	0.348312	55
158.209167	0.290237	63
158.499405	0.069672	58
158.569077	0.162537	58
158.731613	0.429565	63
159.161179	0.359909	64
159.521088	0.301865	64
159.822952	0.801086	67
160.624039	0.661774	63
161.285812	0.116089	0
161.401901	0.255417	55
161.657318	0.801102	66
162.458420	0.150925	60
162.609344	0.208984	0
162.818329	0.568878	60
163.387207	0.174149	59
163.561356	0.661774	61
164.223129	0.592102	63
164.815231	0.208984	58
165.024216	0.046448	58
165.070663	0.197357	58
165.268021	0.232208	58
165.500229	0.359909	51
165.860138	0.139313	51
165.999451	0.893967	52
166.893417	0.661774	51
167.555191	0.545670	53
168.100861	0.568893	52
168.669754	0.104492	63
168.774246	0.255417	63
169.029663	0.267029	63
169.296692	0.417953	0
169.714645	0.092880	0
169.807526	0.255417	57
170.062943	0.243820	63
170.306763	0.185760	61
170.492523	0.580490	60
171.073013	0.081268	60
171.154282	0.603729	60
171.758011	0.127701	58
171.885712	0.197372	59
172.083084	0.313477	58
172.396561	0.220581	58
172.617142	0.290253	58
172.907394	0.255417	58
173.162811	0.557281	60
173.720093	0.267029	63
173.987122	0.116104	62
174.103226	0.371521	60
174.474747	0.336685	66
174.811432	0.232193	67
175.043625	0.243820	64
175.287445	0.127701	58
175.415146	0.534058	59
175.949203	0.406357	64
176.355560	0.267029	68
176.622589	0.255417	64
176.878006	0.267029	61
177.145035	0.522446	62
177.667480	0.545670	61
178.213150	0.243805	60
178.456955	0.267029	63
178.723984	0.545670	63
179.269653	0.510849	65
179.780502	1.056503	66
180.837006	0.522446	66
181.359451	0.534058	69
181.893509	0.522461	67
182.415970	0.557266	68
182.973236	0.545670	70
183.518906	0.534058	71
184.052963	0.534073	70
184.587036	0.522446	69
185.109482	0.534058	65
185.643539	0.522446	65
186.165985	0.522446	64
186.688431	0.534058	65
187.222488	0.522461	64
187.744949	0.534058	64
188.279007	0.534058	66
188.813065	0.534058	69
189.347122	0.534058	66
189.881180	0.510834	67
190.392014	0.522461	67
190.914474	0.534058	67
191.448532	0.522446	67
191.970978	0.534058	67
192.505035	0.545670	69
193.050705	0.545670	71
193.596375	0.534058	70
194.130432	0.522446	69
194.652878	0.522446	65
195.175323	0.510849	65
195.686172	0.534058	64
196.220230	0.522446	65
196.742676	0.522446	64
197.265121	0.534058	65
197.799179	0.534058	64
198.333237	0.545670	65
198.878906	1.091339	67
199.970245	1.648621	67
201.618866	0.290253	0
201.909119	0.150925	0
202.060043	0.684998	69
202.745041	0.568878	70
203.313919	1.114563	69
204.428482	1.091339	65
205.519821	1.613785	52
207.133606	0.290253	0
207.423859	0.208969	0
207.632828	0.603729	63
208.236557	0.557281	72
208.793839	1.079727	67
209.873566	1.590561	67
211.464127	0.278641	0
211.742767	0.174149	0
211.916916	0.081268	67
211.998184	0.592117	69
212.590302	0.534058	71
213.124359	1.079727	70
214.204086	3.215958	65
217.420044	0.626938	63
218.046982	0.522446	62
218.569427	0.534058	70
219.103485	0.267029	64
219.370514	0.232208	67
219.602722	0.267029	67
219.869751	0.267029	68
220.136780	0.267029	68
220.403809	0.243805	70
220.647614	0.267029	70
220.914642	0.267029	70
221.181671	0.278641	68
221.460312	0.255432	59
221.715744	0.255417	66
221.971161	0.255417	66
222.226578	0.267029	67
222.493607	0.255417	66
222.749023	0.267029	70
223.016052	0.243805	69
223.259857	0.267029	67
223.526886	0.267044	70
223.793930	0.255417	69
224.049347	0.267029	69
224.316376	0.255417	63
224.571793	0.267029	58
224.838821	0.255417	63
225.094238	0.278641	63
225.372879	0.255417	63
225.628296	0.267029	63
225.895325	0.267029	63
226.162354	0.255417	60
226.417770	0.255432	60
226.673203	0.812698	66
227.485901	0.243805	67
227.729706	0.243805	67
227.973511	0.290253	68
228.263763	0.267029	70
228.530792	0.255417	68
228.786209	0.522446	70
229.308655	0.243820	70
229.552475	0.255417	70
229.807892	0.267029	70
230.074921	0.267029	68
230.341949	0.267029	68
230.608978	0.255417	67
230.864395	0.243820	68
231.108215	0.267029	70
231.375244	0.267029	70
231.642273	0.243805	65
231.886078	0.267029	58
232.153107	0.267029	58
232.420135	0.255417	58
232.675552	0.267029	58
232.942581	0.243820	66
233.186401	0.267029	63
233.453430	0.267029	63
233.720459	0.255417	61
233.975876	0.267029	62
234.242905	0.255417	63
234.498322	0.255417	63
234.753738	0.522446	63
235.276184	0.522461	62
235.798645	0.267029	61
236.065674	0.243805	60
236.309479	0.267029	68
236.576508	0.243805	68
236.820312	0.278641	67
237.098953	0.267029	67
237.365982	0.510849	68
237.876831	0.255417	67
238.132248	0.243805	63
238.376053	0.313477	67
238.689529	0.232193	67
238.921722	0.301865	62
239.223587	0.232193	58
239.455780	0.534058	60
239.989838	0.243820	61
240.233658	0.255417	60
240.489075	0.545670	59
241.034744	0.255417	57
241.290161	0.255417	62
241.545578	0.267029	64
241.812607	0.267029	60
242.079636	0.243805	59
242.323441	0.278641	61
242.602081	0.267029	62
242.869110	0.255432	60
243.124542	0.255417	63
243.379959	0.801086	66
244.181046	0.255417	60
244.436462	0.255417	60
244.691879	0.267029	65
244.958908	0.243820	68
245.202728	0.278625	67
245.481354	0.255432	67
245.736786	0.267029	70
246.003815	0.255417	70
246.259232	0.255417	70
246.514648	0.267029	70
246.781677	0.255417	70
247.037094	0.255417	70
247.292511	0.267029	67
247.559540	0.534073	63
248.093613	0.255417	70
248.349030	0.487610	70
248.836639	0.290253	70
249.126892	0.255417	71
249.382309	0.301865	69
249.684174	0.743042	64
250.427216	0.255417	63
250.682632	0.278641	63
250.961273	0.243805	63
251.205078	0.267029	63
251.472107	0.522446	63
251.994553	0.534058	64
252.528610	0.545670	61
253.074280	9.485352	54
262.559631	15.723877	0
