20.688980	0.185759	0
20.874739	0.394739	45
21.269478	0.278641	48
21.548119	0.267029	48
21.815147	0.243809	47
22.058956	0.092880	47
22.151836	0.638550	47
22.790386	0.185759	50
22.976145	2.298777	50
25.274921	0.336689	52
25.611610	1.416416	53
27.028027	0.290251	50
27.318277	0.406349	52
27.724627	0.406349	52
28.130976	1.764715	48
29.895691	0.278641	46
30.174332	0.116098	47
30.290430	0.452789	47
30.743219	0.185760	47
30.928980	0.383129	47
31.312109	0.824308	47
32.136417	1.729885	50
33.866302	0.220592	45
34.086895	0.232197	50
34.319092	0.174152	51
34.493244	0.243809	53
34.737053	0.859138	53
35.596191	0.255417	50
35.851608	0.557281	51
36.408890	0.371517	51
36.780407	0.162540	50
36.942947	2.020138	48
38.963085	0.603718	59
39.566803	0.116100	59
39.682903	0.290249	60
39.973152	0.406349	59
40.379501	0.394737	59
40.774239	0.452789	58
41.227028	1.718277	60
42.945305	0.243813	58
43.189117	0.580498	51
43.769615	1.102947	54
44.872562	0.092880	50
44.965443	0.499229	51
45.464672	0.301857	51
45.766529	0.139320	51
45.905849	2.147846	50
48.053696	0.185760	50
48.239456	0.162540	47
48.401997	0.232197	47
48.634193	0.197372	48
48.831566	0.104488	48
48.936054	0.522449	47
49.458504	0.476009	47
49.934513	0.359909	45
50.294422	1.718277	52
52.012699	0.267029	58
52.279728	0.208981	62
52.488708	0.336689	56
52.825397	0.580498	61
53.405895	0.267029	50
53.672924	0.290249	51
53.963173	0.394741	52
54.357914	0.278641	51
54.636555	0.487617	51
55.124172	0.139320	0
55.263493	4.318913	49
59.582405	0.557278	49
60.139683	0.301861	51
60.441544	0.243809	47
60.685352	0.290249	47
60.975601	0.255421	47
61.231022	0.487617	48
61.718639	0.069660	0
61.788300	0.267029	50
62.055328	0.243809	50
62.299137	0.313469	52
62.612606	0.220592	50
62.833199	0.336689	56
63.169888	0.208981	58
63.378868	0.325077	52
63.703945	0.278641	58
63.982586	0.499226	52
64.481812	0.592110	51
65.073921	0.278641	50
65.352562	0.232201	50
65.584763	0.034828	50
65.619591	0.301857	50
65.921448	0.127716	52
66.049164	0.116096	55
66.165260	0.534058	55
66.699318	0.313469	55
67.012787	0.208984	56
67.221771	0.313469	55
67.535240	0.255417	56
67.790657	0.534058	55
68.324715	0.545670	47
68.870384	0.301857	48
69.172241	0.267036	60
69.439278	0.499229	58
69.938507	0.046432	59
69.984940	0.301865	57
70.286804	0.243805	55
70.530609	0.534065	56
71.064674	0.301857	58
71.366531	0.197372	57
71.563904	0.336685	53
71.900589	0.220589	55
72.121178	0.301865	52
72.423042	0.267029	53
72.690071	0.313469	52
73.003540	0.197365	52
73.200905	0.278641	51
73.479546	0.255417	51
73.734962	0.313477	54
74.048439	0.208977	50
74.257416	0.336685	51
74.594101	0.232201	58
74.826302	0.325081	55
75.151382	0.232201	59
75.383583	0.290253	56
75.673836	0.243805	55
75.917641	0.325081	56
76.242722	0.220589	56
76.463310	0.487617	57
76.950928	0.615334	49
77.566261	0.232193	48
77.798454	0.058052	48
77.856506	0.185760	47
78.042267	0.081268	48
78.123535	0.557281	48
78.680817	0.290253	48
78.971069	0.267029	50
79.238098	0.325073	0
79.563171	0.208984	51
79.772156	0.545670	50
80.317825	0.325081	50
80.642906	0.232193	0
80.875099	0.278641	0
81.153740	0.220589	0
81.374329	0.580498	54
81.954826	0.301865	51
82.256691	0.255417	52
82.512108	0.522453	52
83.034561	0.464394	52
83.498955	0.116104	58
83.615059	0.290245	56
83.905304	0.267029	0
84.172333	0.278641	43
84.450974	0.243813	45
84.694786	0.534058	59
85.228844	0.301857	56
85.530701	0.116104	55
85.646805	0.150925	56
85.797729	0.557281	47
86.355011	0.267029	47
86.622040	0.185760	47
86.807800	0.092880	48
86.900681	0.417961	48
87.318642	0.081268	48
87.399910	0.208977	48
87.608887	0.348305	55
87.957191	0.232193	51
88.189384	0.325081	54
88.514465	0.278641	50
88.793106	0.267029	56
89.060135	0.267029	50
89.327164	0.278641	54
89.605804	0.278641	62
89.884445	0.104492	64
89.988937	0.185753	63
90.174690	0.383133	54
90.557823	0.139320	52
90.697144	0.267029	52
90.964172	0.255417	54
91.219589	0.313469	51
91.533058	0.162544	51
91.695602	0.034828	51
91.730431	0.313469	51
92.043900	0.290253	0
92.334152	0.278633	0
92.612785	0.267036	51
92.879822	0.313469	56
93.193291	0.232201	61
93.425491	0.534058	55
93.959549	0.267029	54
94.226578	0.267029	55
94.493607	0.255417	51
94.749023	0.313469	48
95.062492	0.139320	48
95.201813	0.301857	47
95.503670	0.092880	48
95.596550	0.383133	48
95.979683	0.139320	47
96.119003	0.301857	47
96.420860	0.255424	50
96.676285	0.510834	50
97.187119	0.301865	53
97.488983	0.290245	50
97.779228	0.417961	50
98.197189	0.104492	51
98.301682	0.197365	50
98.499046	0.359909	54
98.858955	0.534058	54
99.393013	0.278641	51
99.671654	0.243813	51
99.915466	0.464401	51
100.379868	0.092873	51
100.472740	0.301865	52
100.774605	0.267029	52
101.041634	0.255417	0
101.297050	0.278641	51
101.575691	0.534058	55
102.109749	0.545670	59
102.655418	0.278641	56
102.934059	0.267029	57
103.201088	0.359909	47
103.560997	0.197372	48
103.758369	0.255417	47
104.013786	0.278641	47
104.292427	0.394737	48
104.687164	0.150932	48
104.838097	0.278641	48
105.116737	0.162537	48
105.279274	0.092880	50
105.372154	0.313469	51
105.685623	0.232201	57
105.917824	0.267029	58
106.184853	0.290253	53
106.475105	0.255417	51
106.730522	0.243813	50
106.974335	0.545662	53
107.519997	0.476013	53
107.996010	0.359909	50
108.355919	0.197372	50
108.553291	0.336685	53
108.889977	0.255417	52
109.145393	0.313477	43
109.458870	0.255417	54
109.714287	0.301857	57
110.016144	0.232201	63
110.248344	0.290253	56
110.538597	0.197365	0
110.735962	0.058052	0
110.794014	0.301857	0
111.095871	0.208984	0
111.304855	0.313469	57
111.618324	0.255417	58
111.873741	0.557281	62
112.431023	0.568886	64
112.999908	0.696602	66
113.696510	0.568886	66
114.265396	0.812698	67
115.078094	0.290253	67
115.368347	1.137772	67
116.506119	0.603722	69
117.109840	0.568893	70
117.678734	0.870743	69
118.549477	0.278641	69
118.828117	1.288712	65
120.116829	1.126167	65
121.242996	1.160995	65
122.403992	0.592110	63
122.996101	0.568886	64
123.564987	1.277100	66
124.842087	0.812698	67
125.654785	0.325081	67
125.979866	1.160995	67
127.140862	0.592110	69
127.732971	0.603714	71
128.336685	1.149399	70
129.486084	4.446609	65
133.932693	0.267029	71
134.199722	0.267029	70
134.466751	0.243820	67
134.710571	0.058044	70
134.768616	0.232193	70
135.000809	0.278641	67
135.279449	0.243820	65
135.523270	0.290253	67
135.813522	0.243805	70
136.057327	0.278641	72
136.335968	0.255417	70
136.591385	0.290253	68
136.881638	0.243805	70
137.125443	0.278641	67
137.404083	0.255417	65
137.659500	0.301865	67
137.961365	0.243805	70
138.205170	0.290253	71
138.495422	0.255417	70
138.750839	0.290253	68
139.041092	0.243805	70
139.284897	0.313477	67
139.598373	0.185760	65
139.784134	0.325073	64
140.109207	0.255417	65
140.364624	0.487625	62
140.852249	0.325073	55
141.177322	0.197372	65
141.374695	0.046432	65
141.421127	0.522461	66
141.943588	0.510834	66
142.454422	0.568893	70
143.023315	0.290237	67
143.313553	0.232208	70
143.545761	0.301865	67
143.847626	0.243805	65
144.091431	0.301865	67
144.393295	0.232193	70
144.625488	0.290253	71
144.915741	0.197372	70
145.113113	0.325073	68
145.438187	0.220596	70
145.658783	0.301849	68
145.960632	0.208984	65
146.169617	0.348297	67
146.517914	0.220596	70
146.738510	0.290237	71
147.028748	0.243820	70
147.272568	0.290237	68
147.562805	0.220596	70
147.783401	0.301865	68
148.085266	0.255417	65
148.340683	0.278641	63
148.619324	0.255417	65
148.874741	0.534058	56
149.408798	0.522446	61
149.931244	0.267029	56
150.198273	0.267029	55
150.465302	0.545670	57
151.010971	0.534058	47
151.545029	0.371521	48
151.916550	0.174149	47
152.090698	0.232208	48
152.322906	0.325073	48
152.647980	0.278641	51
152.926620	0.243805	61
153.170425	0.534058	52
153.704483	0.301865	50
154.006348	0.232208	51
154.238556	0.278625	51
154.517181	0.232208	51
154.749390	0.336685	51
155.086075	0.255417	56
155.341492	0.499237	53
155.840729	0.255417	0
156.096146	0.278641	55
156.374786	0.522446	49
156.897232	0.464401	58
157.361633	0.116104	50
157.477737	0.522446	58
158.000183	0.278641	56
158.278824	0.243805	63
158.522629	0.568893	62
159.091522	0.267029	55
159.358551	0.278641	58
159.637192	0.441177	58
160.078369	0.092880	0
160.171249	0.510834	0
160.682083	0.267029	49
160.949112	0.278641	47
161.227753	0.325089	50
161.552841	0.232193	52
161.785034	0.522446	51
162.307480	0.545670	53
162.853149	0.301865	52
163.155014	0.243805	51
163.398819	0.313477	51
163.712296	0.232193	58
163.944489	0.534058	56
164.478546	0.336685	51
164.815231	0.220596	56
165.035828	0.406357	56
165.442184	0.127701	53
165.569885	0.278641	57
165.848526	0.092880	0
165.941406	0.185760	56
166.127167	0.197372	55
166.324539	0.336685	56
166.661224	0.255417	58
166.916641	0.267029	56
167.183670	0.510849	55
167.694519	0.290237	55
167.984756	0.092880	58
168.077637	0.615341	59
168.692978	0.116089	64
168.809067	0.197372	63
169.006439	0.348297	47
169.354736	0.510849	58
169.865585	0.290237	49
170.155823	0.243820	63
170.399643	0.278641	59
170.678284	0.267029	61
170.945312	0.267029	58
171.212341	0.278641	63
171.490982	0.232193	63
171.723175	0.243805	63
171.966980	0.336700	62
172.303680	0.185745	60
172.489426	0.081284	63
172.570709	0.510834	61
173.081543	0.290253	63
173.371796	0.243805	62
173.615601	0.406357	60
174.021957	0.150925	61
174.172882	0.394730	61
174.567612	0.127716	61
174.695328	0.278641	55
174.973969	0.220596	56
175.194565	0.534058	57
175.728622	0.522446	56
176.251068	0.290253	56
176.541321	0.255417	60
176.796738	0.220581	57
177.017319	0.348312	67
177.365631	0.267029	60
177.632660	0.255417	62
177.888077	0.429565	61
178.317642	0.081268	63
178.398911	0.290253	65
178.689163	0.278641	60
178.967804	0.185760	58
179.153564	0.313461	54
179.467026	0.290253	63
179.757278	0.255417	62
180.012695	0.290253	62
180.302948	0.127716	63
180.430664	0.116089	62
180.546753	0.255417	62
180.802170	0.243820	64
181.045990	0.383133	66
181.429123	0.150925	64
181.580048	0.267029	62
181.847076	0.174149	62
182.021225	0.116104	63
182.137329	0.383118	63
182.520447	0.150940	64
182.671387	0.255417	69
182.926804	0.255417	70
183.182220	0.267029	67
183.449249	0.267029	63
183.716278	0.510849	60
184.227127	0.278625	67
184.505753	0.243820	57
184.749573	0.301849	55
185.051422	0.243820	68
185.295242	0.534058	63
185.829300	0.534058	64
186.363358	0.522446	67
186.885803	0.499237	67
187.385040	0.034821	66
187.419861	0.476013	67
187.895874	0.534058	67
188.429932	0.545670	67
188.975601	0.545670	66
189.521271	0.545670	69
190.066940	0.545670	71
190.612610	0.522446	69
191.135056	0.557281	69
191.692337	0.510834	64
192.203171	0.522446	65
192.725616	0.534073	65
193.259689	0.534058	65
193.793747	0.499222	64
194.292969	0.522446	60
194.815414	0.568893	63
195.384308	0.522446	65
195.906754	0.522446	67
196.429199	0.534073	67
196.963272	0.510834	67
197.474106	0.510834	67
197.984940	0.534058	67
198.518997	0.522461	69
199.041458	0.568878	69
199.610336	0.534058	71
200.144394	0.359909	70
200.504303	0.162552	70
200.666855	0.568878	69
201.235733	0.534058	64
201.769791	0.510849	64
202.280640	0.499222	65
202.779861	0.510849	65
203.290710	0.545654	59
203.836365	0.522461	64
204.358826	0.568878	61
204.927704	0.557281	65
205.484985	0.975235	67
206.460220	0.301865	67
206.762085	1.137772	67
207.899857	1.126175	67
209.026031	0.615326	69
209.641357	0.638550	70
210.279907	0.545670	70
210.825577	0.359909	69
211.185486	0.243805	66
211.429291	1.265488	65
212.694778	1.904037	65
214.598816	0.290253	65
214.889069	0.626938	62
215.516006	0.557281	65
216.073288	1.253876	67
217.327164	1.010071	67
218.337234	0.162537	67
218.499771	1.126175	67
219.625946	0.603714	69
220.229660	0.615326	71
220.844986	0.673386	70
221.518372	0.232193	69
221.750565	0.220596	65
221.971161	3.297226	65
225.268387	0.510849	55
225.779236	0.499222	65
226.278458	0.104492	71
226.382950	0.278641	71
226.661591	0.220581	70
226.882172	0.301865	68
227.184036	0.255417	70
227.439453	0.290253	67
227.729706	0.232193	65
227.961899	0.290253	67
228.252151	0.150940	70
228.403091	0.104477	70
228.507568	0.278641	71
228.786209	0.232208	70
229.018417	0.301849	67
229.320267	0.243820	70
229.564087	0.278641	66
229.842728	0.220581	64
230.063309	0.034836	65
230.098145	0.278641	67
230.376785	0.150925	70
230.527710	0.116104	70
230.643814	0.255417	72
230.899231	0.255417	70
231.154648	0.278641	67
231.433289	0.267029	70
231.700317	0.267029	67
231.967346	0.255417	65
232.222763	0.278641	65
232.501404	0.150925	65
232.652328	0.104492	65
232.756821	0.278641	63
233.035461	0.232208	59
233.267670	0.290237	63
233.557907	0.255432	64
233.813339	0.267029	63
234.080368	0.255417	63
234.335785	0.278641	61
234.614426	0.150925	63
234.765350	0.104492	64
234.869843	0.301865	62
235.171707	0.220581	69
235.392288	0.290253	67
235.682541	0.232193	69
235.914734	0.301865	67
236.216599	0.243805	69
236.460403	0.290253	67
236.750656	0.139328	67
236.889984	0.104477	66
236.994461	0.278641	72
237.273102	0.255417	70
237.528519	0.278641	67
237.807159	0.255432	69
238.062592	0.278625	68
238.341217	0.255432	66
238.596649	0.278641	67
238.875290	0.162537	70
239.037827	0.104492	70
239.142319	0.267029	71
239.409348	0.232193	70
239.641541	0.301865	67
239.943405	0.255417	63
240.198822	0.290253	61
240.489075	0.243805	58
240.732880	0.267029	59
240.999908	0.150925	64
241.150833	0.116104	65
241.266937	0.267029	65
241.533966	0.243805	60
241.777771	0.278641	62
242.056412	0.255432	64
242.311844	0.267029	61
242.578873	0.255417	62
242.834290	0.278641	64
243.112930	0.139313	65
243.252243	0.116104	64
243.368347	0.278641	72
243.646988	0.243805	70
243.890793	0.278641	67
244.169434	0.255417	70
244.424850	0.290253	68
244.715103	0.243805	65
244.958908	0.278641	67
245.237549	0.162537	70
245.400085	0.092880	68
245.492966	0.267029	71
245.759995	0.255432	70
246.015427	0.278625	67
246.294052	0.232208	70
246.526260	0.301865	69
246.828125	0.232193	69
247.060318	0.290253	67
247.350571	0.150925	70
247.501495	0.092880	70
247.594376	0.267029	71
247.861404	0.208984	70
248.070389	0.046432	70
248.116821	0.267029	67
248.383850	0.255417	59
248.639267	0.290253	59
248.929520	0.232208	58
249.161728	0.278641	61
249.440369	0.150925	54
249.591293	0.092880	55
249.684174	0.278641	62
249.962814	0.243805	62
250.206619	0.278641	62
250.485260	0.243805	65
250.729065	0.267029	63
250.996094	0.243820	60
251.239914	0.278641	63
251.518555	0.150925	58
251.669479	0.104492	62
251.773972	0.301849	68
252.075821	0.232208	70
252.308029	0.278641	67
252.586670	0.243805	70
252.830475	0.301865	67
253.132339	0.232193	68
253.364532	0.290253	67
253.654785	0.232193	70
253.886978	0.290253	71
254.177231	0.243805	70
254.421036	0.278641	67
254.699677	0.255432	70
254.955109	0.278625	69
255.233734	0.243820	65
255.477554	0.278641	67
255.756195	0.150925	58
255.907120	0.104477	58
256.011597	0.267029	0
256.278625	0.243835	70
256.522461	0.290253	66
256.812714	0.220581	0
257.033295	0.313477	59
257.346771	0.220581	58
257.567352	0.290253	58
257.857605	0.267029	55
258.124634	0.278625	55
258.403259	0.220581	55
258.623840	0.301880	58
258.925720	0.255402	63
259.181122	0.243835	59
259.424957	0.267029	59
259.691986	0.278625	60
259.970612	0.162537	64
260.133148	0.116089	61
260.249237	0.557281	66
260.806519	0.615326	65
261.421844	1.033295	64
262.455139	0.139313	67
262.594452	0.116119	67
262.710571	0.220581	65
262.931152	0.174164	62
263.105316	0.116089	60
263.221405	0.116089	58
263.337494	0.139343	60
263.476837	0.267029	63
263.743866	0.116089	63
263.859955	0.139313	63
263.999268	2.136230	63
266.135498	1.102966	0
267.238464	0.406342	68
267.644806	0.801086	71
268.445892	0.534058	64
268.979950	0.545685	65
269.525635	1.102936	67
270.628571	1.636993	66
272.265564	0.301880	0
272.567444	0.150909	0
272.718353	0.684998	69
273.403351	0.545685	71
273.949036	1.137756	69
275.086792	1.079742	64
276.166534	1.613770	64
277.780304	0.290253	0
278.070557	0.220612	0
278.291168	0.603699	62
278.894867	0.557281	67
279.452148	1.068115	67
280.520264	1.590576	67
282.110840	0.278625	0
282.389465	0.162567	66
282.552032	0.092865	67
282.644897	0.592102	69
283.237000	0.545685	70
283.782684	1.068115	69
284.850800	3.250793	65
288.101593	0.592102	63
288.693695	0.522461	62
289.216156	0.534058	70
289.750214	0.267029	64
290.017242	0.243805	67
290.261047	0.255402	67
290.516449	0.267029	68
290.783478	0.267029	68
291.050507	0.255432	70
291.305939	0.267029	70
291.572968	0.255432	65
291.828400	0.290253	66
292.118652	0.243805	59
292.362457	0.255402	66
292.617859	0.255432	66
292.873291	0.278625	67
293.151917	0.243835	66
293.395752	0.267029	70
293.662781	0.243805	70
293.906586	0.267029	67
294.173615	0.278625	69
294.452240	0.255432	69
294.707672	0.255402	69
294.963074	0.255432	63
295.218506	0.267029	64
295.485535	0.267029	63
295.752563	0.267029	63
296.019592	0.255432	63
296.275024	0.267029	63
296.542053	0.522430	62
297.064484	0.812714	63
297.877197	0.255402	69
298.132599	2.799072	67
