0.638549	0.197370	60
0.835918	0.313469	60
1.149388	0.255419	60
1.404807	0.766259	59
2.171066	0.116100	63
2.287166	0.545669	63
2.832834	0.255419	60
3.088254	0.278640	60
3.366894	0.197370	59
3.564263	0.104490	58
3.668753	0.684989	60
4.353742	0.313469	63
4.667211	0.847528	65
5.514739	0.232200	58
5.746939	0.301859	59
6.048798	0.290249	62
6.339047	0.116100	64
6.455147	0.267030	64
6.722177	0.394739	64
7.116916	0.197370	63
7.314286	0.290249	60
7.604535	0.626939	62
8.231474	0.232200	60
8.463674	0.255420	60
8.719093	0.278639	56
8.997732	0.104490	58
9.102222	0.603719	60
9.705941	0.162539	60
9.868481	0.162539	60
10.031020	0.452789	59
10.483809	0.267030	58
10.750839	0.081269	58
10.832108	0.603719	62
11.435827	0.267030	59
11.702857	0.255420	60
11.958277	0.185760	59
12.144036	0.046440	58
12.190476	0.081269	58
12.271746	0.220590	59
12.492335	0.127710	57
12.620046	0.162539	58
12.782585	0.301859	64
13.084444	0.267030	61
13.351474	0.150929	65
13.502403	0.441179	66
13.943583	0.174150	59
14.117732	0.267030	62
14.384762	0.499229	63
14.883991	0.116099	63
15.000091	0.313470	64
15.313560	0.069659	64
15.383220	0.116100	62
15.499320	0.313469	60
15.812789	0.313470	59
16.126259	0.116100	59
16.242359	0.313469	61
16.555828	0.313469	63
16.869297	0.232199	60
17.101496	0.255421	60
17.356916	0.580498	59
17.937414	0.150930	60
18.088345	0.255419	59
18.343763	0.325081	60
18.668844	0.371519	59
19.040363	0.104488	56
19.144852	0.348301	57
19.493153	0.592108	62
20.085260	0.522449	60
20.607710	0.208979	59
20.816689	0.046440	58
20.863129	0.278641	59
21.141769	0.174149	57
21.315918	0.615330	61
21.931248	0.870749	65
22.801996	0.127708	58
22.929705	0.092880	58
23.022585	0.104490	62
23.127075	0.348299	64
23.475374	0.081270	63
23.556644	0.081270	64
23.637915	0.267029	64
23.904943	0.069660	64
23.974604	0.208979	63
24.183582	0.267031	60
24.450613	0.417959	59
24.868572	0.441179	62
25.309752	0.220589	63
25.530340	0.197369	60
25.727709	0.197371	60
25.925079	0.278639	59
26.203718	0.650160	59
26.853878	0.487619	60
27.341497	0.034828	59
27.376326	0.719820	58
28.096146	0.139318	58
28.235464	0.139320	61
28.374784	0.917189	62
29.291973	0.476009	58
29.767982	0.336689	58
30.104671	0.185759	58
30.290430	0.290251	65
30.580681	0.174149	65
30.754829	0.684990	65
31.439819	0.150928	58
31.590748	0.127710	58
31.718458	0.476007	64
32.194466	0.278641	65
32.473106	0.359909	64
32.833015	0.174149	64
33.007164	0.162540	64
33.169704	3.320454	61
36.490158	0.197369	0
36.687527	0.429569	60
37.117096	0.557281	60
37.674377	0.592110	64
38.266487	0.592106	60
38.858593	0.150932	60
39.009525	0.313469	61
39.322994	0.278637	62
39.601631	0.116100	63
39.717731	0.696598	63
40.414330	0.208981	63
40.623310	0.696598	63
41.319908	0.394741	66
41.714649	0.267029	65
41.981678	0.255421	67
42.237099	0.267029	67
42.504128	0.290249	66
42.794376	0.499229	67
43.293606	0.255421	65
43.549026	0.545666	64
44.094692	0.255421	67
44.350113	0.267029	67
44.617142	0.290249	67
44.907391	0.185760	67
45.093151	0.301861	64
45.395012	0.301857	60
45.696869	0.267033	60
45.963902	0.278637	0
46.242538	0.267029	67
46.509567	0.255421	67
46.764988	0.290249	67
47.055237	0.267033	66
47.322269	0.499226	62
47.821495	0.510841	64
48.332336	0.232201	70
48.564537	0.278637	63
48.843174	0.290249	63
49.133423	0.301861	63
49.435284	1.079727	65
50.515011	0.232201	67
50.747211	0.290249	67
51.037460	0.162540	67
51.200001	0.510838	66
51.710838	0.278641	63
51.989479	0.139320	61
52.128799	0.452789	60
52.581589	0.197369	59
52.778957	0.116100	60
52.895058	0.174149	62
53.069206	0.325081	60
53.394287	0.278637	60
53.672924	0.255421	59
53.928345	0.243809	58
54.172153	0.452789	59
54.624943	0.116100	60
54.741043	0.255421	60
54.996464	0.267029	60
55.263493	0.731426	58
55.994919	0.104492	70
56.099411	0.267029	62
56.366440	0.383129	61
56.749569	0.162540	60
56.912109	0.592110	59
57.504219	0.325077	57
57.829296	0.197372	62
58.026669	0.220589	63
58.247257	0.208977	65
58.456234	0.116100	65
58.572334	0.069660	66
58.641994	0.429569	66
59.071564	0.487621	60
59.559185	0.580498	64
60.139683	0.139320	65
60.279003	0.220589	65
60.499592	0.174149	63
60.673740	0.313469	60
60.987209	0.162540	58
61.149750	0.267029	59
61.416779	0.626942	62
62.043720	0.046440	62
62.090160	0.452789	60
62.542950	0.232197	58
62.775146	0.255421	60
63.030567	0.208981	60
63.239548	0.243809	60
63.483356	0.371517	59
63.854874	0.139320	60
63.994194	0.313469	59
64.307663	0.325081	58
64.632744	0.174149	61
64.806892	0.139320	62
64.946213	0.429573	60
65.375786	0.139313	60
65.515099	0.510841	59
66.025940	0.116104	58
66.142044	0.220589	57
66.362633	0.267029	58
66.629662	0.174149	63
66.803810	0.185760	60
66.989571	0.174149	58
67.163719	0.116096	65
67.279816	0.452789	65
67.732605	0.034836	63
67.767441	0.406349	61
68.173790	0.081268	59
68.255058	0.139320	64
68.394379	0.255417	65
68.649796	0.185760	64
68.835556	0.232201	65
69.067757	0.162537	64
69.230293	0.255424	66
69.485718	0.220589	65
69.706306	0.162537	63
69.868843	0.534058	61
70.402901	0.278641	63
70.681541	0.278641	60
70.960182	0.034828	60
70.995010	0.243813	60
71.238823	0.220589	58
71.459412	0.150932	60
71.610344	0.220589	60
71.830933	0.243805	60
72.074738	0.417961	60
72.492699	0.139320	59
72.632019	0.185760	60
72.817780	0.510834	58
73.328613	0.278641	61
73.607254	0.441185	62
74.048439	0.499222	59
74.547661	0.197372	58
74.745033	0.069664	61
74.814697	0.336685	63
75.151382	0.127708	63
75.279091	0.127708	63
75.406799	0.383133	63
75.789932	0.522446	66
76.312378	0.534065	61
76.846443	0.441177	64
77.287621	0.359909	64
77.647530	0.104492	64
77.752022	0.441177	64
78.193199	0.162537	63
78.355736	1.010071	61
79.365807	0.406349	60
79.772156	0.174149	60
79.946304	0.058052	58
80.004356	0.092880	59
80.097237	0.208977	59
80.306213	0.174149	60
80.480362	0.058052	60
80.538414	0.394737	60
80.933151	0.313469	60
81.246620	0.348297	59
81.594917	0.127716	57
81.722633	0.232193	57
81.954826	0.092880	58
82.047707	0.069664	58
82.117371	0.127708	61
82.245079	0.580498	62
82.825577	0.615334	59
83.440910	0.220589	58
83.661499	0.290245	58
83.951744	0.267029	63
84.218773	0.278641	64
84.497414	0.127708	65
84.625122	0.208984	67
84.834106	0.150925	64
84.985031	0.487625	62
85.472656	0.116096	58
85.588753	0.325081	64
85.913834	0.208977	63
86.122810	0.174149	65
86.296959	0.150932	65
86.447891	0.150932	63
86.598824	0.301857	65
86.900681	0.197372	66
87.098053	0.150925	63
87.248978	0.789482	63
88.038460	0.534058	60
88.572517	0.197372	58
88.769890	0.197365	63
88.967255	0.371521	63
89.338776	0.603722	64
89.942497	0.859138	66
90.801636	0.290245	0
91.091881	1.683449	0
92.775330	0.058052	0
92.833382	0.371513	60
93.204895	0.058052	59
93.262947	0.580498	68
93.843445	0.545670	71
94.389114	0.835922	70
95.225037	0.301857	69
95.526894	0.406349	65
95.933243	0.162537	65
96.095779	0.255424	65
96.351204	0.290245	0
96.641449	2.159454	0
98.800903	0.534065	63
99.334969	0.545670	65
99.880638	0.870743	66
100.751381	0.278641	67
101.030022	1.114555	0
102.144577	0.615334	0
102.759911	0.150925	0
102.910835	0.220596	63
103.131432	0.557274	69
103.688705	0.534058	70
104.222763	0.801094	70
105.023857	0.301857	67
105.325714	0.139320	65
105.465034	0.197372	65
105.662407	2.449699	65
108.112106	0.104492	0
108.216599	0.243813	0
108.460411	0.127708	59
108.588120	0.441177	60
109.029297	0.592110	59
109.621407	0.069656	59
109.691063	0.220589	59
109.911652	0.162544	58
110.074196	0.127708	57
110.201904	0.197372	57
110.399277	0.092880	0
110.492157	0.162537	61
110.654694	0.116096	63
110.770790	0.371521	60
111.142311	0.638550	59
111.780861	0.243813	59
112.024673	0.220589	57
112.245262	0.441177	63
112.686440	0.208977	65
112.895416	0.441185	60
113.336601	0.116096	60
113.452698	0.464401	59
113.917099	0.417961	61
114.335060	0.255417	65
114.590477	0.127708	66
114.718185	0.185760	63
114.903946	0.278641	60
115.182587	0.150925	59
115.333511	0.104492	60
115.438004	0.301857	61
115.739861	0.464401	63
116.204262	0.232201	60
116.436462	0.243813	60
116.680275	0.267029	58
116.947304	0.104485	61
117.051788	0.394745	60
117.446533	0.127708	60
117.574242	0.661766	60
118.236008	0.150932	58
118.386940	0.174149	58
118.561089	0.208977	57
118.770065	0.081276	61
118.851341	0.162537	59
119.013878	0.139320	58
119.153198	0.313469	59
119.466667	0.069656	59
119.536324	0.766258	59
120.302582	0.220596	57
120.523178	0.301857	63
120.825035	0.092880	65
120.917915	0.174149	58
121.092064	0.464401	64
121.556465	0.476006	59
122.032471	0.139320	58
122.171791	0.174149	61
122.345940	0.557281	59
122.903221	0.348297	66
123.251518	0.255417	61
123.506935	0.441185	60
123.948120	0.208977	63
124.157097	0.278641	63
124.435738	0.243813	60
124.679550	0.255417	60
124.934967	0.150932	58
125.085899	0.301857	58
125.387756	0.220589	59
125.608345	0.696602	59
126.304947	0.116096	60
126.421043	0.394737	58
126.815781	0.185760	0
127.001541	0.174149	61
127.175690	0.092880	62
127.268570	0.394737	59
127.663307	0.139320	60
127.802628	0.487625	59
128.290253	0.243805	58
128.534058	0.232208	0
128.766266	0.081268	63
128.847534	0.232193	64
129.079727	0.174149	61
129.253876	0.139328	60
129.393204	0.313461	59
129.706665	0.092880	60
129.799545	0.139328	60
129.938873	0.325073	60
130.263947	0.150925	63
130.414871	0.325089	59
130.739960	0.116089	58
130.856049	0.359909	60
131.215958	0.162552	65
131.378510	0.267029	60
131.645538	1.033279	61
132.678818	0.255417	60
132.934235	0.255432	60
133.189667	0.220581	58
133.410248	0.267029	58
133.677277	0.185760	59
133.863037	0.185760	60
134.048798	0.243805	59
134.292603	0.197372	58
134.489975	0.580505	58
135.070480	0.150925	57
135.221405	0.150925	61
135.372330	0.127716	63
135.500046	0.313477	60
135.813522	0.255417	60
136.068939	0.208969	59
136.277908	0.255432	58
136.533340	0.313461	62
136.846802	0.127716	63
136.974518	0.034821	63
137.009338	0.162537	64
137.171875	0.290253	65
137.462128	0.371521	62
137.833649	0.150925	60
137.984573	0.383133	59
138.367706	0.162537	58
138.530243	0.371521	64
138.901764	0.394745	65
139.296509	0.255417	66
139.551926	0.325089	64
139.877014	0.185745	63
140.062759	0.777878	60
140.840637	3.617569	0
