0.232200	0.220590	50
0.452789	0.243810	56
0.696599	0.243810	0
0.940408	0.232199	0
1.172608	0.255419	0
1.428027	0.232200	0
1.660227	0.232200	0
1.892426	0.208980	0
2.101406	0.255419	0
2.356825	0.243809	0
2.600635	0.243810	0
2.844445	0.232199	0
3.076644	0.243809	0
3.320453	0.232200	63
3.552653	0.243809	62
3.796463	0.150930	57
3.947392	0.081270	58
4.028662	0.243809	59
4.272471	0.232200	0
4.504671	0.243810	0
4.748481	0.232200	0
4.980680	0.243809	0
5.224490	0.232200	0
5.456689	0.243810	59
5.700499	0.232199	59
5.932698	0.197370	0
6.130068	0.034830	0
6.164898	0.255420	0
6.420318	0.243809	0
6.664127	0.232200	60
6.896327	0.232200	0
7.128526	0.243809	0
7.372335	0.243810	0
7.616145	0.220590	0
7.836735	0.220590	50
8.057324	0.255420	50
8.312744	0.232199	0
8.544943	0.243810	0
8.788753	0.243810	0
9.032562	0.232200	0
9.264762	0.232200	0
9.496962	0.232200	0
9.729161	0.243810	49
9.972971	0.232199	50
10.205170	0.243810	0
10.448979	0.243810	0
10.692789	0.232200	0
10.924989	0.243810	0
11.168798	0.232200	0
11.400998	0.174150	0
11.575148	0.069659	0
11.644807	0.208980	0
11.853786	0.255420	0
12.109206	0.255420	0
12.364626	0.232200	0
12.596826	0.232200	0
12.829025	0.243809	0
13.072834	0.243810	0
13.316644	0.232200	0
13.548843	0.243810	0
13.792653	0.232200	0
14.024853	0.243810	0
14.268662	0.255419	0
14.524081	0.232200	0
14.756281	0.220590	0
14.976871	0.232200	0
15.209070	0.139319	63
15.348390	0.116100	63
15.464490	0.232200	52
15.696690	0.220590	50
15.917279	0.220590	0
16.137869	0.185759	56
16.323627	0.429569	58
16.753197	0.104490	59
16.857687	0.383129	61
17.240816	0.116100	62
17.356916	0.476009	61
17.832926	0.476009	60
18.308935	0.174149	51
18.483084	0.301859	61
18.784943	0.487619	62
19.272562	0.232201	59
19.504763	0.243809	60
19.748571	0.476009	62
20.224581	0.267029	61
20.491610	0.208981	61
20.700590	0.255419	61
20.956009	0.208981	60
21.164989	0.255419	59
21.420408	0.232199	60
21.652607	0.104490	59
21.757097	0.359909	62
22.117006	0.487619	62
22.604626	0.476009	48
23.080635	0.208979	50
23.289614	0.255421	51
23.545034	0.208979	0
23.754013	0.278641	56
24.032654	0.290249	57
24.322903	0.185759	60
24.508661	0.325081	62
24.833742	0.150928	62
24.984671	0.464399	62
25.449070	0.290249	62
25.739319	0.034830	57
25.774149	0.116100	57
25.890249	0.522449	58
26.412699	0.116100	58
26.528799	0.150928	54
26.679728	0.208981	55
26.888708	0.476009	54
27.364717	0.162539	0
27.527256	0.313469	67
27.840725	0.232201	67
28.072926	0.232199	0
28.305124	0.255421	0
28.560545	0.232199	0
28.792744	0.243809	0
29.036552	0.232201	0
29.268753	0.243809	0
29.512562	0.232201	63
29.744762	0.243809	63
29.988571	0.232201	0
30.220772	0.232199	63
30.452971	0.243809	63
30.696779	0.255421	63
30.952200	0.104490	0
31.056690	0.116098	0
31.172789	0.232201	0
31.404989	0.243809	56
31.648798	0.359911	58
32.008709	0.081268	59
32.089977	0.278641	62
32.368618	0.232197	62
32.600815	0.359909	61
32.960724	0.116100	62
33.076824	0.243813	62
33.320637	0.232197	62
33.552834	0.174152	61
33.726986	0.081268	61
33.808254	0.104488	61
33.912743	0.116100	56
34.028843	0.150928	57
34.179771	0.325081	60
34.504852	0.243809	63
34.748661	0.116100	62
34.864761	0.116100	62
34.980862	0.243809	62
35.224670	0.232201	62
35.456871	0.255421	61
35.712292	0.104488	62
35.816780	0.116100	61
35.932880	0.150928	62
36.083809	0.325081	60
36.408890	0.243809	59
36.652699	0.116100	59
36.768799	0.116100	59
36.884899	0.127708	59
37.012608	0.348301	62
37.360909	0.278637	62
37.639545	0.081272	62
37.720818	0.116100	62
37.836918	0.150928	63
37.987846	0.092880	0
38.080727	0.232197	60
38.312923	0.255421	50
38.568344	0.104492	0
38.672836	0.116096	0
38.788933	0.243813	0
39.032745	0.104488	0
39.137234	0.452789	57
39.590023	0.162540	59
39.752563	0.243809	61
39.996372	0.232201	62
40.228573	0.348297	62
40.576870	0.116100	62
40.692970	0.174149	62
40.867119	0.313469	60
41.180588	0.359913	58
41.540501	0.116096	59
41.656597	0.232201	57
41.888798	0.232201	54
42.120998	0.220589	52
42.341587	0.139320	50
42.480907	0.127708	0
42.608616	0.232201	0
42.840816	0.232201	0
43.073017	0.243809	0
43.316826	0.116100	47
43.432926	0.127708	47
43.560635	0.220589	0
43.781223	0.243813	68
44.025036	0.208977	0
44.234013	0.150932	0
44.384945	0.127708	0
44.512653	0.174149	0
44.686802	0.301861	65
44.988663	0.174149	0
45.162811	0.174149	67
45.336960	0.127712	67
45.464672	0.174149	63
45.638821	1.033287	66
46.672108	0.290249	65
46.962357	0.464401	71
47.426758	0.069660	67
47.496418	0.928799	67
48.425217	0.150928	66
48.576145	0.452789	63
49.028934	0.313469	66
49.342403	0.185760	66
49.528164	0.719818	66
50.247982	0.429569	67
50.677551	0.743038	78
51.420589	0.905579	66
52.326168	0.986847	70
53.313015	0.928799	71
54.241814	0.243809	63
54.485622	0.278641	62
54.764263	0.116100	67
54.880363	1.323536	67
56.203899	0.185760	61
56.389660	0.278641	66
56.668301	1.637005	66
58.305305	0.092880	73
58.398186	0.661770	78
59.059956	0.058048	70
59.118004	0.905579	67
60.023582	0.638550	73
60.662132	0.290249	72
60.952381	0.220589	72
61.172970	0.476009	72
61.648979	0.267029	74
61.916008	0.534061	72
62.450069	0.185757	72
62.635826	0.441181	70
63.077007	0.499229	69
63.576237	0.232197	69
63.808434	0.232201	78
64.040634	0.267029	78
64.307663	0.208984	82
64.516647	0.476006	82
64.992653	0.464401	82
65.457054	0.255417	82
65.712471	0.220589	82
65.933060	0.464401	79
66.397461	0.267029	78
66.664490	0.220589	74
66.885078	0.255417	74
67.140495	0.232201	75
67.372696	0.476013	74
67.848709	0.476006	74
68.324715	0.243813	74
68.568527	0.220589	72
68.789116	0.487617	71
69.276733	0.243813	71
69.520546	0.092880	78
69.613426	0.417953	82
70.031380	0.208984	83
70.240364	0.464401	82
70.704765	0.464394	81
71.169159	0.267029	79
71.436188	0.232201	78
71.668388	0.267029	81
71.935417	0.197372	81
72.132790	0.487617	82
72.620407	0.232201	82
72.852608	0.255417	80
73.108025	0.208984	80
73.317009	0.243805	79
73.560814	0.476013	78
74.036827	0.255417	76
74.292244	0.232201	74
74.524445	0.476006	75
75.000450	0.255424	75
75.255875	0.928795	74
76.184669	0.348305	72
76.532974	0.476006	71
77.008980	0.116096	72
77.125076	0.348305	72
77.473381	0.255417	72
77.728798	0.220589	69
77.949387	0.127708	72
78.077095	0.348305	72
78.425400	0.139320	77
78.564720	0.336685	77
78.901405	0.127708	72
79.029114	0.348305	71
79.377419	0.255417	71
79.632835	0.220589	71
79.853424	0.104492	72
79.957916	0.255417	75
80.213333	0.116096	74
80.329430	0.255424	78
80.584854	0.220589	78
80.805443	0.127708	79
80.933151	0.348297	79
81.281448	0.255424	79
81.536873	0.220589	74
81.757462	0.127708	71
81.885170	0.348297	71
82.233467	0.255424	78
82.488892	0.220589	81
82.709480	0.127708	79
82.837189	0.348297	79
83.185486	0.255424	71
83.440910	0.220589	71
83.661499	0.127708	72
83.789207	0.348297	72
84.137505	0.476013	70
84.613518	0.104485	0
84.718002	0.371521	72
85.089523	0.127708	0
85.217232	0.116104	55
85.333336	0.232201	55
85.565536	0.127708	0
85.693245	0.348297	0
86.041542	0.139320	57
86.180862	0.116096	57
86.296959	0.220589	57
86.517548	0.476013	0
86.993561	0.255417	57
87.248978	0.220589	57
87.469566	0.127716	0
87.597282	0.348297	45
87.945580	0.104492	0
88.050072	0.371513	0
88.421585	0.127708	0
88.549294	0.348305	58
88.897598	0.232201	55
89.129799	0.243805	55
89.373604	0.139320	0
89.512924	0.348297	0
89.861221	0.104492	0
89.965714	0.359909	63
90.325623	0.127708	71
90.453331	0.359909	72
90.813240	0.394745	59
91.207985	0.696594	66
91.904579	0.220589	0
92.125168	0.441185	0
92.566353	0.336685	56
92.903038	0.208977	59
93.112015	0.185760	60
93.297775	0.255424	62
93.553200	0.487617	62
94.040817	0.243805	61
94.284622	0.197372	61
94.481995	0.116104	0
94.598099	0.174149	57
94.772247	0.069656	57
94.841904	0.278641	60
95.120544	0.592110	63
95.712654	0.116096	62
95.828751	0.116104	62
95.944855	0.243805	62
96.188660	0.394745	62
96.583405	0.301857	61
96.885262	0.278641	61
97.163902	0.452789	60
97.616692	0.290245	59
97.906937	0.348305	62
98.255241	0.313469	62
98.568710	0.452789	62
99.021500	0.464394	56
99.485893	0.174149	55
99.660042	0.290253	0
99.950294	0.267029	55
100.217323	0.185760	56
100.403084	0.290253	60
100.693336	0.243805	62
100.937141	0.232201	61
101.169342	0.476013	62
101.645355	0.220589	62
101.865944	0.092880	56
101.958824	0.162537	57
102.121361	0.290253	57
102.411613	0.185753	59
102.597366	0.243813	61
102.841179	0.232201	66
103.073380	0.208977	66
103.282356	0.255424	0
103.537781	0.255417	0
103.793198	0.220589	0
104.013786	0.243813	67
104.257599	0.232201	0
104.489799	0.243805	0
104.733604	0.243813	0
104.977417	0.243805	0
105.221222	0.232201	0
105.453423	0.255424	0
105.708847	0.220589	0
105.929436	0.255417	0
106.184853	0.220589	0
106.405441	0.243813	0
106.649254	0.220589	63
106.869843	0.267029	63
107.136871	0.104492	58
107.241364	0.116096	58
107.357460	0.359909	57
107.717369	0.116096	0
107.833466	0.255424	57
108.088890	0.232201	59
108.321091	0.232201	61
108.553291	0.232193	62
108.785484	0.278641	61
109.064125	0.081268	62
109.145393	0.116104	61
109.261497	0.476006	62
109.737503	0.359909	0
110.097412	0.104492	0
110.201904	0.162537	62
110.364441	0.104492	62
110.468933	0.232201	62
110.701134	0.092880	0
110.794014	0.383125	62
111.177139	0.092880	0
111.270020	0.150932	62
111.420952	0.232201	62
111.653152	0.139320	62
111.792473	0.127708	61
111.920181	0.208977	61
112.129158	0.197372	61
112.326530	0.278641	60
112.605171	0.220589	60
112.825760	0.139320	59
112.965080	0.116096	59
113.081177	0.185760	59
113.266937	0.290253	62
113.557190	0.348297	62
113.905487	0.127708	62
114.033195	0.162544	63
114.195740	0.313469	62
114.509209	0.255417	51
114.764626	0.104492	57
114.869118	0.116096	58
114.985214	0.243813	58
115.229027	0.116096	58
115.345123	0.441177	57
115.786301	0.150932	59
115.937233	0.255417	61
116.192650	0.220596	62
116.413246	0.267029	62
116.680275	0.092880	62
116.773155	0.116096	62
116.889252	0.150932	62
117.040184	0.197365	59
117.237549	0.127708	57
117.365257	0.359909	58
117.725166	0.116104	60
117.841270	0.150932	57
117.992203	0.092880	54
118.085083	0.232193	55
118.317276	0.348305	63
118.665581	0.127708	60
118.793289	0.243805	62
119.037094	0.232201	60
119.269295	0.243813	0
119.513107	0.104492	47
119.617599	0.127708	47
119.745308	0.232201	62
119.977509	0.243805	62
120.221313	0.197372	63
120.418686	0.162537	63
120.581223	0.116104	63
120.697327	0.185760	63
120.883087	0.290245	63
121.173332	0.185760	63
121.359093	0.174149	63
121.533241	0.116104	63
121.649345	0.185753	63
121.835098	1.021683	67
122.856781	0.290245	68
123.147026	0.499229	67
123.646255	0.046440	67
123.692696	0.917191	67
124.609886	0.150932	69
124.760818	0.185760	73
124.946579	0.278633	74
125.225212	0.313469	67
125.538681	0.893974	66
126.432655	0.429565	65
126.862221	0.104492	77
126.966713	0.638550	78
127.605263	0.905571	67
128.510834	0.104492	70
128.615326	0.893967	75
129.509293	0.917191	71
130.426483	0.243805	67
130.670288	0.150940	67
130.821228	0.127701	74
130.948929	0.127716	75
131.076645	1.323532	68
132.400177	0.185760	68
132.585938	0.278641	76
132.864578	1.625397	67
134.489975	0.766266	73
135.256241	0.058044	71
135.314285	0.893967	69
136.208252	0.464401	71
136.672653	0.464401	72
137.137054	0.232193	72
137.369247	0.487625	73
137.856873	0.232193	75
138.089066	0.081268	74
138.170334	0.650162	74
138.820496	0.452789	81
139.273285	0.499237	81
139.772522	0.232193	78
140.004715	0.232208	80
140.236923	0.267029	77
140.503952	0.197357	77
140.701309	0.476013	81
141.177322	0.476013	82
141.653336	0.243805	82
141.897141	0.232208	81
142.129349	0.255417	78
142.384766	0.197372	78
142.582138	0.267029	78
142.849167	0.243805	75
143.092972	0.255417	75
143.348389	0.220596	75
143.568985	0.487610	74
144.056595	0.452789	74
144.509384	0.243820	74
144.753204	0.243805	72
144.997009	0.243805	71
145.240814	0.232208	71
145.473022	0.232193	71
145.705215	0.104492	71
145.809708	0.406342	72
146.216049	0.208984	0
146.425034	0.476013	82
146.901047	0.243805	81
147.144852	0.232193	81
147.377045	0.243820	77
147.620865	0.243805	78
147.864670	0.232208	82
148.096878	0.232193	80
148.329071	0.476013	82
148.805084	0.243805	82
149.048889	0.464401	80
149.513290	0.232193	79
149.745483	0.476013	78
150.221497	0.255417	78
150.476913	0.243805	75
150.720718	1.671844	74
152.392563	0.801086	71
153.193649	0.127716	72
153.321365	0.348297	72
153.669662	0.243805	75
153.913467	0.232208	75
154.145676	0.127701	75
154.273376	0.348297	74
154.621674	0.476013	72
155.097687	0.127716	72
155.225403	0.348297	82
155.573700	0.255417	70
155.829117	0.220581	65
156.049698	0.127716	73
156.177414	0.232193	72
156.409607	0.127716	73
156.537323	0.464401	76
157.001724	0.127716	79
157.129440	0.243805	79
157.373245	0.116104	78
157.489349	0.359909	79
157.849258	0.139313	77
157.988571	0.116104	74
158.104675	1.892426	74
159.997101	1.300308	71
161.297409	0.487625	71
161.785034	0.104492	71
161.889526	0.359909	71
162.249435	0.476013	72
162.725449	0.116089	72
162.841537	0.348297	72
163.189835	0.162552	83
163.352386	0.313461	84
163.665848	0.116104	72
163.781952	0.359909	75
164.141861	0.255417	79
164.397278	0.220596	79
164.617874	0.127701	78
164.745575	0.348297	79
165.093872	0.371521	78
165.465393	0.127716	78
165.593109	0.116104	78
165.709213	0.592102	75
166.301315	0.940414	74
167.241730	0.139313	74
167.381042	0.452789	73
167.833832	0.847534	71
168.681366	0.603714	71
169.285080	0.963623	79
170.248703	0.116104	0
170.364807	0.162537	62
170.527344	0.081268	64
170.608612	0.580505	77
171.189117	0.754654	67
171.943771	0.150925	67
172.094696	0.220581	63
172.315277	0.232208	0
172.547485	0.510834	69
173.058319	0.046448	67
173.104767	0.278641	68
173.383408	0.290237	65
173.673645	0.243820	64
173.917465	0.696594	67
174.614059	0.940414	67
175.554474	0.150925	65
175.705399	0.232193	0
175.937592	0.301865	68
176.239456	0.208984	67
176.448441	0.139313	67
176.587753	0.301865	69
176.889618	0.127701	67
177.017319	0.452789	67
177.470108	0.383133	67
177.853241	0.139328	0
177.992569	0.185760	65
178.178329	0.174149	65
178.352478	0.220581	69
178.573059	0.232208	69
178.805267	0.394730	66
179.199997	0.104492	65
179.304489	0.197372	69
179.501862	0.243805	71
179.745667	0.081268	71
179.826935	0.406357	71
180.233292	0.069656	71
180.302948	0.476013	71
180.778961	0.406342	71
181.185303	0.476013	71
181.661316	0.940414	72
182.601730	0.255417	70
182.857147	0.243805	70
183.100952	0.348297	71
183.449249	0.452789	75
183.902039	0.650162	74
184.552200	1.160995	72
185.713196	0.232208	77
185.945404	0.475998	76
186.421402	0.476013	75
186.897415	0.487625	72
187.385040	0.232193	78
187.617233	0.220596	78
187.837830	0.464386	78
188.302216	0.267029	78
188.569244	0.719833	74
189.289078	0.475998	74
189.765076	0.232208	74
189.997284	0.243805	74
190.241089	0.232193	74
190.473282	0.232208	74
190.705490	0.243805	74
190.949295	0.476013	74
191.425308	0.499222	74
191.924530	0.220596	72
192.145126	0.243805	70
192.388931	0.232208	69
192.621140	0.499222	70
193.120361	0.220596	76
193.340958	0.719818	74
194.060776	0.464401	70
194.525177	0.487610	70
195.012787	0.464401	78
195.477188	0.464401	78
195.941589	0.267029	78
196.208618	0.243805	74
196.452423	0.719818	74
197.172241	1.149399	73
198.321640	0.487610	72
198.809250	0.359909	72
199.169159	2.020142	72
201.189301	0.313461	78
201.502762	0.162552	70
201.665314	0.475998	70
202.141312	0.940414	73
203.081726	0.464401	78
203.546127	0.267029	76
203.813156	1.184219	74
204.997375	0.475998	74
205.473373	0.952026	72
206.425400	0.255417	72
206.680817	0.104492	68
206.785309	0.592102	70
207.377411	0.476013	70
207.853424	0.487625	70
208.341049	0.475998	77
208.817047	0.464401	77
209.281448	0.487625	71
209.769073	0.232193	70
210.001266	0.464401	72
210.465668	0.232208	71
210.697876	0.487610	78
211.185486	0.243805	77
211.429291	1.892426	74
213.321716	0.232208	73
213.553925	0.603714	71
214.157639	0.476013	72
214.633652	0.476013	71
215.109665	0.464401	71
215.574066	0.475998	72
216.050064	0.476013	73
216.526077	0.476013	65
217.002090	0.139313	65
217.141403	0.336685	65
217.478088	0.476013	68
217.954102	0.127716	68
218.081818	0.348297	66
218.430115	0.476013	73
218.906128	0.127701	78
219.033829	0.348297	77
219.382126	0.255432	72
219.637558	0.220581	72
219.858139	0.127716	71
219.985855	0.348297	71
220.334152	0.243805	71
220.577957	0.232208	71
220.810165	0.127701	71
220.937866	0.348297	71
221.286163	0.487625	73
221.773788	0.116104	72
221.889893	0.348297	72
222.238190	0.255417	71
222.493607	0.220581	75
222.714188	0.127716	74
222.841904	0.197372	75
223.039276	0.150925	77
223.190201	0.081268	77
223.271469	0.394745	76
223.666214	0.127716	72
223.793930	0.348297	76
224.142227	0.243805	76
224.386032	0.232193	77
224.618225	0.127716	75
224.745941	0.348297	76
225.094238	0.139328	78
225.233566	0.336685	78
225.570251	0.127701	78
225.697952	0.348312	79
226.046265	0.499222	78
226.545486	0.116104	75
226.661591	0.592102	74
227.253693	0.719818	74
227.973511	0.220596	74
228.194107	0.359909	74
228.554016	16.735779	72
