0.859138	0.185760	56
1.044898	0.092880	56
1.137778	0.325079	57
1.462857	0.104490	59
1.567347	0.081270	59
1.648617	0.301859	61
1.950476	0.638549	62
2.589025	0.150930	61
2.739955	0.139320	62
2.879274	0.220590	62
3.099864	0.116100	59
3.215964	0.139320	75
3.355283	0.174150	74
3.529433	0.232200	73
3.761633	0.487619	63
4.249252	0.557279	62
4.806530	0.812698	62
5.619229	0.127710	61
5.746939	0.058050	61
5.804989	0.208980	59
6.013968	0.243809	60
6.257778	0.243810	59
6.501587	0.522449	62
7.024036	0.174150	62
7.198186	0.208980	62
7.407166	0.150930	62
7.558095	0.383129	0
7.941225	0.557279	0
8.498504	0.301859	56
8.800363	0.301860	57
9.102222	0.197370	59
9.299592	0.034830	59
9.334422	0.278639	62
9.613061	0.487619	62
10.100680	0.255420	62
10.356100	0.174150	60
10.530250	0.150929	57
10.681179	0.580499	58
11.261678	0.557280	55
11.818957	0.429568	54
12.248526	0.510839	0
12.759365	3.459774	0
16.219139	0.255419	56
16.474558	0.185760	57
16.660318	0.092878	57
16.753197	0.139320	59
16.892517	0.371519	62
17.264036	0.406349	62
17.670385	0.290249	62
17.960634	0.150930	62
18.111565	0.127710	61
18.239275	0.162539	61
18.401814	0.220591	61
18.622404	0.104488	61
18.726892	0.150930	56
18.877823	0.127710	57
19.005533	0.313469	60
19.319002	0.127710	64
19.446712	0.708208	62
20.154921	0.290249	62
20.445169	0.476009	62
20.921179	0.185760	60
21.106939	0.394739	60
21.501678	0.278639	59
21.780317	0.069660	59
21.849977	0.534060	62
22.384037	0.127708	62
22.511745	0.150930	62
22.662676	0.150930	62
22.813606	0.499228	62
23.312834	0.661770	0
23.974604	0.464399	57
24.439003	0.220589	59
24.659592	0.255419	62
24.915010	0.359911	61
25.274921	0.313469	62
25.588390	0.150928	62
25.739319	0.220591	60
25.959909	0.162540	57
26.122450	0.301859	58
26.424309	0.197369	59
26.621677	0.255421	55
26.877098	0.336689	54
27.213787	0.185759	49
27.399546	3.808073	0
31.207619	0.104490	0
31.312109	0.243809	0
31.555918	0.301861	58
31.857779	0.476007	70
32.333786	0.847530	67
33.181316	0.139320	70
33.320637	0.162537	65
33.483173	0.208981	61
33.692154	0.255421	61
33.947575	0.301857	65
34.249432	0.232201	66
34.481632	0.510838	67
34.992470	0.197372	64
35.189842	0.232197	67
35.422039	0.174152	0
35.596191	0.603718	71
36.199909	0.150928	61
36.350838	0.058052	58
36.408890	0.708206	66
37.117096	0.139320	67
37.256416	0.092880	70
37.349297	0.893970	74
38.243267	0.940407	71
39.183674	0.243809	72
39.427483	0.290249	76
39.717731	0.116100	72
39.833832	1.335148	67
41.168980	0.174149	61
41.343128	0.290249	74
41.633377	1.637009	66
43.270386	0.406349	78
43.676735	0.394737	75
44.071472	0.917191	67
44.988663	0.650158	80
45.638821	0.150928	0
45.789749	0.139320	0
45.929070	0.127712	72
46.056782	0.220589	72
46.277370	0.626938	72
46.904308	0.197369	81
47.101677	0.336689	72
47.438366	0.197372	72
47.635738	0.522446	70
48.158184	0.255421	70
48.413605	0.394741	70
48.808346	0.510838	79
49.319183	0.243809	83
49.562992	0.290249	82
49.853241	0.905579	82
50.758820	0.174152	82
50.932972	0.464397	79
51.397369	0.278641	78
51.676010	0.290249	74
51.966259	0.719818	75
52.686077	0.476009	74
53.162086	0.429569	74
53.591656	0.464397	72
54.056053	0.359909	70
54.415962	0.139320	71
54.555283	0.510841	83
55.066124	0.208977	83
55.275101	0.476009	82
55.751110	0.278641	81
56.029751	0.278641	81
56.308392	0.162537	81
56.470928	0.499229	79
56.970158	0.220592	82
57.190750	0.255417	82
57.446167	0.290249	81
57.736416	0.650162	80
58.386578	0.220589	80
58.607166	0.476009	78
59.083176	0.267029	78
59.350204	0.232201	75
59.582405	0.383129	75
59.965534	0.371517	74
60.337051	0.510841	73
60.847893	0.174149	74
61.022041	0.243809	74
61.265850	0.522449	80
61.788300	0.476009	0
62.264309	0.464397	0
62.728706	0.499229	0
63.227936	13.966805	0
77.194740	0.522446	75
77.717186	0.348305	0
78.065491	0.220589	57
78.286079	0.185760	61
78.471840	0.116096	62
78.587936	0.150932	61
78.738869	0.905579	61
79.644447	0.116096	61
79.760544	0.174149	68
79.934692	0.069664	69
80.004356	0.290245	69
80.294601	0.661774	63
80.956375	0.232193	62
81.188568	0.174156	62
81.362724	0.394737	61
81.757462	0.394737	61
82.152199	0.278641	61
82.430840	0.232201	59
82.663040	0.139320	60
82.802361	0.290245	59
83.092606	0.336693	62
83.429298	0.185760	62
83.615059	0.603714	62
84.218773	0.464401	61
84.683174	0.069664	62
84.752838	0.383125	62
85.135963	0.278641	54
85.414604	0.185760	56
85.600365	0.348297	60
85.948662	0.139320	62
86.087982	0.058052	62
86.146034	0.220589	61
86.366623	0.696594	62
87.063217	0.104492	56
87.167709	0.452789	57
87.620499	0.220589	58
87.841087	0.058052	53
87.899139	0.150932	55
88.050072	0.290245	55
88.340317	0.127708	52
88.468025	0.383133	53
88.851158	0.522446	0
89.373604	3.134697	0
92.508301	0.406349	0
92.914650	0.232201	55
93.146851	0.174149	57
93.320999	0.267029	58
93.588028	0.325081	61
93.913109	0.580498	61
94.493607	0.127708	62
94.621315	0.371521	62
94.992836	0.383125	0
95.375961	0.243813	0
95.619774	0.104492	0
95.724266	0.313469	65
96.037735	0.464394	62
96.502129	0.545670	62
97.047798	0.139320	60
97.187119	0.406349	61
97.593468	0.185760	60
97.779228	0.313469	59
98.092697	0.441177	59
98.533875	0.162544	62
98.696419	0.150925	62
98.847343	0.615334	62
99.462677	0.522446	0
99.985123	0.150932	0
100.136055	0.127708	0
100.263763	0.325081	0
100.588844	0.232201	53
100.821045	0.243805	57
101.064850	0.208984	59
101.273834	0.313469	61
101.587303	0.383125	61
101.970428	0.255424	62
102.225853	0.104485	61
102.330338	0.185760	59
102.516098	0.139320	57
102.655418	0.557281	58
103.212700	0.208977	55
103.421677	0.580498	54
104.002174	0.592110	0
104.594284	0.510841	0
105.105125	2.716736	0
107.821861	0.348297	56
108.170158	0.301857	58
108.472015	0.464401	67
108.936417	1.010071	67
109.946487	0.150925	70
110.097412	0.290253	69
110.387665	0.174149	61
110.561813	0.313469	66
110.875282	0.174149	66
111.049431	0.638550	66
111.687981	0.116104	64
111.804085	0.406349	82
112.210434	0.081268	76
112.291702	0.185760	79
112.477463	0.487617	77
112.965080	0.905579	67
113.870659	0.092880	71
113.963539	0.592110	74
114.555649	0.290245	0
114.845894	0.232201	72
115.078094	0.301857	72
115.379951	0.406349	71
115.786301	0.255424	72
116.041725	0.278641	73
116.320366	0.104485	79
116.424850	0.139320	80
116.564171	0.371521	67
116.935692	0.835915	66
117.771606	0.185760	61
117.957367	0.290253	74
118.247620	0.267029	66
118.514648	1.358368	66
119.873016	0.777870	73
120.650887	0.476006	66
121.126892	0.255424	67
121.382317	0.232193	68
121.614510	0.940414	79
122.554924	0.684982	72
123.239906	0.267029	71
123.506935	0.534065	75
124.041000	0.220589	72
124.261589	0.766258	70
125.027847	0.394737	70
125.422585	0.510841	79
125.933426	0.232201	80
126.165627	1.137772	82
127.303398	0.243813	82
127.547211	0.464401	79
128.011612	0.278641	78
128.290253	0.998459	74
129.288712	0.255417	74
129.544128	0.383133	74
129.927261	0.278641	74
130.205902	0.487610	72
130.693512	0.464401	71
131.157913	0.510834	83
131.668747	0.220596	83
131.889343	0.290253	82
132.179596	0.754639	81
132.934235	0.139328	82
133.073563	0.267029	78
133.340591	0.255417	80
133.596008	0.220596	81
133.816605	1.010056	86
134.826660	0.197372	70
135.024033	0.185760	69
135.209793	0.487625	78
135.697418	0.267029	78
135.964447	0.975235	75
136.939682	0.522446	73
137.462128	0.104492	74
137.566620	1.300323	77
138.866943	0.963623	0
139.830566	4.523148	0
