1.288707	0.766258	0
2.054966	0.278640	0
2.333606	0.371519	0
2.705125	0.348300	0
3.053424	0.301859	0
3.355283	0.986848	0
4.342132	0.986848	0
5.328979	0.766259	40
6.095238	0.243809	0
6.339047	0.383130	0
6.722177	0.325079	0
7.047256	0.290249	0
7.337506	1.021677	48
8.359183	0.928799	47
9.287982	0.510839	0
9.798820	0.499229	40
10.298050	0.371519	0
10.669569	0.116100	40
10.785669	0.255419	40
11.041088	0.232200	0
11.273288	0.499229	0
11.772517	0.487618	0
12.260136	0.487619	0
12.747755	0.476009	0
13.223764	0.487618	0
13.711383	0.278640	40
13.990023	0.208980	40
14.199002	0.383129	0
14.582131	0.116100	52
14.698232	0.476008	51
15.174240	0.499229	48
15.673470	0.476009	0
16.149479	0.232199	0
16.381678	0.243811	0
16.625488	0.476007	0
17.101496	0.487619	40
17.589115	0.476009	40
18.065125	0.383129	0
18.448254	0.127710	0
18.575964	0.476009	0
19.051973	0.464399	48
19.516373	0.243809	49
19.760181	0.092880	0
19.853062	0.174149	0
20.027210	0.243811	0
20.271021	0.220589	62
20.491610	0.162540	0
20.654150	0.301859	0
20.956009	0.290249	0
21.246258	0.162540	0
21.408798	0.278639	77
21.687437	0.232201	0
21.919638	0.348299	0
22.267937	0.092880	0
22.360817	0.278639	0
22.639456	0.081270	79
22.720726	0.162539	73
22.883265	0.464399	75
23.347664	0.476009	0
23.823673	0.243811	0
24.067484	0.232199	0
24.299683	0.452789	64
24.752472	0.278639	66
25.031111	0.220591	0
25.251701	0.476007	0
25.727709	0.383131	0
26.110840	0.069658	0
26.180498	0.255421	0
26.435919	0.232199	0
26.668118	0.476009	0
27.144127	0.394739	0
27.538866	0.336689	76
27.875555	0.232201	63
28.107756	0.325079	76
28.432835	0.174149	78
28.606983	0.452789	76
29.059772	0.278641	76
29.338413	0.208979	0
29.547392	0.383129	83
29.930521	0.116100	74
30.046621	0.232199	76
30.278820	0.185760	75
30.464581	0.394739	82
30.859320	0.116100	0
30.975420	0.476009	0
31.451429	0.359909	0
31.811338	0.116098	61
31.927437	0.255421	64
32.182858	0.174149	65
32.357006	0.313469	52
32.670475	0.208981	0
32.879456	0.290249	0
33.169704	0.127712	0
33.297417	0.104488	0
33.401905	0.371517	0
33.773422	0.116100	52
33.889523	0.476009	52
34.365532	0.290249	0
34.655781	0.185760	0
34.841541	0.301861	63
35.143402	0.197369	63
35.340771	0.406349	0
35.747120	0.359909	0
36.107029	0.185760	63
36.292789	0.464397	0
36.757187	0.499229	0
37.256416	0.383129	0
37.639545	0.359909	52
37.999454	0.220592	0
38.220047	0.464397	0
38.684444	0.487617	0
39.172062	0.487621	47
39.659683	0.464397	0
40.124081	0.255421	51
40.379501	0.232201	0
40.611702	0.452789	0
41.064491	0.383129	63
41.447620	0.162537	74
41.610157	0.232201	75
41.842358	0.232201	63
42.074558	0.278641	64
42.353199	0.197369	0
42.550568	0.278637	64
42.829205	0.081272	0
42.910477	0.139320	0
43.049797	0.336689	76
43.386486	0.116100	0
43.502586	0.313469	62
43.816055	0.174149	0
43.990204	0.464397	52
44.454601	0.476009	52
44.930611	0.394741	52
45.325352	0.092880	52
45.418232	0.499229	50
45.917461	0.464397	0
46.381859	0.510841	48
46.892700	0.313469	0
47.206169	0.406349	64
47.612518	0.232197	63
47.844715	0.208981	77
48.053696	0.603718	79
48.657413	0.255421	75
48.912834	0.325081	74
49.237915	0.417957	83
49.655872	0.359909	81
50.015781	1.184219	84
51.200001	0.255417	76
51.455418	0.220592	76
51.676010	0.290249	81
51.966259	0.092880	83
52.059139	0.406349	83
52.465488	0.487617	83
52.953106	0.487621	85
53.440727	0.975235	82
54.415962	0.545670	76
54.961632	0.417961	78
55.379593	0.464397	82
55.843990	0.487621	78
56.331612	0.487617	0
56.819229	0.708210	81
57.527439	0.824306	81
58.351746	0.940407	81
59.292152	0.464401	77
59.756554	0.510838	77
60.267391	0.243809	0
60.511200	0.232201	0
60.743401	0.371521	75
61.114922	0.127708	76
61.242630	0.476009	78
61.718639	0.510838	72
62.229477	0.452789	72
62.682266	0.522449	75
63.204716	0.452789	82
63.657505	0.510838	76
64.168343	0.476013	0
64.644356	0.696594	80
65.340950	0.812698	81
66.153648	0.963631	81
67.117279	0.499229	86
67.616508	0.754646	86
68.371155	0.243813	0
68.614967	0.243805	0
68.858772	0.232201	0
69.090973	0.267029	0
69.358002	0.220589	0
69.578590	0.116104	80
69.694695	0.905579	75
70.600273	0.278641	68
70.878914	0.232201	63
71.111115	0.534058	64
71.645172	0.104485	0
71.749657	0.673386	0
72.423042	0.255417	0
72.678459	0.394737	0
73.073196	0.336693	50
73.409889	0.313469	50
73.723358	0.986847	0
74.710205	1.021675	40
75.731880	0.766258	40
76.498138	0.255424	40
76.753563	0.371513	42
77.125076	0.336693	40
77.461769	0.313469	0
77.775238	1.033287	0
78.808525	0.975243	0
79.783768	0.510834	40
80.294601	0.255424	0
80.550026	0.232193	40
80.782219	0.359909	0
81.142128	0.139320	40
81.281448	0.487625	40
81.769073	0.499229	48
82.268303	0.499222	47
82.767525	0.499229	0
83.266754	0.476013	0
83.742767	0.499229	0
84.241997	0.243805	0
84.485802	0.243813	52
84.729614	0.371521	0
85.101135	0.116096	52
85.217232	0.232201	51
85.449432	0.243813	50
85.693245	0.499229	0
86.192474	0.487617	0
86.680092	0.220589	47
86.900681	0.290253	64
87.190933	0.232193	64
87.423126	0.243813	63
87.666939	0.464401	52
88.131340	0.510834	0
88.642174	0.371521	0
89.013695	0.116104	52
89.129799	0.232193	52
89.361992	0.243813	0
89.605804	0.476013	48
90.081818	0.464394	0
90.546211	0.290253	0
90.836464	0.464401	63
91.300865	0.232193	62
91.533058	0.359909	63
91.892967	0.139320	64
92.032288	0.220589	64
92.252876	0.116104	0
92.368980	0.162537	0
92.531517	0.290253	75
92.821770	0.197365	0
93.019135	0.313477	63
93.332611	0.174149	62
93.506760	0.452789	64
93.959549	0.510834	0
94.470383	0.220589	0
94.690971	0.267036	76
94.958008	0.232193	64
95.190201	0.232201	64
95.422401	0.255424	65
95.677826	0.243805	0
95.921631	0.510841	62
96.432472	0.371521	0
96.803993	0.104485	52
96.908478	0.476013	52
97.384491	0.476006	0
97.860497	0.348305	0
98.208801	0.162537	64
98.371338	0.243813	64
98.615150	0.150925	63
98.766075	0.081268	0
98.847343	0.255424	63
99.102768	0.081268	63
99.184036	0.127708	0
99.311745	0.232201	64
99.543945	0.208977	65
99.752922	0.301865	0
100.054787	0.092880	0
100.147667	0.150925	0
100.298592	0.301865	63
100.600456	0.185760	77
100.786217	0.174149	76
100.960365	0.139320	73
101.099686	0.162537	75
101.262222	0.487617	77
101.749840	0.452789	0
102.202629	0.255424	0
102.458054	0.243805	0
102.701859	0.220589	0
102.922447	0.197372	0
103.119820	0.092880	69
103.212700	0.150925	70
103.363625	0.278641	0
103.642265	0.290253	69
103.932518	0.220589	0
104.153107	0.383133	65
104.536240	0.127708	66
104.663948	0.325073	65
104.989021	0.162544	64
105.151566	0.452789	63
105.604355	0.336685	64
105.941040	0.464401	63
106.405441	0.162544	0
106.567986	0.313469	63
106.881454	0.197365	64
107.078819	0.452789	64
107.531609	0.522453	0
108.054062	0.359909	0
108.413971	0.127708	0
108.541679	0.476006	0
109.017685	0.487617	48
109.505302	0.487625	0
109.992928	0.464394	0
110.457321	0.232201	0
110.689522	0.243813	0
110.933334	0.255417	0
111.188751	0.232201	52
111.420952	0.185760	52
111.606712	0.301857	63
111.908569	0.278641	64
112.187210	0.197372	75
112.384583	0.255417	76
112.639999	0.220589	75
112.860588	0.232201	74
113.092789	0.220589	0
113.313377	0.290253	82
113.603630	0.197365	75
113.800995	0.255424	63
114.056419	0.243805	0
114.300224	0.232201	0
114.532425	0.243813	64
114.776237	0.464401	64
115.240639	0.487617	52
115.728256	0.371513	52
116.099770	0.104492	0
116.204262	0.487617	0
116.691879	0.452789	0
117.144669	0.499229	0
117.643898	0.406349	0
118.050247	0.336693	77
118.386940	0.220589	0
118.607529	0.487617	82
119.095146	0.267029	84
119.362175	0.255424	80
119.617599	0.278633	76
119.896233	0.417961	84
120.314194	0.325081	83
120.639275	0.092880	78
120.732155	0.661766	79
121.393921	0.174149	74
121.568069	0.359909	77
121.927979	0.441185	77
122.369164	0.267029	79
122.636192	0.127708	76
122.763901	0.406349	81
123.170250	0.243813	86
123.414062	0.232193	83
123.646255	0.116104	70
123.762360	0.383125	64
124.145485	0.487625	75
124.633110	0.499222	67
125.132332	0.963631	66
126.095963	0.580498	71
126.676460	0.406349	0
127.082809	0.487625	64
127.570435	0.673370	68
128.243805	0.870758	67
129.114563	0.893967	68
130.008530	0.069656	69
130.078186	0.975235	68
131.053421	0.243805	64
131.297226	0.232208	64
131.529434	0.371521	64
131.900955	0.127701	66
132.028656	0.975250	69
133.003906	0.975235	66
133.979141	0.441177	64
134.420319	0.139313	71
134.559631	0.383133	72
134.942764	0.487625	74
135.430389	0.394730	69
135.825119	0.278641	69
136.103760	0.325089	73
136.428848	0.534058	67
136.962906	0.952011	76
137.914917	0.986847	73
138.901764	0.243820	76
139.145584	0.220581	75
139.366165	0.092880	71
139.459045	0.255417	79
139.714462	0.162552	76
139.877014	0.487610	77
140.364624	0.046448	76
140.411072	0.441177	79
140.852249	0.475998	79
141.328247	0.499237	78
141.827484	0.441177	75
142.268661	0.510834	75
142.779495	0.220596	76
143.000092	0.255417	76
143.255508	0.708206	80
143.963715	0.301865	79
144.265579	0.348297	79
144.613876	0.185760	80
144.799637	0.452789	78
145.252426	0.510834	78
145.763260	0.545670	75
146.308929	0.417969	75
146.726898	0.243805	76
146.970703	0.220596	76
147.191299	0.383118	77
147.574417	0.139328	75
147.713745	0.452789	76
148.166534	0.522446	80
148.688980	0.464401	79
149.153381	0.487610	78
149.640991	0.441193	76
150.082184	0.534058	76
150.616241	0.475998	76
151.092239	0.708221	77
151.800461	0.789474	77
152.589935	0.986847	72
153.576782	0.476013	70
154.052795	0.743027	66
154.795822	0.267029	67
155.062851	0.243820	67
155.306671	0.243805	75
155.550476	0.243805	67
155.794281	0.255417	67
156.049698	0.116104	68
156.165802	0.673386	69
156.839188	0.243805	69
157.082993	1.044891	68
158.127884	0.812698	52
158.940582	0.232208	51
159.172791	0.383133	0
159.555923	0.359909	0
159.915833	0.313461	0
160.229294	0.998459	59
161.227753	0.928802	0
162.156555	0.092880	0
162.249435	0.789474	52
163.038910	0.243805	52
163.282715	0.406357	52
163.689072	0.336685	52
164.025757	0.301865	50
164.327621	1.033279	0
165.360901	0.928802	59
166.289703	0.510834	52
166.800537	0.267044	0
167.067581	0.232193	0
167.299774	0.371521	42
167.671295	0.127701	0
167.798996	0.243820	0
168.042816	0.232193	0
168.275009	0.487625	48
168.762634	0.487610	0
169.250244	0.487625	0
169.737869	0.476013	0
170.213882	0.464401	52
170.678284	0.278625	53
170.956909	0.232208	52
171.189117	0.371521	50
171.560638	0.104492	0
171.665131	0.243805	0
171.908936	0.243805	0
172.152740	0.499237	47
172.651978	0.441177	0
173.093155	0.243805	47
173.336960	0.243805	47
173.580765	0.290253	62
173.871017	0.197372	63
174.068390	0.208984	58
174.277374	0.220581	52
174.497955	0.557281	60
175.055237	0.359909	0
175.415146	0.127716	0
175.542862	0.232193	0
175.775055	0.232208	0
176.007263	0.487610	0
176.494873	0.487625	0
176.982498	0.464401	0
177.446899	0.267029	63
177.713928	0.092880	0
177.806808	0.139313	0
177.946121	0.267029	52
178.213150	0.220596	52
178.433746	0.267029	0
178.700775	0.220581	0
178.921356	0.359909	0
179.281265	0.150940	0
179.432205	0.243805	61
179.676010	0.232193	63
179.908203	0.499237	62
180.407440	0.487610	0
180.895050	0.220596	0
181.115646	0.243805	0
181.359451	0.243820	63
181.603271	0.208969	63
181.812241	0.290253	65
182.102493	0.069656	0
182.172150	0.174149	0
182.346298	0.487625	59
182.833923	0.359909	0
183.193832	0.104492	52
183.298325	0.243805	53
183.542130	0.243805	0
183.785934	0.476013	0
184.261948	0.406357	0
184.668304	0.081268	0
184.749573	0.255417	0
185.004990	0.603714	76
185.608704	0.150940	65
185.759644	0.394730	74
186.154373	0.313477	83
186.467850	0.139313	83
186.607162	0.092880	84
186.700043	0.313477	83
187.013519	0.092880	0
187.106400	0.325073	0
187.431473	0.278641	75
187.710114	0.476013	76
188.186127	0.464401	0
188.650528	0.383118	0
189.033646	0.116104	76
189.149750	0.243805	76
189.393555	0.220596	0
189.614151	0.522446	70
190.136597	0.267029	70
190.403625	0.220596	65
190.624222	0.406342	66
191.030563	0.104492	66
191.135056	0.464401	0
191.599457	0.290253	64
191.889709	0.162537	64
192.052246	0.325073	62
192.377319	0.220596	0
192.597916	0.371521	47
192.969437	0.081268	0
193.050705	0.325073	62
193.375778	0.185760	64
193.561539	0.464401	52
194.025940	0.476013	0
194.501953	0.383133	0
194.885086	0.104477	64
194.989563	0.476013	53
195.465576	0.464401	0
195.929977	0.487625	0
196.417603	0.429565	47
196.847168	0.336685	0
197.183853	0.197372	63
197.381226	0.267029	75
197.648254	0.185760	0
197.834015	0.325073	76
198.159088	0.174149	0
198.333237	0.394745	76
198.727982	0.081268	0
198.809250	0.325089	65
199.134338	0.197357	75
199.331696	0.220596	0
199.552292	0.220581	0
199.772873	0.348312	0
200.121185	0.150925	0
200.272110	0.394745	62
200.666855	0.116089	63
200.782944	0.278641	63
201.061584	0.197372	63
201.258957	0.452789	52
201.711746	0.487625	51
202.199371	0.394730	52
202.594101	0.092880	52
202.686981	0.464401	50
203.151382	0.464401	48
203.615784	0.510834	0
204.126617	0.417969	0
204.544586	0.325073	77
204.869659	0.092880	0
204.962540	0.162537	78
205.125076	0.139328	76
205.264404	0.255417	76
205.519821	0.336685	77
205.856506	0.255417	67
206.111923	0.301865	72
206.413788	0.406342	74
206.820129	0.417969	81
207.238098	0.301849	83
207.539948	0.313477	80
207.853424	0.197372	76
208.050797	0.348297	81
208.399094	0.046432	85
208.445526	0.174164	83
208.619690	0.208969	72
208.828659	0.278641	74
209.107300	0.499237	64
209.606537	0.475998	69
210.082535	0.104492	84
210.187027	0.394745	80
210.581772	0.975235	74
211.557007	0.592102	75
212.149109	0.394745	76
212.543854	0.441177	83
212.985031	0.510849	76
213.495880	0.475998	76
213.971878	0.383133	83
214.355011	0.290253	76
214.645264	0.812698	73
215.457962	1.021683	75
216.479645	0.441177	76
216.920822	0.510834	76
217.431656	0.220596	76
217.652252	0.243805	76
217.896057	0.359909	75
218.255966	0.127701	82
218.383667	0.220596	77
218.604263	0.255417	76
218.859680	0.499237	75
219.358917	0.475998	76
219.834915	0.499237	75
220.334152	0.464401	81
220.798553	0.510834	76
221.309387	0.232193	0
221.541580	0.243820	0
221.785400	0.696594	75
222.481995	0.789474	76
223.271469	0.487625	73
223.759094	0.487625	74
224.246719	1.996902	79
226.243622	0.104492	0
226.348114	0.325089	0
226.673203	0.580490	0
227.253693	0.127716	0
227.381409	0.243805	0
227.625214	0.127716	0
227.752930	0.116089	0
227.869019	0.243820	0
228.112839	0.092880	0
228.205719	0.499222	0
228.704941	0.220596	64
228.925537	2.937317	63
