2.693515	0.243809	75
2.937324	0.232199	0
3.169524	0.243810	83
3.413333	0.476009	78
3.889342	2.171066	80
6.060408	0.092880	79
6.153288	0.255420	83
6.408708	0.185760	91
6.594467	0.208980	0
6.803447	0.127710	76
6.931157	0.325079	80
7.256236	0.290250	85
7.546485	0.185760	89
7.732245	0.278639	86
8.010884	0.139319	77
8.150204	0.104490	0
8.254694	0.278640	76
8.533334	0.069659	0
8.602993	0.348300	83
8.951293	0.348299	81
9.299592	0.359909	79
9.659501	0.719819	82
10.379320	0.243809	89
10.623129	0.452789	80
11.075918	0.255420	80
11.331338	0.255420	76
11.586758	2.275556	75
13.862313	0.325079	90
14.187392	0.232200	89
14.419592	0.336689	78
14.756281	0.371519	81
15.127800	0.174150	78
15.301950	0.069659	76
15.371610	0.267030	82
15.638639	0.255420	84
15.894059	0.359910	76
16.253969	0.359909	76
16.613878	0.150928	79
16.764807	1.358368	83
18.123175	0.359909	82
18.483084	0.185760	86
18.668844	0.197369	85
18.866213	0.104490	82
18.970703	0.162540	71
19.133244	0.046438	70
19.179682	0.267031	69
19.446712	0.127708	68
19.574421	0.510839	74
20.085260	0.348299	78
20.433559	0.510839	76
20.944399	0.197371	76
21.141769	0.278639	77
21.420408	0.220589	75
21.640997	0.394739	74
22.035736	0.208981	74
22.244717	0.162540	74
22.407257	4.040272	76
26.447529	0.255419	79
26.702948	0.220591	77
26.923538	0.197369	77
27.120907	0.243811	76
27.364717	0.325079	0
27.689796	0.371519	74
28.061316	0.081270	88
28.142586	0.290249	90
28.432835	0.220589	89
28.653423	0.243811	76
28.897234	0.243809	84
29.141043	0.092880	89
29.233923	0.441179	82
29.675102	0.417959	82
30.093061	0.150930	76
30.243992	3.285622	78
33.529613	0.394741	78
33.924355	0.232201	81
34.156555	0.197369	84
34.353924	0.243809	89
34.597733	0.092880	82
34.690613	0.255421	85
34.946033	0.220589	89
35.166622	0.371517	77
35.538139	0.417961	83
35.956100	0.580498	83
36.536598	0.580498	89
37.117096	0.092880	85
37.209976	0.301861	79
37.511837	0.255421	76
37.767258	0.174149	76
37.941406	0.603718	79
38.545124	34.655781	82
73.200905	0.313469	91
73.514374	0.197372	0
73.711746	0.545670	86
74.257416	0.174149	76
74.431564	0.325081	75
74.756645	2.101402	79
76.858047	0.278641	80
77.136688	0.104492	90
77.241180	0.359909	84
77.601089	0.232201	0
77.833290	0.348297	88
78.181587	0.162537	85
78.344124	0.232201	80
78.576324	0.127708	81
78.704033	0.150932	83
78.854965	0.278641	83
79.133606	0.208977	79
79.342583	0.290253	85
79.632835	0.313469	82
79.946304	1.044899	87
80.991203	0.267029	82
81.258232	0.243805	92
81.502037	0.220596	90
81.722633	0.243805	84
81.966438	0.255424	87
82.221863	0.336685	88
82.558548	1.950478	88
84.509026	0.174149	77
84.683174	0.243813	88
84.926987	0.162537	82
85.089523	0.139320	85
85.228844	0.197372	82
85.426216	0.185753	78
85.611969	0.232201	85
85.844170	0.208984	81
86.053154	0.174149	85
86.227303	0.127708	85
86.355011	0.255417	89
86.610428	0.267029	84
86.877457	0.371521	84
87.248978	0.116104	85
87.365082	1.381584	82
88.746666	0.278641	91
89.025307	0.208977	81
89.234283	0.197372	83
89.431656	0.243813	91
89.675468	0.255417	92
89.930885	0.290245	92
90.221130	0.220596	92
90.441727	0.336685	79
90.778412	0.452789	85
91.231201	0.394737	76
91.625938	0.278641	76
91.904579	0.185760	77
92.090340	0.116096	75
92.206436	0.069664	82
92.276100	0.417961	82
92.694061	0.150925	80
92.844986	0.313469	76
93.158455	0.255424	77
93.413879	3.575874	84
96.989754	0.243805	84
97.233559	0.162544	84
97.396103	0.313469	82
97.709572	0.185760	76
97.895332	0.290245	81
98.185577	0.301857	76
98.487434	0.185760	89
98.673195	0.104492	89
98.777687	0.162537	89
98.940224	0.452789	81
99.393013	0.220589	81
99.613602	0.290253	82
99.903854	0.208977	80
100.112831	0.267036	80
100.379868	0.139313	74
100.519180	0.325081	76
100.844261	3.517822	77
104.362083	0.325081	87
104.687164	0.232201	81
104.919365	0.267029	89
105.186394	0.174149	84
105.360542	0.301865	80
105.662407	0.220589	89
105.882996	0.301857	81
106.184853	0.429565	85
106.614418	0.580505	86
107.194923	0.522446	82
107.717369	0.150932	84
107.868301	0.359909	86
108.228210	0.441177	80
108.669388	50.967804	84
159.637192	0.267029	88
159.904221	0.267029	92
160.171249	0.208984	0
160.380234	0.185745	84
160.565979	0.243820	86
160.809799	0.174149	83
160.983948	2.194290	82
163.178238	0.116089	84
163.294327	0.487625	83
163.781952	0.232193	76
164.014145	0.092880	91
164.107025	0.150940	91
164.257965	0.243805	90
164.501770	0.220581	77
164.722351	0.267044	76
164.989395	0.232193	78
165.221588	0.348297	83
165.569885	0.429565	78
165.999451	0.197372	75
166.196823	1.219055	79
167.415878	0.255417	86
167.671295	0.243805	76
167.915100	0.208984	76
168.124084	0.278641	89
168.402725	0.232193	84
168.634918	2.298782	85
170.933701	0.127701	81
171.061401	0.243820	81
171.305222	0.325073	86
171.630295	0.301865	78
171.932159	0.185760	82
172.117920	0.359909	76
172.477829	0.301849	79
172.779678	0.232208	82
173.011887	0.313461	82
173.325348	0.383133	76
173.708481	1.637009	75
175.345490	0.359909	64
175.705399	0.220581	64
175.925980	0.301865	70
176.227844	0.220596	70
176.448441	0.267029	69
176.715469	0.208969	68
176.924438	0.278641	66
177.203079	0.267029	67
177.470108	0.034836	67
177.504944	0.185760	66
177.690704	0.197372	66
177.888077	0.325073	63
178.213150	0.185760	64
178.398911	0.255417	70
178.654327	0.255417	82
178.909744	0.359909	74
179.269653	0.383133	79
179.652786	3.483002	83
183.135788	0.092880	90
183.228668	0.267029	90
183.495697	0.197357	83
183.693054	0.255432	80
183.948486	0.208969	85
184.157455	0.301865	77
184.459320	0.174149	0
184.633469	0.417953	81
185.051422	0.359909	75
185.411331	0.267029	82
185.678360	0.174164	76
185.852524	0.232193	80
186.084717	0.290253	79
186.374969	0.220581	71
186.595551	0.278641	77
186.874191	0.069656	84
186.943848	0.406357	75
187.350204	0.139313	74
187.489517	3.378510	76
190.868027	0.301865	87
191.169891	0.104492	87
191.274384	0.162537	83
191.436920	0.359909	81
191.796829	0.127701	88
191.924530	0.243820	83
192.168350	0.243805	85
192.412155	0.325073	82
192.737228	0.371521	89
193.108749	0.708206	84
193.816956	0.348312	79
194.165268	0.185745	76
194.351013	0.139328	82
194.490341	0.232193	82
194.722534	0.208984	92
194.931519	0.127716	92
195.059235	0.081268	92
195.140503	10.312561	81
