0.197370	0.743039	39
0.940408	0.255420	40
1.195828	0.371519	42
1.567347	0.127710	39
1.695057	0.255419	39
1.950476	0.232200	0
2.182676	1.010068	0
3.192744	0.998458	0
4.191202	0.754649	39
4.945850	0.243810	39
5.189660	0.383129	42
5.572789	0.127710	39
5.700499	0.243809	39
5.944308	0.220590	0
6.164898	1.021678	0
7.186576	1.010068	40
8.196644	0.754649	39
8.951293	0.243809	40
9.195102	0.371520	42
9.566622	0.383129	39
9.949751	0.243809	0
10.193560	0.998459	0
11.192019	1.010068	40
12.202086	0.743038	39
12.945125	0.255420	40
13.200544	0.371519	42
13.572063	0.371519	39
13.943583	0.220590	0
14.164172	1.021678	0
15.185850	1.010069	41
16.195919	0.754648	39
16.950567	0.243809	40
17.194376	0.383129	42
17.577505	0.371519	39
17.949024	0.243811	0
18.192835	0.998457	0
19.191292	1.010069	40
20.201361	0.743038	39
20.944399	0.255419	40
21.199818	0.371521	42
21.571339	0.371519	39
21.942858	0.220589	0
22.163446	1.033289	0
23.196735	0.998457	41
24.195192	0.754648	39
24.949841	0.127710	39
25.077551	0.116100	39
25.193651	0.383129	42
25.576780	0.127710	39
25.704491	0.243809	39
25.948299	0.243809	0
26.192108	0.998459	0
27.190567	1.010067	40
28.200634	0.743040	39
28.943674	0.127708	39
29.071383	0.127710	41
29.199093	0.371519	42
29.570612	0.371519	39
29.942131	0.243811	0
30.185942	1.010067	0
31.196009	0.998457	0
32.194466	0.754650	39
32.949116	0.243809	39
33.192924	0.383129	42
33.576054	0.371521	39
33.947575	0.243809	0
34.191383	0.998459	0
35.189842	1.010067	40
36.199909	0.743038	39
36.942947	0.255421	40
37.198368	0.371517	42
37.569885	0.371521	39
37.941406	0.243809	0
38.185215	1.010067	0
39.195282	0.998459	0
40.193741	0.754650	39
40.948391	0.127708	39
41.076099	0.116100	39
41.192200	0.383129	42
41.575329	0.127708	39
41.703037	0.243813	39
41.946850	0.243809	0
42.190659	0.998459	0
43.189117	1.010067	40
44.199184	0.743038	39
44.942223	0.255421	40
45.197643	0.371517	42
45.569160	0.371521	39
45.940681	0.243809	0
46.184490	1.010067	0
47.194557	0.963627	0
48.158184	0.545670	43
48.703854	0.255421	42
48.959274	0.499229	42
49.458504	1.010067	43
50.468571	0.243809	49
50.712379	0.243813	52
50.956192	0.243809	51
51.200001	0.255417	51
51.455418	0.243813	46
51.699230	0.290249	56
51.989479	0.208981	54
52.198460	0.696598	55
52.895058	0.278637	55
53.173695	0.325081	66
53.498775	0.336689	52
53.835464	0.348301	57
54.183765	1.010067	55
55.193832	1.033287	55
56.227119	0.684990	52
56.912109	0.267029	52
57.179138	0.359909	54
57.539047	0.336689	52
57.875736	0.336689	57
58.212425	0.371521	48
58.583946	0.255421	49
58.839367	0.046436	0
58.885803	0.301861	54
59.187664	0.986847	54
60.174511	0.719822	52
60.894333	0.301857	51
61.196190	0.359909	63
61.556099	0.313469	51
61.869568	0.325081	57
62.194649	0.998459	58
63.193108	0.998459	59
64.191566	0.731430	51
64.922997	0.278633	51
65.201630	0.336693	54
65.538322	0.336685	52
65.875008	0.336693	57
66.211700	0.615326	48
66.827026	0.058052	0
66.885078	0.313469	55
67.198547	0.952019	54
68.150566	0.313469	53
68.464035	0.267029	49
68.731064	0.243813	49
68.974876	0.429565	49
69.404442	0.255424	49
69.659866	0.034828	49
69.694695	0.174149	50
69.868843	1.300316	52
71.169159	0.255424	51
71.424583	0.243805	51
71.668388	0.487617	54
72.156006	0.801094	54
72.957100	0.243805	57
73.200905	0.371521	58
73.572426	0.371521	55
73.943947	0.255417	58
74.199364	0.998459	58
75.197823	0.998459	0
76.196281	0.743042	51
76.939323	0.255417	43
77.194740	0.371521	42
77.566261	0.371513	0
77.937775	0.255424	57
78.193199	0.998459	57
79.191658	0.998459	0
80.190117	0.754646	39
80.944763	0.255417	40
81.200180	0.371521	42
81.571701	0.371521	39
81.943222	0.220589	0
82.163811	1.021675	0
83.185486	1.010071	40
84.195557	0.754646	39
84.950203	0.243813	40
85.194016	0.383125	42
85.577141	0.371521	39
85.948662	0.243813	0
86.192474	0.998459	0
87.190933	1.010063	40
88.200996	0.743042	39
88.944038	0.255417	40
89.199455	0.371521	42
89.570976	0.371521	39
89.942497	0.208977	0
90.151474	0.034828	0
90.186302	1.010071	0
91.196373	0.998459	41
92.194832	0.754646	39
92.949478	0.243813	40
93.193291	0.383125	42
93.576416	0.371521	39
93.947937	0.232201	0
94.180138	1.010063	0
95.190201	1.010071	40
96.200272	0.743042	39
96.943314	0.255417	40
97.198730	0.371521	42
97.570251	0.371521	39
97.941772	0.243805	0
98.185577	1.010071	0
99.195648	0.998459	0
100.194107	0.754646	39
100.948753	0.243813	39
101.192566	0.383125	42
101.575691	0.127708	39
101.703400	0.243813	39
101.947212	0.243805	0
102.191017	0.998459	0
103.189476	1.010071	40
104.199547	0.743042	39
104.942589	0.255417	40
105.198006	0.371521	42
105.569527	0.371513	39
105.941040	0.243813	0
106.184853	0.998459	0
107.183311	1.010071	0
108.193382	0.754646	39
108.948029	0.243805	40
109.191833	0.383133	42
109.574966	0.371521	39
109.946487	0.232201	0
110.178688	1.010063	0
111.188751	1.010071	40
112.198822	0.743034	39
112.941856	0.255424	40
113.197281	0.371521	42
113.568802	0.371513	39
113.940315	0.243813	0
114.184128	1.010071	0
115.194199	0.998451	41
116.192650	0.754654	39
116.947304	0.243805	39
117.191109	0.383133	42
117.574242	0.371521	39
117.945763	0.220589	0
118.166351	1.021675	0
119.188026	1.010071	0
120.198097	1.010063	43
121.208160	0.243813	43
121.451973	0.243813	43
121.695786	0.510834	43
122.206619	0.499229	51
122.705849	0.243813	45
122.949661	0.208977	51
123.158638	0.267029	51
123.425667	0.278641	54
123.704308	0.267029	61
123.971336	0.801086	64
124.772423	0.127716	64
124.900139	0.243805	64
125.143944	0.348305	64
125.492249	0.371513	64
125.863762	0.313469	64
126.177231	0.986855	67
127.164085	0.963631	78
128.127716	0.104477	76
128.232193	0.603729	75
128.835922	0.116089	76
128.952011	0.255432	76
129.207443	0.325073	76
129.532516	0.336685	76
129.869202	0.325089	75
130.194290	0.650162	75
130.844452	0.336685	78
131.181137	0.766251	81
131.947388	0.963638	78
132.911026	0.626938	75
133.537964	0.336685	76
133.874649	0.336685	75
134.211334	0.928802	66
135.140137	0.975235	66
136.115372	0.801086	63
136.916458	0.290253	64
137.206711	0.278641	63
137.485352	0.092880	64
137.578232	0.278641	64
137.856873	0.255417	70
138.112289	0.394745	67
138.507034	0.313461	62
138.820496	0.905579	81
139.726074	0.476013	75
140.202087	0.650162	75
140.852249	0.104492	76
140.956741	0.220581	76
141.177322	0.325089	76
141.502411	0.336685	75
141.839096	0.336685	76
142.175781	0.940414	79
143.116196	0.847519	78
143.963715	0.255417	76
144.219131	0.626953	75
144.846085	0.116089	75
144.962173	0.568893	75
145.531067	0.348297	76
145.879364	0.255417	76
146.134781	0.731430	79
146.866211	0.290253	79
147.156464	0.847534	78
148.003998	0.208969	75
148.212967	0.673386	75
148.886353	0.069656	76
148.956009	0.174149	76
149.130157	0.429565	75
149.559723	0.325089	76
149.884811	0.290253	75
150.175064	1.010056	78
151.185120	0.847534	78
152.032654	0.127716	75
152.160370	0.696594	75
152.856964	0.104492	76
152.961456	0.139313	76
153.100769	0.417953	76
153.518723	0.336700	76
153.855423	0.267029	76
154.122452	0.684982	79
154.807434	1.126175	78
155.933609	1.799545	67
157.733154	0.975235	51
158.708389	0.255417	55
158.963806	0.255417	56
159.219223	0.255432	52
159.474655	1.474457	52
160.949112	0.255417	57
161.204529	0.371521	58
161.576050	0.371521	51
161.947571	0.255417	52
162.202988	0.986847	40
163.189835	1.010071	40
164.199905	0.743042	39
164.942947	0.243805	40
165.186752	0.371521	42
165.558273	0.383133	44
165.941406	0.255417	45
166.196823	0.998459	47
167.195282	0.150925	0
167.346207	0.847534	41
168.193741	0.754654	39
168.948395	0.243805	39
169.192200	0.383133	42
169.575333	0.371521	39
169.946854	0.243805	0
170.190659	0.998459	0
171.189117	1.010071	40
172.199188	0.743027	39
172.942215	0.255432	40
173.197647	0.371521	42
173.569168	0.371506	39
173.940674	0.197372	0
174.138046	0.046448	0
174.184494	1.010071	0
175.194565	0.998444	41
176.193008	0.754654	39
176.947662	0.243805	40
177.191467	0.383133	42
177.574600	0.127716	39
177.702316	0.243805	39
177.946121	0.243805	0
178.189926	0.998459	0
179.188385	1.010071	40
180.198456	0.743042	39
180.941498	0.255417	40
181.196915	0.371521	42
181.568436	0.371521	39
181.939957	0.185760	0
182.125717	0.069656	0
182.195374	0.777863	0
182.973236	0.220596	0
183.193832	0.998459	0
184.192291	0.754654	39
184.946945	0.243805	39
185.190750	0.383133	42
185.573883	0.371521	39
185.945404	0.232193	0
186.177597	1.010071	0
187.187668	1.010071	40
188.197739	0.743027	39
188.940765	0.255432	40
189.196198	0.371506	42
189.567703	0.383133	39
189.950836	0.232208	0
190.183044	1.010056	0
191.193100	0.998459	0
192.191559	0.754654	39
192.946213	0.243805	39
193.190018	0.383133	42
193.573151	0.371521	39
193.944672	0.243805	0
194.188477	0.650162	0
194.838638	0.348297	0
195.186935	1.010071	40
196.197006	0.754654	39
196.951660	0.243805	40
197.195465	0.371521	42
197.566986	0.383133	39
197.950119	0.232193	0
198.182312	1.010071	0
199.192383	0.998459	0
200.190842	0.754639	39
200.945480	0.243820	39
201.189301	0.383133	42
201.572433	0.127701	39
201.700134	0.243805	39
201.943939	0.208984	0
202.152924	1.033295	0
203.186218	1.010056	0
204.196274	0.510849	43
204.707123	0.278641	43
204.985764	0.220581	43
205.206345	0.499237	44
205.705582	0.743042	52
206.448624	0.243805	52
206.692429	0.267029	57
206.959457	0.243805	56
207.203262	0.267029	57
207.470291	0.243820	52
207.714111	0.290237	57
208.004349	0.174149	58
208.178497	0.743042	52
208.921539	0.255417	52
209.176956	0.348297	66
209.525253	0.417969	63
209.943222	1.219040	58
211.162262	0.046448	59
211.208710	0.986847	59
212.195557	0.731430	63
212.926987	0.615326	65
213.542313	0.394745	63
213.937057	0.232193	62
214.169250	0.777863	60
214.947113	0.255432	60
215.202545	1.010056	59
216.212601	0.731430	63
216.944031	0.243820	64
217.187851	0.371521	66
217.559372	0.394730	63
217.954102	0.243805	68
218.197906	0.952026	63
219.149933	1.044891	61
220.194824	0.731430	64
220.926254	0.208984	64
221.135239	0.069656	65
221.204895	0.336685	66
221.541580	0.417969	63
221.959549	0.952011	58
222.911560	0.301865	56
223.213425	0.975235	59
224.188660	7.177872	51
