2.577415	0.406349	0
2.983764	0.185760	0
3.169524	0.429569	0
3.599093	0.197370	0
3.796463	0.626939	0
4.423401	0.243810	0
4.667211	0.162539	0
4.829751	0.232200	0
5.061950	0.394739	0
5.456689	0.441179	0
5.897869	0.394739	0
6.292608	0.197370	0
6.489977	0.383129	0
6.873106	0.243810	0
7.116916	0.406349	0
7.523265	0.162539	0
7.685805	0.232200	0
7.918005	0.185760	0
8.103765	0.220590	0
8.324354	0.789478	0
9.113832	0.417959	0
9.531792	0.592109	0
10.123900	0.208980	0
10.332880	0.615329	0
10.948209	0.197370	0
11.145578	0.429569	0
11.575148	0.383129	0
11.958277	0.394739	0
12.353016	0.429569	0
12.782585	0.174150	0
12.956735	0.162539	0
13.119274	0.394739	0
13.514013	0.359910	0
13.873923	0.185760	0
14.059683	0.197370	61
14.257052	0.185760	60
14.442812	0.185760	60
14.628572	0.394739	55
15.023311	0.383129	56
15.406440	0.371519	57
15.777959	0.359910	56
16.137869	0.383129	54
16.520998	0.359909	56
16.880907	0.371519	60
17.252426	0.371519	63
17.623945	0.383129	56
18.007074	0.371519	62
18.378593	0.383129	55
18.761723	0.359911	55
19.121634	0.383129	55
19.504763	0.359909	55
19.864672	0.383129	58
20.247801	0.371519	60
20.619320	0.371519	56
20.990839	0.371519	67
21.362358	0.359909	57
21.722267	0.371519	55
22.093786	0.371519	55
22.465305	0.371521	61
22.836826	0.359909	73
23.196735	0.371519	76
23.568254	0.383129	71
23.951384	0.359909	0
24.311293	0.371519	72
24.682812	0.359909	74
25.042721	0.359909	80
25.402630	0.371519	76
25.774149	0.174150	72
25.948299	0.185760	65
26.134060	0.185759	65
26.319818	0.174150	75
26.493969	0.371519	72
26.865488	0.359909	0
27.225397	0.383129	67
27.608526	0.371519	71
27.980045	0.383129	65
28.363174	0.371519	60
28.734694	0.371519	62
29.106213	0.371519	67
29.477732	0.383129	65
29.860861	0.371521	63
30.232382	0.371519	67
30.603901	0.371519	60
30.975420	0.371519	59
31.346939	0.371519	60
31.718458	0.359911	76
32.078369	0.359909	68
32.438278	0.371517	64
32.809795	0.371521	57
33.181316	0.359909	77
33.541225	0.371517	79
33.912743	0.371521	66
34.284264	0.359909	72
34.644173	0.371517	62
35.015690	0.359913	72
35.375603	0.371517	69
35.747120	0.371521	74
36.118641	0.359909	67
36.478550	0.359909	65
36.838459	0.348297	67
37.186756	0.383129	61
37.569885	0.185760	67
37.755646	0.174149	65
37.929794	0.197372	59
38.127167	0.150928	59
38.278095	0.383129	62
38.661224	0.359909	60
39.021133	0.359909	52
39.381042	0.371521	59
39.752563	0.359909	53
40.112473	0.359909	52
40.472382	0.371517	49
40.843899	0.359909	52
41.203808	0.371521	48
41.575329	0.185760	53
41.761089	0.174149	50
41.935238	0.336689	52
42.271927	0.383129	51
42.655056	0.336689	48
42.991745	0.371521	48
43.363266	0.185760	48
43.549026	0.197369	52
43.746395	0.371517	59
44.117912	0.325081	59
44.442993	0.034828	0
44.477821	0.185760	0
44.663582	0.185760	0
44.849342	0.162540	49
45.011883	0.174149	55
45.186031	0.371521	46
45.557552	0.371517	46
45.929070	0.371521	43
46.300591	0.371517	53
46.672108	0.383129	57
47.055237	0.336689	54
47.391926	0.208981	54
47.600906	0.150928	0
47.751835	0.359913	48
48.111748	0.359909	54
48.471657	0.383129	62
48.854786	0.208977	62
49.063763	0.174152	62
49.237915	0.185757	62
49.423672	0.174152	57
49.597824	0.174149	62
49.771973	0.208981	62
49.980953	0.371517	49
50.352470	0.174152	52
50.526623	0.185757	52
50.712379	0.336689	63
51.049068	0.394741	62
51.443810	0.348301	62
51.792110	0.394737	55
52.186848	0.336689	48
52.523537	0.406349	59
52.929886	0.325081	57
53.254967	0.394737	60
53.649704	0.150932	60
53.800636	0.208977	60
54.009613	0.383129	59
54.392742	0.359909	57
54.752651	0.197372	50
54.950024	0.139320	48
55.089344	0.336689	52
55.426033	0.452789	57
55.878822	0.359909	59
56.238731	0.174149	59
56.412880	0.197369	59
56.610249	0.127712	59
56.737961	0.243809	55
56.981770	0.359909	57
57.341679	0.174149	57
57.515827	0.185760	57
57.701588	0.174149	55
57.875736	0.162540	55
58.038277	0.325081	50
58.363358	0.104488	0
58.467846	0.301861	50
58.769707	0.406349	54
59.176056	0.359909	53
59.535965	0.371517	53
59.907482	0.185760	54
60.093243	0.162540	54
60.255783	0.185760	0
60.441544	0.185757	0
60.627300	0.174152	43
60.801453	0.174149	42
60.975601	0.174149	52
61.149750	0.185760	54
61.335510	0.162540	52
61.498051	0.220589	44
61.718639	0.348301	47
62.066940	0.348297	56
62.415237	0.383129	52
62.798367	0.383129	62
63.181496	0.359909	62
63.541405	0.174152	59
63.715557	0.058048	0
63.773605	0.452789	59
64.226395	0.429565	58
64.655960	0.162544	59
64.818504	0.545670	60
65.364174	0.150925	60
65.515099	0.232201	57
65.747299	0.336693	58
66.083992	0.371521	58
66.455513	0.301857	59
66.757370	0.185760	60
66.943130	0.232201	55
67.175331	0.359909	59
67.535240	0.348297	56
67.883537	0.383133	57
68.266670	0.336685	50
68.603355	0.383133	57
68.986488	0.150925	57
69.137413	0.185760	55
69.323174	0.208984	55
69.532158	0.185753	55
69.717911	0.208984	56
69.926895	0.150925	58
70.077820	0.348305	57
70.426125	0.383125	54
70.809250	0.359909	54
71.169159	0.348305	54
71.517464	0.208977	0
71.726440	0.162537	0
71.888977	0.185760	66
72.074738	0.139320	66
72.214058	0.197372	66
72.411430	0.197365	0
72.608795	0.185760	54
72.794556	0.336693	62
73.131248	0.162537	65
73.293785	0.359909	60
73.653694	0.127708	55
73.781403	0.220596	63
74.001999	0.359909	66
74.361908	0.336685	64
74.698593	0.208977	64
74.907570	0.174156	52
75.081726	0.139320	52
75.221046	0.197365	63
75.418411	0.371521	66
75.789932	0.301857	67
76.091789	0.104492	66
76.196281	0.278641	55
76.474922	0.069656	63
76.544579	0.371521	64
76.916100	0.336693	66
77.252792	0.301857	67
77.554649	0.092880	69
77.647530	0.348297	68
77.995827	0.197372	67
78.193199	0.139320	67
78.332520	0.290245	66
78.622765	0.127708	59
78.750473	0.359909	61
79.110382	0.325081	59
79.435463	0.208984	67
79.644447	0.150925	67
79.795372	0.383133	66
80.178505	0.371521	62
80.550026	0.348297	57
80.898323	0.394737	67
81.293060	0.267029	67
81.560089	0.104492	69
81.664581	0.313469	69
81.978050	0.406349	66
82.384399	0.371521	66
82.755920	0.348297	67
83.104218	0.336693	65
83.440910	0.325073	0
83.765984	0.371521	67
84.137505	0.208984	66
84.346489	0.139313	66
84.485802	0.220596	64
84.706398	0.208977	64
84.915375	0.336685	64
85.252060	0.208984	0
85.461044	0.150925	0
85.611969	0.371521	66
85.983490	0.371521	64
86.355011	0.359909	64
86.714920	0.197372	64
86.912292	0.162537	64
87.074829	0.371521	65
87.446350	0.197372	64
87.643723	0.197365	64
87.841087	0.348297	0
88.189384	0.197372	0
88.386757	0.162537	0
88.549294	0.359909	65
88.909203	0.383133	62
89.292336	0.185760	48
89.478096	0.174149	49
89.652245	0.197372	67
89.849617	0.139320	67
89.988937	0.046440	66
90.035378	0.359909	66
90.395287	0.371513	61
90.766800	0.325081	59
91.091881	0.220589	67
91.312469	0.139320	67
91.451790	0.371521	66
91.823311	0.383125	62
92.206436	0.325081	63
92.531517	0.406349	66
92.937866	0.162544	67
93.100410	0.197365	68
93.297775	0.371521	69
93.669296	0.371521	66
94.040817	0.359909	66
94.400726	0.348297	66
94.749023	0.359909	69
95.108932	0.348305	54
95.457237	0.208977	0
95.666214	0.150932	0
95.817146	0.348297	66
96.165443	0.185760	66
96.351204	0.185760	68
96.536964	0.383125	67
96.920090	0.348297	0
97.268387	0.359909	66
97.628296	0.371521	64
97.999817	0.359909	64
98.359726	0.348305	62
98.708031	0.371513	66
99.079544	0.359909	69
99.439453	0.383133	67
99.822586	0.162537	67
99.985123	0.174149	68
100.159271	0.383133	67
100.542404	0.348297	64
100.890701	0.348305	64
101.239006	0.371513	64
101.610519	0.371521	67
101.982040	0.371521	73
102.353561	0.336685	65
102.690247	0.359909	64
103.050156	0.383133	68
103.433289	0.359909	74
103.793198	0.325081	69
104.118279	0.383125	64
104.501404	0.383133	66
104.884537	0.348297	66
105.232834	0.359909	62
105.592743	0.371521	66
105.964264	0.359909	64
106.324173	0.371521	66
106.695694	0.325073	63
107.020767	0.267036	64
107.287804	0.104485	63
107.392288	0.185760	66
107.578049	0.185760	66
107.763809	0.185760	66
107.949570	0.174149	65
108.123718	0.371521	67
108.495239	0.359909	67
108.855148	0.336685	67
109.191833	0.383133	64
109.574966	0.371521	64
109.946487	0.348297	58
110.294785	0.719818	67
111.014603	0.383133	67
111.397736	0.325073	68
111.722809	0.371521	67
112.094330	0.359909	64
112.454239	0.336693	56
112.790932	0.383125	64
113.174057	0.359909	66
113.533966	0.359909	62
113.893875	0.301865	71
114.195740	0.081268	65
114.277008	0.336685	64
114.613693	0.359909	65
114.973602	0.371521	63
115.345123	0.348297	59
115.693420	0.348305	64
116.041725	0.359909	66
116.401634	0.371521	66
116.773155	0.336685	69
117.109840	0.371521	66
117.481361	0.348297	73
117.829659	0.359909	78
118.189568	0.336693	72
118.526260	0.371521	78
118.897781	0.348297	68
119.246078	0.174149	64
119.420227	0.174149	65
119.594376	0.371521	65
119.965897	0.359909	67
120.325806	0.325081	70
120.650887	0.406349	66
121.057236	0.348297	56
121.405533	0.371521	58
121.777054	0.394737	59
122.171791	0.336693	60
122.508484	0.359909	56
122.868393	0.383125	55
123.251518	0.336693	55
123.588211	0.220589	54
123.808800	0.174149	54
123.982948	0.336685	0
124.319633	0.383133	60
124.702766	0.371521	58
125.074287	0.371521	59
125.445808	0.325073	55
125.770882	0.406349	55
126.177231	0.313469	55
126.490700	0.406349	65
126.897049	0.348305	67
127.245354	0.359909	59
127.605263	0.371521	59
127.976784	0.359901	71
128.336685	0.313477	68
128.650162	0.406342	67
129.056503	0.325089	72
129.381592	0.406342	68
129.787933	0.325089	54
130.113022	0.371506	74
130.484528	0.696609	63
131.181137	0.371521	59
131.552658	0.383118	55
131.935776	0.336700	52
132.272476	0.359909	55
132.632385	0.371521	52
133.003906	0.383118	52
133.387024	0.359909	48
133.746933	0.359909	47
134.106842	0.359909	54
134.466751	0.185760	55
134.652512	0.185760	55
134.838272	0.336700	48
135.174973	0.208969	48
135.383942	0.150940	0
135.534882	0.371506	49
135.906387	0.208984	49
136.115372	0.139328	55
136.254700	0.185760	54
136.440460	0.185760	55
136.626221	0.371506	55
136.997726	0.336700	55
137.334427	0.394730	53
137.729156	0.348297	55
138.077454	0.359909	68
138.437363	0.359909	71
138.797272	0.197372	50
138.994644	0.174149	50
139.168793	0.348312	55
139.517105	0.371506	52
139.888611	0.359909	54
140.248520	0.185760	54
140.434280	0.185760	0
140.620041	0.185760	55
140.805801	0.150940	55
140.956741	0.371506	54
141.328247	0.359909	62
141.688156	0.185760	62
141.873917	0.162552	53
142.036469	0.162537	0
142.199005	0.185760	0
142.384766	0.174149	48
142.558914	0.197372	48
142.756287	0.359909	52
143.116196	0.348297	52
143.464493	0.348297	57
143.812790	0.406342	54
144.219131	0.359909	60
144.579041	0.371521	52
144.950562	0.127716	56
145.078278	0.232193	59
145.310471	0.371521	59
145.681992	0.336700	60
146.018692	0.383118	60
146.401810	0.174149	60
146.575958	0.185760	59
146.761719	0.371521	59
147.133240	0.336685	49
147.469925	0.185760	55
147.655685	0.197372	48
147.853058	0.325089	55
148.178146	0.417953	56
148.596100	0.278641	59
148.874741	0.441177	59
149.315918	0.150925	59
149.466843	0.232208	57
149.699051	0.348297	57
150.047348	0.313461	55
150.360809	0.406357	55
150.767166	0.348297	57
151.115463	0.383133	56
151.498596	0.348297	54
151.846893	0.162537	54
152.009430	0.197372	54
152.206802	0.336685	54
152.543488	0.185760	55
152.729248	0.185760	56
152.915009	0.174149	0
153.089157	0.174149	0
153.263306	0.174149	43
153.437454	0.185760	43
153.623215	0.162552	54
153.785767	0.185745	55
153.971512	0.150940	52
154.122452	0.220581	49
154.343033	0.336700	47
154.679733	0.371521	52
155.051254	0.371506	48
155.422760	0.371521	0
155.794281	0.359909	52
156.154190	0.197372	48
156.351562	0.058044	47
156.409607	0.417969	48
156.827576	0.429565	59
157.257141	0.243805	61
157.500946	0.464401	60
157.965347	0.139328	56
158.104675	0.568878	57
158.673553	0.371521	48
159.045074	0.301865	48
159.346939	0.394745	54
159.741684	0.394730	60
160.136414	0.336700	56
160.473114	0.220581	57
160.693695	0.150925	0
160.844620	0.325089	60
161.169708	0.417953	57
161.587662	0.325089	57
161.912750	0.394730	55
162.307480	0.185760	0
162.493240	0.150925	46
162.644165	0.359909	56
163.004074	0.394745	54
163.398819	0.150925	54
163.549744	0.185760	54
163.735504	0.336700	54
164.072205	0.139313	54
164.211517	0.220596	54
164.432114	0.348297	57
164.780411	0.150925	0
164.931335	0.197372	0
165.128708	0.162537	54
165.291245	0.359909	64
165.651154	0.197372	64
165.848526	0.348297	56
166.196823	0.301865	64
166.498688	0.034821	64
166.533508	0.034836	66
166.568344	0.301865	66
166.870209	0.417953	64
167.288162	0.267029	0
167.555191	0.383133	64
167.938324	0.081268	65
168.019592	0.174149	66
168.193741	0.162537	67
168.356277	0.359909	67
168.716187	0.162537	55
168.878723	0.127716	55
169.006439	0.301865	64
169.308304	0.278641	63
169.586945	0.208969	67
169.795914	0.359909	67
170.155823	0.348297	67
170.504120	0.197372	67
170.701492	0.139328	67
170.840820	0.278641	66
171.119461	0.116089	55
171.235550	0.371521	59
171.607071	0.325089	59
171.932159	0.208969	67
172.141129	0.162552	67
172.303680	0.371506	66
172.675186	0.336700	62
173.011887	0.359909	56
173.371796	0.220581	66
173.592377	0.150940	67
173.743317	0.313461	67
174.056778	0.046448	69
174.103226	0.174149	69
174.277374	0.185760	69
174.463135	0.719818	66
175.182953	0.348297	67
175.531250	0.348297	58
175.879547	0.313461	0
176.193008	0.371521	66
176.564529	0.197372	66
176.761902	0.162537	66
176.924438	0.197372	64
177.121811	0.208984	64
177.330795	0.336685	64
177.667480	0.348297	64
178.015778	0.383133	65
178.398911	0.336685	64
178.735596	0.371521	64
179.107117	0.197372	64
179.304489	0.150925	64
179.455414	0.371521	66
179.826935	0.371521	64
180.198456	0.348297	57
180.546753	0.336700	64
180.883453	0.383118	65
181.266571	0.359909	64
181.626480	0.348297	61
181.974777	0.336700	67
182.311478	0.208969	66
182.520447	0.174164	67
182.694611	0.371506	62
183.066116	0.348312	59
183.414429	0.348297	67
183.762726	0.313461	66
184.076187	0.046448	66
184.122635	0.359909	62
184.482544	0.348297	63
184.830841	0.371521	67
185.202362	0.185760	67
185.388123	0.162537	67
185.550659	0.371521	69
185.922180	0.359909	66
186.282089	0.359909	66
186.641998	0.336685	66
186.978683	0.359909	70
187.338593	0.197372	0
187.535965	0.139313	0
187.675278	0.359909	65
188.035187	0.185760	66
188.220947	0.162552	66
188.383499	0.197357	66
188.580856	0.162552	67
188.743408	0.371506	67
189.114914	0.359909	67
189.474823	0.371521	67
189.846344	0.359909	64
190.206253	0.336700	64
190.542953	0.371521	63
190.914474	0.371506	66
191.285980	0.348312	69
191.634293	0.394730	67
192.029022	0.325089	68
192.354111	0.359909	67
192.714020	0.371506	64
193.085526	0.336700	64
193.422226	0.371521	64
193.793747	0.371521	67
194.165268	0.371506	74
194.536774	0.325089	65
194.861862	0.348297	64
195.210159	0.383133	67
195.593292	0.359909	74
195.953201	0.336685	76
196.289886	0.371521	64
196.661407	0.359909	66
197.021317	0.348297	68
197.369614	0.348297	73
197.717911	0.371521	78
198.089432	0.359909	78
198.449341	0.371521	78
198.820862	0.336685	77
199.157547	0.371521	79
199.529068	0.174149	78
199.703217	0.185760	78
199.888977	0.174149	78
200.063126	0.162537	77
200.225662	0.371521	78
200.597183	0.359909	79
200.957092	0.359909	79
201.317001	0.359909	76
201.676910	0.359909	76
202.036819	0.336700	75
202.373520	0.371521	66
202.745041	0.359909	69
203.104950	0.359909	67
203.464859	0.348297	68
203.813156	0.371521	67
204.184677	0.348297	64
204.532974	0.348297	64
204.881271	0.359909	64
205.241180	0.359909	67
205.601089	0.359909	74
205.960999	0.313461	74
206.274460	0.394745	76
206.669205	0.348297	78
207.017502	0.359909	74
207.377411	0.301865	74
207.679276	0.046432	76
207.725708	0.348312	76
208.074020	0.359909	78
208.433929	0.336685	78
208.770615	0.348297	79
209.118912	0.348297	78
209.467209	0.174149	81
209.641357	0.162537	76
209.803894	0.197372	78
210.001266	0.139328	78
210.140594	0.336685	80
210.477280	0.185760	78
210.663040	0.174149	78
210.837189	0.185760	81
211.022949	0.150925	80
211.173874	0.185760	76
211.359634	0.162537	76
211.522171	0.371521	77
211.893692	0.325089	76
212.218781	0.394730	78
212.613510	0.185760	76
212.799271	0.162537	75
212.961807	0.348312	75
213.310120	0.336685	76
213.646805	0.371521	78
214.018326	0.348297	76
214.366623	0.371521	81
214.738144	0.348297	76
215.086441	0.371521	74
215.457962	0.359909	76
215.817871	0.359909	76
216.177780	0.359909	76
216.537689	0.719818	76
217.257507	0.359909	74
217.617416	0.359909	74
217.977325	0.359909	72
218.337234	0.185760	74
218.522995	0.174149	74
218.697144	0.348297	74
219.045441	0.348297	80
219.393738	0.383133	71
219.776871	0.325073	71
220.101944	0.348312	69
220.450256	0.348297	69
220.798553	0.348297	69
221.146851	0.174149	69
221.320999	0.174149	72
221.495148	0.174149	69
221.669296	0.174149	69
221.843445	0.185760	70
222.029205	0.150925	70
222.180130	0.197372	75
222.377502	0.174149	77
222.551651	0.162537	73
222.714188	0.185760	74
222.899948	0.348312	74
223.248260	0.359909	78
223.608170	0.557266	68
224.165436	0.174149	76
224.339584	0.336700	59
224.676285	0.359909	60
225.036194	0.359909	71
225.396103	0.371521	71
225.767624	0.359909	55
226.127533	0.359909	55
226.487442	0.359909	55
226.847351	0.185760	60
227.033112	0.174149	59
227.207260	0.185760	60
227.393021	0.162537	58
227.555557	0.348297	62
227.903854	0.708206	66
228.612061	0.359909	70
228.971970	0.359909	78
229.331879	0.359909	80
229.691788	0.348297	72
230.040085	0.185760	73
230.225845	0.162552	67
230.388397	0.336685	71
230.725082	0.371521	77
231.096603	0.336685	79
231.433289	0.185760	76
231.619049	0.162537	72
231.781586	0.348297	76
232.129883	0.348297	77
232.478180	0.348312	79
232.826492	0.174149	73
233.000641	0.162537	71
233.163177	0.336685	75
233.499863	0.185760	76
233.685623	0.174149	76
233.859772	0.348297	77
234.208069	0.696609	72
234.904678	0.301849	59
235.206528	0.348297	66
235.554825	0.348297	71
235.903122	0.348312	67
236.251434	0.348297	51
236.599731	0.348297	51
236.948029	0.348297	0
237.296326	0.150925	55
237.447250	0.185760	55
237.633011	0.336700	48
237.969711	0.162537	0
238.132248	0.174149	0
238.306396	0.348297	0
238.654694	0.162537	48
238.817230	0.162537	48
238.979767	0.371521	45
239.351288	0.325089	0
239.676376	0.348297	0
240.024673	0.162537	0
240.187210	0.174149	0
240.361359	0.336685	0
240.698044	0.185760	0
240.883804	0.162552	0
241.046356	0.336685	0
241.383041	0.359909	0
241.742950	0.336685	43
242.079636	0.174149	0
242.253784	0.162537	0
242.416321	0.348312	0
242.764633	0.185745	0
242.950378	0.174164	0
243.124542	0.336685	0
243.461227	0.174149	0
243.635376	0.162537	0
243.797913	0.325073	0
244.122986	0.208984	0
244.331970	0.139328	0
244.471298	0.348297	50
244.819595	0.185760	43
245.005356	0.174149	44
245.179504	0.336685	52
245.516190	0.174149	52
245.690338	0.174149	52
245.864487	0.325089	52
246.189575	0.208969	52
246.398544	0.150940	52
246.549484	0.336685	52
246.886169	0.197372	52
247.083542	0.150925	52
247.234467	0.348297	52
247.582764	0.174149	0
247.756912	0.139328	0
247.896240	0.359909	71
248.256149	0.185760	0
248.441910	0.162537	0
248.604446	0.208984	0
248.813431	0.127701	0
248.941132	0.197372	0
249.138504	0.150925	0
249.289429	0.185760	0
249.475189	0.150940	0
249.626129	0.185760	0
249.811890	0.150925	0
249.962814	0.359909	71
250.322723	0.162537	71
250.485260	0.162537	71
250.647797	0.325089	71
250.972885	0.185760	72
251.158646	0.150925	0
251.309570	0.336685	0
251.646255	0.348297	69
251.994553	0.325089	71
252.319641	0.336685	71
252.656326	0.336685	71
252.993011	0.336700	71
253.329712	0.348297	71
253.678009	0.336685	72
254.014694	0.325073	72
254.339767	0.336700	81
254.676468	0.325073	73
255.001541	0.174149	72
255.175690	0.174149	71
255.349838	0.162537	71
255.512375	0.174149	71
255.686523	0.174164	71
255.860687	0.162537	71
256.023224	0.359894	66
256.383118	0.336700	67
256.719818	0.359924	67
257.079742	0.359894	75
257.439636	0.359924	66
257.799561	0.336670	66
258.136230	0.359924	71
258.496155	0.348297	71
258.844452	0.348297	71
259.192749	0.348297	70
259.541046	0.336700	69
259.877747	0.359894	75
260.237640	0.348297	67
260.585938	0.336700	71
260.922638	0.348297	71
261.270935	0.348297	71
261.619232	0.359894	71
261.979126	0.348297	69
262.327423	0.336700	69
262.664124	0.359924	75
263.024048	0.348297	66
263.372345	0.336670	66
263.709015	0.371521	66
264.080536	0.325073	66
264.405609	0.371521	71
264.777130	0.336700	69
265.113831	0.336700	69
265.450531	0.359894	69
265.810425	0.336700	68
266.147125	0.336670	66
266.483795	0.359924	69
266.843719	0.348297	69
267.192017	0.348297	69
267.540314	0.348297	71
267.888611	0.359924	71
268.248535	0.197357	75
268.445892	0.139313	76
268.585205	0.348297	75
268.933502	0.336700	74
269.270203	0.348297	72
269.618500	0.336700	69
269.955200	0.348297	69
270.303497	0.348297	71
270.651794	0.336700	71
270.988495	0.336670	71
271.325165	0.348297	70
271.673462	0.325073	69
271.998535	0.359924	69
272.358459	0.336700	69
272.695160	0.348297	68
273.043457	0.336670	66
273.380127	0.348297	66
273.728424	0.336700	66
274.065125	0.336700	66
274.401825	0.325073	66
274.726898	0.359894	66
275.086792	0.336700	66
275.423492	0.348297	68
275.771790	0.325073	64
276.096863	0.336700	65
276.433563	0.336700	69
276.770264	0.336670	70
277.106934	0.336700	71
277.443634	0.673370	68
278.117004	0.359924	66
278.476929	0.325073	67
278.802002	0.359894	67
279.161896	0.336700	69
279.498596	0.348297	71
279.846893	0.313477	71
280.160370	0.696594	68
280.856964	0.371521	66
281.228485	0.325073	67
281.553558	0.348297	66
281.901855	0.336700	69
282.238556	0.336670	66
282.575226	0.348297	68
282.923523	0.348328	69
283.271851	0.336670	71
283.608521	0.684998	68
284.293518	0.348297	70
284.641815	0.336700	76
284.978516	0.348297	66
285.326813	0.325073	66
285.651886	0.359894	66
286.011780	0.325104	67
286.336884	0.336670	66
286.673553	0.325073	64
286.998627	0.336700	64
287.335327	0.325073	68
287.660400	0.336700	64
287.997101	0.336700	64
288.333801	0.336670	68
288.670471	0.336700	69
289.007172	0.719818	66
289.726990	0.336670	63
290.063660	0.348328	64
290.411987	0.336670	64
290.748657	0.174164	59
290.922821	0.162537	59
291.085358	0.348297	59
291.433655	0.174133	62
291.607788	0.162567	0
291.770355	0.348297	48
292.118652	0.174133	55
292.292786	0.174164	55
292.466949	0.325073	55
292.792023	0.208984	0
293.001007	0.139313	0
293.140320	0.325073	0
293.465393	0.197388	55
293.662781	0.150909	0
293.813690	0.359924	0
294.173615	0.325073	43
294.498688	0.325073	0
294.823761	0.174164	0
294.997925	0.162537	0
295.160461	0.336670	0
295.497131	0.197388	0
295.694519	0.150909	0
295.845428	0.185760	0
296.031189	0.162567	0
296.193756	0.174133	0
296.367889	0.174164	0
296.542053	0.336670	43
296.878723	0.162537	0
297.041260	0.174164	0
297.215424	0.336700	0
297.552124	0.185730	0
297.737854	0.162567	0
297.900421	0.336670	0
298.237091	0.185760	48
298.422852	0.139313	0
298.562164	0.197388	0
298.759552	0.139313	0
298.898865	0.197357	0
299.096222	0.162567	0
299.258789	0.348297	0
299.607086	0.174133	0
299.781219	0.174164	0
299.955383	0.371521	0
300.326904	0.174133	0
300.501038	0.150940	0
300.651978	0.336670	0
300.988647	0.185760	0
301.174408	0.162567	0
301.336975	0.336670	0
301.673645	0.174164	0
301.847809	0.174133	0
302.021942	0.336700	0
302.358643	0.174133	0
302.532776	0.174164	0
302.706940	0.185760	0
302.892700	0.150940	0
303.043640	0.174133	0
303.217773	0.174164	0
303.391937	0.197357	0
303.589294	0.139313	0
303.728607	0.197388	0
303.925995	0.150909	50
304.076904	0.185760	57
304.262665	0.162537	57
304.425201	0.336700	57
304.761902	0.162537	45
304.924438	0.185760	0
305.110199	0.162537	0
305.272736	0.185760	0
305.458496	2.472931	47
