1.230658	0.383129	65
1.613787	0.661769	63
2.275556	0.371519	59
2.647075	0.290249	61
2.937324	0.278639	60
3.215964	0.452789	62
3.668753	0.522449	62
4.191202	0.162540	59
4.353742	0.603719	59
4.957460	0.150929	58
5.108390	0.336689	58
5.445079	0.220590	0
5.665669	0.092880	58
5.758549	0.336689	58
6.095238	0.429569	60
6.524807	0.673378	60
7.198186	0.557279	58
7.755465	0.139319	57
7.894784	0.197370	55
8.092155	0.174150	57
8.266304	0.197370	57
8.463674	0.359909	58
8.823583	1.068118	55
9.891701	2.020136	55
11.911837	0.348299	53
12.260136	0.174150	65
12.434286	0.116099	64
12.550385	0.116099	65
12.666485	0.870749	61
13.537233	0.174150	60
13.711383	0.232200	60
13.943583	0.592109	60
14.535691	0.150930	63
14.686622	0.406349	61
15.092971	0.267029	57
15.360000	0.661769	58
16.021769	0.243809	57
16.265577	0.162540	58
16.428118	0.197371	58
16.625488	0.452789	60
17.078278	0.243809	59
17.322086	0.534060	58
17.856146	0.104488	56
17.960634	0.603720	57
18.564354	0.058050	56
18.622404	0.348299	56
18.970703	0.278639	58
19.249342	0.348299	59
19.597641	1.300318	54
20.897959	0.336689	66
21.234648	0.127710	67
21.362358	0.406349	66
21.768707	0.174150	66
21.942858	0.359909	64
22.302767	0.243809	63
22.546576	0.174150	65
22.720726	0.185759	69
22.906485	0.325081	67
23.231565	0.069658	64
23.301224	0.394739	64
23.695963	0.220591	64
23.916553	0.162539	63
24.079092	0.174150	69
24.253242	0.325079	68
24.578321	0.731430	68
25.309752	0.336689	65
25.646441	0.383129	67
26.029570	0.394739	67
26.424309	0.197369	67
26.621677	0.174150	67
26.795828	0.174149	68
26.969976	0.336691	67
27.306667	0.069658	66
27.376326	0.255421	62
27.631746	0.127710	62
27.759457	0.220589	60
27.980045	0.092880	64
28.072926	0.336689	68
28.409615	0.255419	67
28.665033	0.127710	65
28.792744	0.208981	63
29.001724	0.150928	63
29.152653	0.243811	69
29.396463	0.673378	68
30.069841	0.290249	70
30.360090	0.092880	70
30.452971	0.812698	67
31.265669	0.464399	70
31.730068	0.301861	61
32.031929	0.394737	67
32.426666	0.325081	67
32.751747	0.487617	65
33.239365	0.162540	65
33.401905	0.081268	65
33.483173	0.301861	64
33.785034	0.406349	66
34.191383	0.429569	65
34.620953	0.185760	65
34.806713	0.325077	65
35.131790	0.417961	66
35.549751	0.406349	65
35.956100	0.185760	65
36.141861	0.394737	65
36.536598	0.394741	66
36.931339	0.267029	65
37.198368	0.139320	65
37.337688	0.208977	65
37.546665	0.371521	67
37.918186	0.278641	67
38.196827	0.116096	67
38.312923	0.348301	63
38.661224	0.336689	70
38.997913	0.313469	67
39.311382	0.092880	67
39.404263	0.290249	66
39.694511	0.220592	63
39.915104	0.127708	63
40.042812	0.278641	78
40.321453	0.638546	67
40.959999	0.034832	72
40.994831	1.253876	68
42.248707	0.510841	68
42.759548	0.139317	70
42.898865	0.441181	67
43.340046	0.348297	66
43.688343	0.267033	67
43.955376	0.127708	71
44.083084	0.847527	68
44.930611	0.859138	65
45.789749	0.069660	65
45.859409	0.220592	66
46.080002	0.301857	67
46.381859	0.092880	68
46.474739	0.232201	70
46.706940	0.116100	70
46.823040	0.661766	68
47.484806	0.870750	66
48.355556	0.185760	66
48.541317	0.325077	65
48.866394	0.336689	66
49.203083	0.429569	63
49.632652	0.185760	62
49.818413	0.325081	65
50.143494	0.104488	65
50.247982	0.325081	66
50.573063	0.406349	63
50.979412	0.197369	62
51.176781	0.325077	65
51.501858	0.127712	67
51.629570	0.255417	67
51.884987	0.081272	67
51.966259	0.476009	68
52.442268	0.127708	69
52.569977	0.290249	67
52.860226	0.394741	67
53.254967	0.278637	67
53.533604	0.406349	68
53.939953	0.267033	66
54.206985	0.116100	67
54.323086	0.313469	67
54.636555	0.267029	67
54.903584	0.116100	70
55.019684	0.882359	68
55.902042	0.789478	65
56.691521	0.243809	65
56.935329	0.220589	67
57.155918	0.116100	67
57.272018	0.301861	69
57.573879	0.116096	71
57.689976	0.441181	68
58.131157	0.429569	68
58.560726	0.127708	65
58.688435	0.603718	65
59.292152	0.417961	64
59.710114	0.325081	66
60.035194	0.383129	63
60.418324	0.220589	62
60.638912	0.255421	65
60.894333	0.150928	64
61.045261	0.325077	66
61.370338	0.441181	63
61.811520	0.174149	75
61.985668	0.278641	65
62.264309	0.127708	66
62.392017	0.278641	67
62.670658	0.255421	67
62.926079	0.301857	69
63.227936	0.127712	67
63.355648	0.278637	67
63.634285	0.290249	70
63.924534	0.127712	67
64.052246	0.150932	66
64.203178	0.046432	67
64.249611	0.034836	67
64.284447	0.406349	67
64.690796	0.708206	68
65.399002	0.162537	64
65.561539	0.139320	65
65.700859	0.406349	67
66.107208	0.719818	68
66.827026	0.081276	68
66.908302	0.267029	67
67.175331	0.383125	66
67.558456	0.684990	59
68.243446	0.069664	60
68.313110	0.034828	61
68.347939	0.510834	60
68.858772	0.185760	60
69.044533	0.487625	67
69.532158	0.185753	68
69.717911	0.104492	67
69.822403	0.359909	67
70.182312	0.232201	67
70.414513	0.081268	57
70.495781	0.568893	61
71.064674	0.092880	60
71.157555	0.522446	60
71.680000	0.185760	60
71.865761	0.394737	68
72.260498	0.383133	68
72.643631	0.429565	67
73.073196	0.197372	67
73.270569	0.696594	59
73.967163	0.464401	58
74.431564	0.232201	72
74.663765	0.545670	67
75.209435	0.638550	67
75.847984	0.208977	67
76.056961	0.638550	58
76.695511	0.371521	58
77.067032	3.587479	60
80.654510	0.092880	62
80.747391	0.290253	64
81.037643	0.673378	63
81.711021	0.383125	59
82.094147	0.208984	59
82.303131	0.754646	61
83.057777	0.476013	61
83.533791	0.174149	56
83.707939	0.174149	57
83.882088	0.208977	59
84.091064	0.290253	58
84.381317	0.092880	58
84.474197	0.313469	58
84.787666	0.243805	56
85.031471	0.278641	58
85.310112	0.127708	57
85.437820	0.348305	60
85.786125	0.069656	60
85.855782	0.417961	60
86.273743	0.185760	60
86.459503	0.696594	57
87.156097	0.476013	55
87.632111	0.232201	54
87.864311	0.336685	57
88.200996	0.394737	56
88.595734	2.623856	55
91.219589	0.325081	54
91.544670	0.383133	64
91.927803	0.313469	63
92.241272	0.325081	62
92.566353	0.232193	59
92.798546	0.383133	60
93.181679	0.429565	60
93.611244	0.208984	62
93.820229	0.139320	62
93.959549	0.626938	61
94.586487	0.325081	59
94.911568	0.313469	58
95.225037	0.278633	58
95.503670	0.220596	58
95.724266	0.174149	56
95.898415	0.417953	60
96.316368	0.197372	59
96.513741	0.359909	59
96.873650	0.359909	60
97.233559	0.383133	57
97.616692	0.232201	57
97.848892	0.394737	55
98.243629	0.267029	56
98.510658	0.394737	59
98.905396	0.058052	56
98.963448	1.265488	55
100.228935	0.290245	71
100.519180	0.371521	67
100.890701	0.267029	68
101.157730	0.116104	67
101.273834	0.487617	65
101.761452	0.174149	65
101.935600	0.255417	64
102.191017	0.116104	67
102.307121	0.336685	67
102.643806	0.441185	65
103.084991	0.139320	65
103.224312	0.290245	64
103.514557	0.127708	66
103.642265	0.197372	67
103.839638	0.139320	69
103.978958	0.429565	68
104.408524	0.185760	68
104.594284	0.220589	64
104.814873	0.150932	66
104.965805	0.162537	68
105.128342	0.127716	68
105.256058	0.638542	67
105.894600	0.406349	66
106.300949	0.267036	67
106.567986	0.116096	65
106.684082	0.650162	61
107.334244	0.325073	68
107.659317	0.394745	67
108.054062	0.359909	63
108.413971	0.232201	63
108.646172	0.371513	68
109.017685	0.290253	67
109.307938	0.313469	70
109.621407	0.069656	71
109.691063	0.789482	67
110.480545	0.476006	67
110.956551	0.255424	67
111.211975	0.383125	68
111.595100	0.325081	67
111.920181	0.499229	65
112.419411	0.185760	65
112.605171	0.348297	65
112.953468	0.116104	65
113.069572	0.278633	67
113.348206	0.487625	65
113.835831	0.208977	65
114.044807	0.278641	64
114.323448	0.383125	66
114.706573	0.499229	65
115.205803	0.162544	65
115.368347	0.336685	65
115.705032	0.394737	66
116.099770	0.255424	65
116.355194	0.162537	66
116.517731	0.197372	70
116.715103	0.255417	67
116.970520	0.127708	68
117.098228	0.267029	67
117.365257	0.104492	67
117.469749	0.359909	64
117.829659	0.232201	72
118.061859	0.092880	67
118.154739	0.325081	68
118.479820	0.394737	67
118.874557	0.313469	63
119.188026	0.267029	0
119.455055	0.394737	68
119.849792	0.290253	69
120.140045	1.242271	68
121.382317	0.464394	71
121.846710	0.116104	69
121.962814	0.383125	71
122.345940	0.325081	67
122.671021	0.069656	67
122.740677	0.208984	67
122.949661	0.127708	71
123.077370	0.824310	68
123.901680	0.719818	65
124.621498	0.081268	67
124.702766	0.232201	68
124.934967	0.336685	67
125.271652	0.092880	68
125.364532	0.232201	70
125.596733	0.104492	71
125.701225	0.406349	68
126.107574	0.243813	69
126.351387	0.220589	67
126.571976	0.441177	65
127.013153	0.208977	65
127.222130	0.278641	65
127.500771	0.127708	64
127.628479	0.301865	66
127.930344	0.301849	63
128.232193	0.336700	61
128.568893	0.232193	65
128.801086	0.185760	64
128.986847	0.336685	66
129.323532	0.626938	62
129.950470	0.301865	65
130.252335	0.116104	66
130.368439	0.267029	67
130.635468	0.267029	67
130.902496	0.394730	68
131.297226	0.290253	67
131.587479	0.394745	67
131.982224	0.267029	67
132.249252	0.394745	67
132.643997	0.267029	67
132.911026	0.104477	67
133.015503	0.336700	67
133.352203	0.267029	67
133.619232	0.139313	71
133.758545	0.847534	67
134.606079	0.696594	66
135.302673	0.301865	67
135.604538	0.232193	67
135.836731	0.104492	67
135.941223	0.092880	68
136.034103	0.220596	70
136.254700	0.104477	70
136.359177	0.429581	67
136.788757	0.394730	68
137.183487	0.150940	67
137.334427	0.417953	64
137.752380	0.185760	65
137.938141	0.301865	65
138.240005	0.104477	64
138.344482	0.348312	66
138.692795	0.406342	63
139.099136	0.197372	62
139.296509	0.336685	66
139.633194	0.104492	65
139.737686	0.325073	66
140.062759	0.383133	63
140.445892	0.208984	62
140.654877	0.325073	65
140.979950	0.104492	67
141.084442	0.278641	67
141.363083	0.081268	67
141.444351	0.557281	67
142.001633	0.301865	67
142.303497	0.417953	69
142.721451	0.243805	67
142.965256	0.417969	67
143.383224	0.208969	67
143.592194	0.441193	67
144.033386	0.267029	65
144.300415	0.394730	68
144.695145	0.255417	65
144.950562	0.429581	68
145.380142	0.267029	65
145.647171	0.417953	66
146.065125	0.255417	65
146.320541	0.406357	65
146.726898	0.348297	65
147.075195	0.359909	67
147.435104	0.174149	66
147.609253	0.522446	65
148.131699	0.243805	65
148.375504	0.441193	65
148.816696	0.267029	65
149.083725	0.127701	65
149.211426	0.336685	67
149.548111	2.333618	63
151.881729	0.394730	60
152.276459	0.208984	59
152.485443	2.751556	58
155.237000	0.348312	60
155.585312	0.081268	63
155.666580	0.522446	67
156.189026	0.116104	67
156.305130	0.650146	67
156.955276	0.348312	59
157.303589	0.766251	60
158.069839	0.232208	61
158.302048	0.069656	66
158.371704	0.684982	68
159.056686	0.673386	67
159.730072	0.069656	57
159.799728	0.104492	59
159.904221	0.371521	61
160.275742	0.034821	61
160.310562	0.568893	60
160.879456	0.220596	60
161.100052	0.069656	67
161.169708	0.580490	68
161.750198	0.777878	67
162.528076	0.580490	0
163.108566	0.499237	77
163.607803	0.267029	76
163.874832	0.626938	67
164.501770	0.441177	67
164.942947	0.278641	67
165.221588	0.626938	0
165.848526	0.417953	0
166.266479	3.738419	78
