2.078186	0.499229	0
2.577415	2.321995	0
4.899410	1.149388	0
6.048798	0.499229	0
6.548027	0.452789	0
7.000816	0.487619	0
7.488435	0.464399	0
7.952835	0.487619	0
8.440454	0.232200	0
8.672653	0.232200	0
8.904853	0.232200	0
9.137053	0.255419	0
9.392471	0.441179	0
9.833651	0.952019	0
10.785669	0.487618	0
11.273288	0.441179	0
11.714467	0.476009	0
12.190476	0.452789	0
12.643266	0.255419	0
12.898685	0.220590	0
13.119274	0.232200	0
13.351474	0.243810	0
13.595284	0.232200	0
13.827483	0.487618	68
14.315102	0.243810	69
14.558911	0.243810	68
14.802721	0.232200	68
15.034921	0.232200	68
15.267120	0.243810	69
15.510930	0.232199	68
15.743129	0.255420	68
15.998549	0.220591	68
16.219139	0.243809	68
16.462948	0.220589	68
16.683537	0.476009	64
17.159546	0.476009	64
17.635555	0.464399	64
18.099955	0.243809	64
18.343763	0.243811	71
18.587574	0.255419	71
18.842993	0.197371	71
19.040363	0.255419	71
19.295782	0.232201	71
19.527983	0.255419	70
19.783401	0.208979	71
19.992380	0.243811	71
20.236191	0.232199	70
20.468390	0.255421	69
20.723810	0.208979	72
20.932789	0.476009	69
21.408798	0.476009	64
21.884808	0.232199	64
22.117006	0.243811	72
22.360817	0.255419	72
22.616236	0.220591	72
22.836826	0.243809	72
23.080635	0.232199	72
23.312834	0.243811	72
23.556644	0.220589	72
23.777233	0.243811	72
24.021044	0.232199	72
24.253242	0.243809	69
24.497051	0.232201	70
24.729252	0.255419	72
24.984671	0.232201	76
25.216871	0.452789	75
25.669661	0.243809	75
25.913469	0.243809	75
26.157278	0.232201	75
26.389479	0.220589	75
26.610067	0.464399	75
27.074467	0.499229	74
27.573696	0.243809	74
27.817505	0.220591	74
28.038095	0.127710	74
28.165806	0.336689	73
28.502495	0.127708	74
28.630203	0.139320	74
28.769524	0.243811	79
29.013334	0.325079	78
29.338413	0.127708	59
29.466122	0.243811	59
29.709932	0.220589	60
29.930521	0.267031	72
30.197552	0.208979	67
30.406530	0.255421	68
30.661951	0.208979	0
30.870930	0.278639	60
31.149569	0.197371	59
31.346939	0.220589	59
31.567528	0.255421	59
31.822948	0.255421	58
32.078369	0.197369	57
32.275738	0.255417	59
32.531155	0.243813	60
32.774967	0.267029	59
33.041996	0.197369	59
33.239365	0.232201	59
33.471565	0.243809	60
33.715374	0.464397	58
34.179771	0.278641	55
34.458412	0.197369	55
34.655781	0.243813	59
34.899593	0.220589	57
35.120182	0.243809	56
35.363991	0.243809	57
35.607800	0.116100	56
35.723900	0.139320	0
35.863220	0.174149	0
36.037369	0.487621	61
36.524990	0.464397	63
36.989388	0.267029	63
37.256416	0.232201	63
37.488617	0.220589	63
37.709206	0.220589	60
37.929794	0.278641	59
38.208435	0.139320	60
38.347755	0.092880	59
38.440636	0.243809	56
38.684444	0.208981	54
38.893425	0.243809	52
39.137234	0.208981	54
39.346214	0.278637	0
39.624851	0.220592	0
39.845444	0.417957	0
40.263401	0.267029	0
40.530430	0.267029	60
40.797459	0.255421	62
41.052879	0.243809	59
41.296688	0.243813	59
41.540501	0.220589	59
41.761089	0.487617	59
42.248707	0.476009	62
42.724716	0.243809	63
42.968525	0.243813	64
43.212337	0.220589	60
43.432926	0.255417	55
43.688343	0.464401	59
44.152744	0.476009	60
44.628754	0.255417	59
44.884171	0.232201	59
45.116371	0.220589	60
45.336960	0.243813	55
45.580772	0.255417	55
45.836189	0.220592	54
46.056782	0.290249	60
46.347031	0.197369	0
46.544399	0.208981	0
46.753380	0.267029	59
47.020409	0.243809	58
47.264217	0.116100	57
47.380318	0.127708	0
47.508026	0.476009	59
47.984035	0.255421	59
48.239456	0.208981	59
48.448437	0.243809	60
48.692245	0.208981	59
48.901226	0.208977	60
49.110203	0.290249	56
49.400452	0.243813	55
49.644264	0.232197	56
49.876461	0.208981	59
50.085442	0.255421	61
50.340862	0.243809	57
50.584671	0.243809	57
50.828480	0.220589	57
51.049068	0.232201	0
51.281269	0.301861	0
51.583130	0.197369	62
51.780499	0.452789	63
52.233288	0.267029	63
52.500317	0.232201	63
52.732517	0.232201	63
52.964718	0.232197	60
53.196915	0.255421	59
53.452335	0.220589	60
53.672924	0.476009	56
54.148933	0.232201	54
54.381134	0.243809	55
54.624943	0.476009	0
55.100952	0.441181	0
55.542133	0.406349	61
55.948483	0.092876	60
56.041359	0.243813	61
56.285172	0.243809	60
56.528980	0.220589	58
56.749569	0.232201	58
56.981770	0.267029	59
57.248798	0.208981	59
57.457779	0.267029	57
57.724808	0.208981	0
57.933788	0.232197	0
58.165985	0.220592	73
58.386578	0.383129	69
58.769707	0.127708	76
58.897415	0.197369	73
59.094784	0.150932	70
59.245716	0.441177	71
59.686893	0.150928	77
59.837822	0.232201	78
60.070023	0.243809	69
60.313831	0.243809	69
60.557640	0.220592	69
60.778233	0.499229	67
61.277462	0.150928	0
61.428391	0.058048	80
61.486439	0.394741	74
61.881180	0.127708	72
62.008888	0.232201	75
62.241089	0.232201	73
62.473289	0.394737	71
62.868027	0.766258	72
63.634285	0.232201	75
63.866486	0.499229	72
64.365715	0.232201	72
64.597916	0.255417	72
64.853333	0.185760	71
65.039093	0.522446	68
65.561539	0.232201	66
65.793739	0.243813	64
66.037552	0.464401	66
66.501953	0.290245	66
66.792198	0.174149	68
66.966347	0.510841	64
67.477188	0.243813	64
67.721001	0.232193	64
67.953194	0.243813	62
68.197006	0.255417	62
68.452423	0.104492	64
68.556915	0.383133	66
68.940048	0.476006	63
69.416054	0.232201	62
69.648254	0.255417	64
69.903671	0.232201	64
70.135872	0.208984	63
70.344856	0.301857	64
70.646713	0.197365	64
70.844078	0.476013	64
71.320091	0.232201	62
71.552292	0.150925	59
71.703217	0.127716	59
71.830933	0.220589	62
72.051521	0.197365	71
72.248886	0.046440	71
72.295326	0.255424	69
72.550751	0.174149	72
72.724899	0.522446	66
73.247345	0.232201	66
73.479546	0.232201	66
73.711746	0.487617	64
74.199364	0.255424	60
74.454788	0.116096	62
74.570885	0.116096	63
74.686981	0.476013	62
75.162994	0.243805	62
75.406799	0.243813	62
75.650612	0.371521	62
76.022133	0.116096	62
76.138229	0.476013	63
76.614243	0.220589	0
76.834831	0.267029	0
77.101860	0.243813	54
77.345673	0.232193	0
77.577866	0.208984	58
77.786850	0.278641	66
78.065491	0.963623	61
79.029114	0.208984	61
79.238098	0.290245	58
79.528343	0.232201	66
79.760544	0.232201	73
79.992744	0.243813	71
80.236557	0.243805	71
80.480362	0.476013	68
80.956375	0.232193	66
81.188568	0.220596	66
81.409164	0.290245	66
81.699409	0.127708	66
81.827118	0.104492	66
81.931610	0.243813	66
82.175423	0.197365	66
82.372787	0.406349	64
82.779137	0.092880	64
82.872017	0.255424	64
83.127441	0.220589	64
83.348030	0.243805	62
83.591835	0.232201	62
83.824036	0.232201	57
84.056236	0.255417	64
84.311653	0.476013	63
84.787666	0.232201	64
85.019867	0.255417	64
85.275284	0.232201	63
85.507484	0.197365	63
85.704849	0.510841	74
86.215691	0.499229	77
86.714920	0.232201	73
86.947121	0.232201	72
87.179321	0.278641	72
87.457962	0.208977	72
87.666939	0.487617	72
88.154556	0.487617	72
88.642174	0.232201	66
88.874374	0.243813	66
89.118187	0.325081	66
89.443268	0.150925	63
89.594193	0.499229	68
90.093422	0.464401	62
90.557823	0.232201	62
90.790024	0.255417	62
91.045441	0.464401	62
91.509842	0.499229	66
92.009071	0.220589	66
92.229660	0.267029	67
92.496689	0.232201	67
92.728889	0.255417	79
92.984306	0.081268	0
93.065575	0.371521	73
93.437096	0.139320	74
93.576416	0.359909	77
93.936325	0.348297	79
94.284622	0.359917	71
94.644539	0.208977	72
94.853516	0.301857	79
95.155373	0.208984	67
95.364357	0.278633	69
95.642990	0.104492	0
95.747482	0.371521	60
96.119003	0.197365	60
96.316368	0.220596	62
96.536964	0.278633	59
96.815598	0.232201	58
97.047798	0.232201	57
97.279999	0.162544	59
97.442543	0.348297	60
97.790840	0.464401	60
98.255241	0.243805	59
98.499046	0.243813	59
98.742859	0.464394	58
99.207253	0.174156	55
99.381409	0.313469	0
99.694878	0.464394	59
100.159271	0.232201	56
100.391472	0.255424	57
100.646896	0.243805	56
100.890701	0.174149	0
101.064850	0.081276	66
101.146126	0.255417	70
101.401543	0.208977	62
101.610519	0.417961	63
102.028481	0.278641	63
102.307121	0.162537	63
102.469658	0.336693	63
102.806351	0.208977	61
103.015327	0.255424	72
103.270752	0.162537	72
103.433289	0.081268	0
103.514557	0.452789	70
103.967346	0.243813	74
104.211159	0.243805	0
104.454964	0.255424	0
104.710388	0.220589	0
104.930977	0.429565	78
105.360542	0.534058	77
105.894600	0.232201	73
106.126801	0.243813	78
106.370613	0.476006	78
106.846619	0.487625	77
107.334244	0.464394	62
107.798637	0.243813	63
108.042450	0.232201	0
108.274651	0.220589	0
108.495239	0.267029	69
108.762268	0.487617	74
109.249886	0.243813	78
109.493698	0.220589	78
109.714287	0.243805	79
109.958092	0.104492	75
110.062584	0.139320	68
110.201904	0.255417	68
110.457321	0.069664	68
110.526985	0.139320	68
110.666306	0.243805	68
110.910110	0.232201	68
111.142311	0.476013	69
111.618324	0.243805	69
111.862129	0.255424	68
112.117554	0.243805	63
112.361359	0.208984	69
112.570343	0.267029	69
112.837372	0.243805	68
113.081177	0.464401	68
113.545578	0.232201	69
113.777779	0.243805	68
114.021584	0.174156	76
114.195740	0.301857	68
114.497597	0.243813	69
114.741409	0.243805	68
114.985214	0.278641	69
115.263855	0.174149	69
115.438004	0.243813	69
115.681816	0.243805	69
115.925621	0.243813	69
116.169434	0.081268	69
116.250702	0.139320	68
116.390022	0.255417	69
116.645439	0.232201	62
116.877640	0.476013	66
117.353653	0.243805	64
117.597458	0.232201	64
117.829659	0.336693	63
118.166351	0.174149	72
118.340500	0.220589	71
118.561089	0.208977	68
118.770065	0.301865	67
119.071930	0.197365	66
119.269295	0.232201	75
119.501495	0.243813	76
119.745308	0.243805	78
119.989113	0.208984	66
120.198097	0.208977	71
120.407074	0.290253	72
120.697327	0.359909	73
121.057236	0.104485	73
121.161720	0.243813	74
121.405533	0.255417	72
121.660950	0.464401	71
122.125351	0.255417	73
122.380768	0.220596	72
122.601364	0.243805	71
122.845169	0.232201	73
123.077370	0.232201	73
123.309570	0.208977	71
123.518547	0.267029	71
123.785576	0.243813	71
124.029388	0.104492	71
124.133881	0.371513	71
124.505394	0.499229	72
125.004623	0.162544	72
125.167168	0.313469	70
125.480637	0.243805	68
125.724442	0.220589	69
125.945030	0.499229	68
126.444260	0.220596	71
126.664856	0.406349	71
127.071205	0.116096	71
127.187302	0.208977	71
127.396278	0.243813	71
127.640091	0.243813	71
127.883904	0.139320	71
128.023224	0.325073	71
128.348297	0.476013	72
128.824310	0.232193	71
129.056503	0.267029	71
129.323532	0.220596	72
129.544128	0.243805	71
129.787933	0.255417	73
130.043350	0.208984	76
130.252335	0.510834	77
130.763168	0.243820	75
131.006989	0.220581	67
131.227570	0.267029	70
131.494598	0.208984	72
131.703583	0.476013	74
132.179596	0.510834	76
132.690430	0.243805	77
132.934235	0.232208	73
133.166443	0.255417	74
133.421860	0.255417	74
133.677277	0.081268	74
133.758545	0.383133	78
134.141678	0.476013	77
134.617691	0.232193	76
134.849884	0.255417	75
135.105301	0.232208	75
135.337509	0.208969	75
135.546478	0.510849	76
136.057327	0.487610	77
136.544937	0.232208	72
136.777145	0.139313	72
136.916458	0.139328	71
137.055786	0.220581	72
137.276367	0.255417	76
137.531784	0.243820	75
137.775604	0.174149	72
137.949753	0.522446	64
138.472198	0.255417	63
138.727615	0.232208	64
138.959824	0.475998	69
139.435822	0.255432	63
139.691254	0.243805	63
139.935059	0.487610	62
140.422668	0.232208	62
140.654877	0.232193	62
140.887070	0.487625	62
141.374695	0.278641	61
141.653336	0.220581	55
141.873917	0.220596	54
142.094513	0.243805	0
142.338318	0.243820	0
142.582138	0.243805	0
142.825943	0.208984	0
143.034927	0.267029	71
143.301956	0.174149	70
143.476105	0.301849	72
143.777954	0.487625	72
144.265579	0.220581	72
144.486160	0.267044	71
144.753204	0.220581	72
144.973785	0.243805	72
145.217590	0.255432	72
145.473022	0.208969	71
145.681992	0.499237	74
146.181229	0.243805	72
146.425034	0.232193	72
146.657227	0.278641	78
146.935867	0.116104	72
147.051971	0.116104	71
147.168076	0.243805	72
147.411880	0.220596	72
147.632477	0.406342	81
148.038818	0.104492	0
148.143311	0.232193	76
148.375504	0.232208	75
148.607712	0.255417	74
148.863129	0.220596	74
149.083725	0.232193	76
149.315918	0.255417	78
149.571335	0.476013	75
150.047348	0.232193	73
150.279541	0.267029	75
150.546570	0.220596	70
150.767166	0.208984	69
150.976151	0.522446	75
151.498596	0.476013	76
151.974609	0.232193	72
152.206802	0.220596	71
152.427399	0.301849	72
152.729248	0.208984	76
152.938232	0.452789	76
153.391022	0.510834	76
153.901855	0.243820	77
154.145676	0.220581	79
154.366257	0.383133	69
154.749390	0.116104	77
154.865494	0.255417	78
155.120911	0.719818	74
155.840729	0.232193	74
156.072922	0.255417	74
156.328339	0.464401	74
156.792740	0.510849	73
157.303589	0.220581	70
157.524170	0.255417	70
157.779587	0.220596	70
158.000183	0.267029	0
158.267212	0.220581	0
158.487793	0.255432	71
158.743225	0.232193	0
158.975418	0.243805	62
159.219223	0.487625	68
159.706848	0.243805	68
159.950653	0.243820	69
160.194473	0.243805	69
160.438278	0.232193	69
160.670471	0.243820	69
160.914291	0.243805	69
161.158096	0.267029	69
161.425125	0.208984	69
161.634109	0.232193	69
161.866302	0.220596	69
162.086899	0.499222	64
162.586121	0.487625	64
163.073746	0.475998	64
163.549744	0.232208	64
163.781952	0.243805	71
164.025757	0.267029	71
164.292786	0.208984	71
164.501770	0.243805	71
164.745575	0.243820	71
164.989395	0.475998	71
165.465393	0.243820	71
165.709213	0.232193	70
165.941406	0.255417	69
166.196823	0.220596	71
166.417419	0.475998	74
166.893417	0.464401	76
167.357819	0.243820	76
167.601639	0.243805	72
167.845444	0.476013	71
168.321457	0.255417	72
168.576874	0.232193	72
168.809067	0.464401	72
169.273468	0.243805	0
169.517273	0.232208	0
169.749481	0.267029	68
170.016510	0.208984	70
170.225494	0.255417	71
170.480911	0.232193	65
170.713104	0.487625	64
171.200729	0.232193	63
171.432922	0.243805	64
171.676727	0.464401	63
172.141129	0.487625	63
172.628754	0.499222	62
173.127975	0.232208	61
173.360184	0.243805	61
173.603989	0.220596	61
173.824585	0.255417	60
174.080002	0.476013	59
174.556015	0.487610	59
175.043625	0.243820	59
175.287445	0.243805	58
175.531250	0.464401	56
175.995651	0.255417	56
176.251068	0.232193	56
176.483261	0.476013	61
176.959274	0.243805	68
177.203079	0.208984	69
177.412064	0.278641	64
177.690704	0.220581	64
177.911285	0.243820	64
178.155106	0.243805	64
178.398911	0.464401	64
178.863312	0.232193	63
179.095505	0.243820	68
179.339325	0.464401	71
179.803726	0.255417	71
180.059143	0.232193	71
180.291336	0.464401	70
180.755737	0.243805	0
180.999542	0.232208	63
181.231750	0.243805	59
181.475555	0.232193	59
181.707748	0.278641	62
181.986389	0.197372	64
182.183762	0.499237	64
182.682999	0.232193	64
182.915192	0.255417	60
183.170609	0.464401	60
183.635010	0.255417	60
183.890427	0.220596	60
184.111023	0.464401	60
184.575424	0.232193	60
184.807617	0.232208	59
185.039825	0.487610	59
185.527435	0.255417	60
185.782852	0.208984	62
185.991837	0.487625	64
186.479462	0.243805	65
186.723267	0.243805	72
186.967072	0.464401	72
187.431473	0.267029	72
187.698502	0.208984	72
187.907486	0.476013	72
188.383499	0.487610	70
188.871109	0.476013	72
189.347122	0.476013	71
189.823135	0.487610	70
190.310745	0.232208	64
190.542953	0.243805	64
190.786758	0.267029	64
191.053787	0.208984	66
191.262772	0.267029	64
191.529800	0.197372	63
191.727173	0.499222	64
192.226395	0.464401	67
192.690796	0.476013	68
193.166809	0.475998	65
193.642807	0.499237	64
194.142044	0.243805	64
194.385849	0.243805	61
194.629654	0.476013	68
195.105667	0.278641	65
195.384308	0.208984	74
195.593292	0.069656	74
195.662949	0.185760	73
195.848709	0.371521	74
196.220230	0.116089	73
196.336319	0.464401	72
196.800720	0.255432	71
197.056152	0.139313	72
197.195465	0.116104	73
197.311569	0.220581	77
197.532150	0.476013	71
198.008163	0.208984	71
198.217148	0.290237	71
198.507385	0.208984	73
198.716370	0.243805	75
198.960175	0.255432	72
199.215607	0.197357	71
199.412964	0.522461	70
199.935425	0.232193	0
200.167618	0.232208	69
200.399826	0.278625	69
200.678452	0.139328	75
200.817780	0.092880	64
200.910660	0.243805	65
201.154465	0.208984	64
201.363449	0.429565	63
201.793015	0.092880	0
201.885895	0.232193	64
202.118088	0.243820	63
202.361908	0.232193	62
202.594101	0.243820	62
202.837921	0.208969	64
203.046890	0.278641	64
203.325531	0.476013	63
203.801544	0.243805	60
204.045349	0.243805	60
204.289154	0.255432	60
204.544586	0.162537	0
204.707123	0.557281	64
205.264404	0.464401	65
205.728806	0.232193	64
205.960999	0.243805	64
206.204803	0.278641	60
206.483444	0.208984	64
206.692429	0.487610	64
207.180038	0.510849	63
207.690887	0.220581	61
207.911469	0.243820	59
208.155289	0.325073	63
208.480362	0.162537	63
208.642899	0.139328	65
208.782227	0.359909	66
209.142136	0.475998	56
209.618134	0.220596	55
209.838730	0.487625	61
210.326355	0.220581	61
210.546936	0.743042	59
211.289978	0.220596	59
211.510574	0.243805	0
211.754379	0.197372	0
211.951752	0.290237	65
212.241989	0.127716	65
212.369705	0.301865	65
212.671570	0.278641	74
212.950211	0.499222	74
213.449432	0.220596	74
213.670029	0.719818	73
214.389847	0.743027	72
215.132874	0.476013	71
215.608887	0.243805	0
215.852692	0.232208	0
216.084900	0.255417	0
216.340317	0.255417	67
216.595734	0.243820	66
216.839554	0.475998	44
217.315552	0.243820	0
217.559372	0.243805	0
217.803177	0.232193	0
218.035370	0.243820	0
218.279190	0.232193	0
218.511383	0.255417	0
218.766800	0.220596	0
218.987396	0.243805	0
219.231201	0.232193	56
219.463394	0.255432	56
219.718826	0.243805	57
219.962631	0.220596	0
220.183228	0.255417	0
220.438644	0.232193	0
220.670837	0.464401	44
221.135239	0.243805	0
221.379044	0.232208	0
221.611252	0.232193	0
221.843445	0.452789	0
222.296234	12.152740	69
