0.348299	0.267029	0
0.615329	0.255419	58
0.870748	0.255419	56
1.126168	0.255419	55
1.381587	0.267030	55
1.648617	0.255419	58
1.904036	0.267030	57
2.171066	0.243809	56
2.414875	0.267030	0
2.681905	0.267030	0
2.948934	0.243809	58
3.192744	0.267030	58
3.459773	0.255419	58
3.715193	0.255419	57
3.970612	0.267030	57
4.237642	0.255419	58
4.493061	0.267030	57
4.760091	0.255419	57
5.015510	0.243810	58
5.259320	0.267029	55
5.526349	0.255420	55
5.781769	0.255419	56
6.037188	0.267030	57
6.304218	0.255419	46
6.559637	0.255420	48
6.815057	0.267029	57
7.082086	0.255420	57
7.337506	0.255419	57
7.592925	0.267030	57
7.859955	0.243810	55
8.103765	0.267029	52
8.370793	0.255420	57
8.626213	0.452789	59
9.079002	0.069660	60
9.148663	0.092879	59
9.241542	0.162539	60
9.404081	0.150930	59
9.555012	0.104489	57
9.659501	0.267030	56
9.926531	0.243810	59
10.170341	0.197370	58
10.367710	0.313469	53
10.681179	0.267030	58
10.948209	0.104489	60
11.052698	0.174150	60
11.226848	0.069660	60
11.296508	0.174150	59
11.470657	0.220590	60
11.691247	0.290250	58
11.981497	0.243810	59
12.225307	0.267029	55
12.492335	0.174150	53
12.666485	0.092880	0
12.759365	0.267030	59
13.026395	0.255419	59
13.281814	0.220590	60
13.502403	0.150930	61
13.653334	0.150929	59
13.804263	0.267030	58
14.071293	0.208980	56
14.280272	0.313469	57
14.593741	0.208980	58
14.802721	0.290250	59
15.092971	0.255419	59
15.348390	0.243810	60
15.592199	0.394739	60
15.986938	0.162540	57
16.149479	0.092880	56
16.242359	0.139318	58
16.381678	0.255421	55
16.637098	0.255419	53
16.892517	0.255419	56
17.147936	0.278641	58
17.426577	0.220589	58
17.647165	0.325079	57
17.972244	0.232201	55
18.204445	0.150928	55
18.355373	0.104490	57
18.459864	0.174150	56
18.634014	0.220589	0
18.854603	0.127710	55
18.982313	0.243809	57
19.226122	0.116100	57
19.342222	0.174150	59
19.516373	0.197369	57
19.713741	0.499229	57
20.212971	0.313469	57
20.526440	0.162540	0
20.688980	0.104488	57
20.793468	0.162540	56
20.956009	0.081270	0
21.037279	0.255419	0
21.292698	0.243811	57
21.536509	0.185759	57
21.722267	0.104490	57
21.826757	0.116100	0
21.942858	0.383129	57
22.325987	0.185759	57
22.511745	0.081270	57
22.593016	0.267029	56
22.860044	0.208981	71
23.069025	0.325079	67
23.394104	0.208981	57
23.603085	0.185759	57
23.788843	0.104490	0
23.893333	0.127710	58
24.021044	0.139318	58
24.160362	0.185760	57
24.346123	0.058050	56
24.404173	0.243809	56
24.647982	0.290249	56
24.938231	0.232201	56
25.170431	0.267029	65
25.437460	0.255421	60
25.692881	0.255419	55
25.948299	0.267029	56
26.215328	0.243811	55
26.459139	0.185759	65
26.644897	0.348299	57
26.993196	0.243811	54
27.237007	0.197369	57
27.434376	0.185760	60
27.620136	0.406349	57
28.026485	0.255419	60
28.281904	0.127710	65
28.409615	0.139320	63
28.548935	0.243809	50
28.792744	0.267029	52
29.059772	0.220591	63
29.280363	0.034830	64
29.315193	0.208979	62
29.524172	0.208981	61
29.733152	0.116098	60
29.849251	0.243811	60
30.093061	0.127710	64
30.220772	0.150928	68
30.371700	0.220591	59
30.592291	0.208979	58
30.801270	0.325079	58
31.126348	0.255421	54
31.381769	0.394739	56
31.776508	0.162539	0
31.939047	0.220591	61
32.159637	0.267029	54
32.426666	0.127708	51
32.554375	0.127712	57
32.682087	0.243809	48
32.925896	0.429569	56
33.355465	0.092880	57
33.448345	0.406349	57
33.854694	0.127708	0
33.982403	0.185760	50
34.168163	0.208981	0
34.377144	0.348297	50
34.725441	0.278641	50
35.004082	0.197369	49
35.201450	0.290249	47
35.491699	0.243813	55
35.735512	0.185757	50
35.921268	0.278641	57
36.199909	0.104488	66
36.304398	0.336689	54
36.641087	0.185760	49
36.826847	0.243809	50
37.070656	0.278641	48
37.349297	0.208981	48
37.558277	0.034828	0
37.593105	0.197372	0
37.790478	0.185757	57
37.976234	0.162540	58
38.138775	0.232201	57
38.370975	0.255421	58
38.626396	0.267029	57
38.893425	0.208977	58
39.102402	0.267033	57
39.369434	0.127708	56
39.497143	0.162540	58
39.659683	0.232201	59
39.891884	0.162537	58
40.054420	0.383129	58
40.437550	0.150932	0
40.588482	0.243809	57
40.832291	0.127708	57
40.959999	0.255421	57
41.215420	0.267029	53
41.482449	0.150928	52
41.633377	0.092880	57
41.726257	0.673378	50
42.399635	0.220592	54
42.620228	0.116100	49
42.736328	0.301857	52
43.038185	0.116100	56
43.154285	0.232201	52
43.386486	0.301857	51
43.688343	0.162540	58
43.850883	0.185760	56
44.036644	0.185760	57
44.222404	0.092880	57
44.315285	0.116100	54
44.431385	0.197369	57
44.628754	0.267029	56
44.895782	0.069660	50
44.965443	0.673378	52
45.638821	1.021679	54
46.660500	0.267029	54
46.927528	0.139320	53
47.066849	0.650158	50
47.717007	0.243809	52
47.960815	0.278641	50
48.239456	0.104488	54
48.343945	0.917191	49
49.261135	0.290249	64
49.551384	0.348297	64
49.899681	0.313469	64
50.213150	0.998459	57
51.211609	0.301861	56
51.513470	0.139320	55
51.652790	0.510838	57
52.163628	0.336689	52
52.500317	0.232201	65
52.732517	0.081268	0
52.813786	0.336689	66
53.150475	0.359909	65
53.510384	0.290253	65
53.800636	0.325077	64
54.125713	0.650158	62
54.775871	0.267033	63
55.042904	0.383129	62
55.426033	0.650158	61
56.076191	0.336689	62
56.412880	0.313469	57
56.726349	0.650158	55
57.376507	0.220592	49
57.597099	0.116096	50
57.713196	0.650162	61
58.363358	0.185757	64
58.549114	0.452789	63
59.001904	0.336689	65
59.338593	0.650162	67
59.988754	0.661766	65
60.650520	0.336689	69
60.987209	0.313473	70
61.300682	0.325077	70
61.625759	0.325081	62
61.950840	0.638546	65
62.589386	0.336693	62
62.926079	0.325077	68
63.251156	0.336689	70
63.587845	0.592110	70
64.179955	0.383133	69
64.563087	0.116096	70
64.679184	0.522446	68
65.201630	0.348305	69
65.549934	0.301857	69
65.851791	0.348297	69
66.200089	0.313469	69
66.513557	0.336693	69
66.850250	0.313469	69
67.163719	0.139320	69
67.303040	0.510841	69
67.813881	0.661766	67
68.475647	0.139320	63
68.614967	0.197365	63
68.812332	0.325081	0
69.137413	0.313469	59
69.450882	0.325081	60
69.775963	0.359909	75
70.135872	0.290253	69
70.426125	0.650154	64
71.076279	0.661774	59
71.738052	0.162537	57
71.900589	0.127708	63
72.028297	0.034828	67
72.063126	0.313477	72
72.376602	0.661766	67
73.038368	0.336685	60
73.375053	0.313469	65
73.688522	0.336693	52
74.025215	0.313469	58
74.338684	0.336693	64
74.675377	0.313469	64
74.988846	0.650154	62
75.639000	0.661774	62
76.300774	0.650154	59
76.950928	0.325081	0
77.276009	0.325081	59
77.601089	0.568886	62
78.169975	0.081268	0
78.251244	0.255424	50
78.506668	0.092880	50
78.599548	0.801086	64
79.400635	0.476006	61
79.876640	0.336693	64
80.213333	0.638550	67
80.851883	0.359909	62
81.211792	0.208977	56
81.420769	0.092880	0
81.513649	0.336693	58
81.850342	0.325081	58
82.175423	0.313469	55
82.488892	0.325073	47
82.813965	0.650162	54
83.464127	0.336693	62
83.800819	0.325073	66
84.125893	0.336693	70
84.462585	0.313469	70
84.776054	0.301857	69
85.077911	0.348305	69
85.426216	0.139320	69
85.565536	0.510834	67
86.076370	0.348305	69
86.424675	0.301857	69
86.726532	0.336685	69
87.063217	0.313469	69
87.376686	0.336693	68
87.713379	0.325081	68
88.038460	0.650154	68
88.688614	1.590569	66
90.279182	0.069664	63
90.348846	0.348297	63
90.697144	0.232201	64
90.929344	0.208977	64
91.138321	0.336693	60
91.475014	0.359909	57
91.834923	0.267029	68
92.101952	0.325081	64
92.427032	0.325073	60
92.752106	0.313469	57
93.065575	0.592110	58
93.657684	0.359909	60
94.017593	0.301865	58
94.319458	0.301857	63
94.621315	0.290253	61
94.911568	0.348297	60
95.259865	0.290245	60
95.550110	0.638550	58
96.188660	0.197372	57
96.386032	0.127708	54
96.513741	0.185760	52
96.699501	0.116096	57
96.815598	0.313477	57
97.129074	0.290245	57
97.419319	0.174149	58
97.593468	0.150932	62
97.744400	0.290245	62
98.034645	0.603722	62
98.638367	0.336693	57
98.975060	0.208977	56
99.184036	0.127708	58
99.311745	0.301857	58
99.613602	0.313477	58
99.927078	0.174149	57
100.101227	0.139320	58
100.240547	0.301857	58
100.542404	0.626938	57
101.169342	0.336693	59
101.506035	0.174149	58
101.680183	0.139320	57
101.819504	0.301857	58
102.121361	0.313469	61
102.434830	0.325081	62
102.759911	0.139320	62
102.899231	0.150925	0
103.050156	0.626945	58
103.677101	0.325073	61
104.002174	0.313469	63
104.315643	0.185760	62
104.501404	0.139320	62
104.640724	0.325081	61
104.965805	0.139320	61
105.105125	0.150932	62
105.256058	0.301857	66
105.557915	0.626938	70
106.184853	0.348297	66
106.533150	0.139320	0
106.672470	0.139320	58
106.811790	0.267029	58
107.078819	0.313469	65
107.392288	0.336693	69
107.728981	0.336685	67
108.065666	0.313469	65
108.379135	0.232201	65
108.611336	0.092880	59
108.704216	0.336693	60
109.040909	0.278641	60
109.319550	0.603714	61
109.923264	0.394737	64
110.318001	0.348305	64
110.666306	0.348297	66
111.014603	0.081268	65
111.095871	0.290253	65
111.386124	0.290245	65
111.676369	0.220596	64
111.896965	0.150925	64
112.047890	0.336693	65
112.384583	0.313469	62
112.698051	0.325081	58
113.023132	0.313469	59
113.336601	0.650154	61
113.986755	0.325081	53
114.311836	0.336693	62
114.648529	0.638542	65
115.287071	0.336693	65
115.623764	0.325081	64
115.948845	0.661766	62
116.610611	0.650162	62
117.260773	0.638550	61
117.899323	0.336685	60
118.236008	0.313469	57
118.549477	0.638550	53
119.188026	0.336693	54
119.524719	0.069656	57
119.594376	0.801086	62
120.395462	0.429573	59
120.825035	0.348297	51
121.173332	0.661766	62
121.835098	0.510841	62
122.345940	0.139320	70
122.485260	0.325081	69
122.810341	0.313469	70
123.123810	0.313469	70
123.437279	0.325081	63
123.762360	0.661766	66
124.424126	0.336693	62
124.760818	0.185760	63
124.946579	0.139320	70
125.085899	0.325073	70
125.410973	0.325081	70
125.736053	0.278641	0
126.014694	0.383125	70
126.397820	0.127716	69
126.525536	0.510834	68
127.036369	0.348305	69
127.384674	0.313469	69
127.698143	0.325081	69
128.023224	0.301849	69
128.325073	0.348312	69
128.673386	0.325073	69
128.998459	0.638550	69
129.637009	0.336685	68
129.973694	0.336685	64
130.310379	0.336700	63
130.647079	0.325073	59
130.972153	0.313477	60
131.285629	0.325073	60
131.610703	0.371521	71
131.982224	0.278641	67
132.260864	0.650162	64
132.911026	0.661758	59
133.572784	0.325089	60
133.897873	0.325073	59
134.222946	0.638550	63
134.861496	0.348297	60
135.209793	0.162537	63
135.372330	0.150940	64
135.523270	0.336685	71
135.859955	0.278641	60
136.138596	0.348297	53
136.486893	0.325073	64
136.811966	0.661774	63
137.473740	0.661774	62
138.135513	0.325073	61
138.460587	0.313477	57
138.774063	0.313461	50
139.087524	0.336700	54
139.424225	0.580490	66
140.004715	0.058044	0
140.062759	0.522461	51
140.585220	0.673370	63
141.258591	0.441177	61
141.699768	0.325089	64
142.024857	0.661758	65
142.686615	0.661774	60
143.348389	0.336685	46
143.685074	0.313477	58
143.998550	0.301865	46
144.300415	0.336685	61
144.637100	0.638550	48
145.275650	0.545670	62
145.821320	0.139313	58
145.960632	0.325089	58
146.285721	0.325073	58
146.610794	0.301865	58
146.912659	0.348297	69
147.260956	0.139313	69
147.400269	0.510849	69
147.911118	0.650146	69
148.561264	0.336700	69
148.897964	0.301849	69
149.199814	0.359909	68
149.559723	0.313477	68
149.873199	0.638550	68
150.511749	2.031738	65
152.543488	0.499237	70
153.042725	0.104492	78
153.147217	0.499222	64
153.646439	0.139328	64
153.785767	0.615326	65
154.401093	0.359909	65
154.761002	0.278641	65
155.039642	0.673370	66
155.713013	0.534058	61
156.247070	0.150940	62
156.398010	0.325073	62
156.723083	0.313477	62
157.036560	0.336685	70
157.373245	0.313461	72
157.686707	0.313477	73
158.000183	0.150925	71
158.151108	0.174149	71
158.325256	0.684998	69
159.010254	0.603714	66
159.613968	0.371521	65
159.985489	0.278641	68
160.264130	0.684982	67
160.949112	0.359909	64
161.309021	0.150940	64
161.459961	0.150925	0
161.610886	0.325073	75
161.935959	0.301865	62
162.237823	0.359909	68
162.597733	0.313477	72
162.911209	0.580490	68
163.491699	0.580505	65
164.072205	0.150925	64
164.223129	0.615326	64
164.838455	0.359909	65
165.198364	0.301865	65
165.500229	0.650162	66
166.150391	0.522446	61
166.672836	0.150925	61
166.823761	0.336685	61
167.160446	0.290253	62
167.450699	0.359909	66
167.810608	0.301865	72
168.112473	0.313461	73
168.425934	0.150940	72
168.576874	0.174149	71
168.751022	0.545670	66
169.296692	0.139313	64
169.436005	0.615326	68
170.051331	0.359909	65
170.411240	0.278641	65
170.689880	0.696609	67
171.386490	0.348297	64
171.734787	0.162537	0
171.897324	0.150925	77
172.048248	0.325089	71
172.373337	0.290253	59
172.663589	0.359909	68
173.023499	0.313461	72
173.336960	0.534058	68
173.871017	0.127716	73
173.998734	0.510834	65
174.509567	0.139328	65
174.648895	0.174149	64
174.823044	0.452789	65
175.275833	0.348297	61
175.624130	0.336685	64
175.960815	0.638550	74
176.599365	0.534058	70
177.133423	0.127716	70
177.261139	0.162537	70
177.423676	0.174149	65
177.597824	0.301865	65
177.899689	0.348297	68
178.247986	0.313461	68
178.561447	0.638550	60
179.199997	0.522446	67
179.722443	0.150940	69
179.873383	0.174149	69
180.047531	0.464401	65
180.511932	0.325073	60
180.837006	0.290253	59
181.127258	0.046432	0
181.173691	0.336700	59
181.510391	0.301849	60
181.812241	0.673386	59
182.485626	0.592102	62
183.077728	0.394745	64
183.472473	0.278641	63
183.751114	0.371521	66
184.122635	0.325073	65
184.447708	0.638550	65
185.086258	0.348297	65
185.434555	0.313477	64
185.748032	0.325073	65
186.073105	0.313477	67
186.386581	0.638550	76
187.025131	0.673370	72
187.698502	0.220596	70
187.919098	0.127701	70
188.046799	0.185760	69
188.232559	0.104492	70
188.337051	0.650162	72
188.987213	1.323532	70
190.310745	0.197372	69
190.508118	0.139313	69
190.647430	0.301865	70
190.949295	0.348297	69
191.297592	0.313477	67
191.611069	0.359909	66
191.970978	0.290253	69
192.261230	0.510834	69
192.772064	0.162537	61
192.934601	0.325089	63
193.259689	0.267029	63
193.526718	0.383118	64
193.909836	0.313477	64
194.223312	0.359909	67
194.583221	0.290253	66
194.873474	0.359909	65
195.233383	0.290237	64
195.523621	0.336700	64
195.860321	0.325073	60
196.185394	0.325089	60
196.510483	0.313461	56
196.823944	0.650162	57
197.474106	0.336685	56
197.810791	0.267029	57
198.077820	0.046448	65
198.124268	0.139313	64
198.263580	0.197372	0
198.460953	0.336685	65
198.797638	0.313477	65
199.111115	0.325073	64
199.436188	0.650162	62
200.086349	0.650162	62
200.736511	0.139313	62
200.875824	0.522446	60
201.398270	0.325089	61
201.723358	0.313461	62
202.036819	0.650162	70
202.686981	0.348297	61
203.035278	0.650162	64
203.685440	0.174149	64
203.859589	0.452789	64
204.312378	0.336685	65
204.649063	0.650162	68
205.299225	0.359909	61
205.659134	0.197372	63
205.856506	0.104492	70
205.960999	0.336685	69
206.297684	0.313477	70
206.611160	0.325073	70
206.936234	0.325089	0
207.261322	0.150925	72
207.412247	0.476013	73
207.888260	0.359909	81
208.248169	0.313461	75
208.561630	0.336685	70
208.898315	0.580505	70
209.478821	0.394745	69
209.873566	0.127701	70
210.001266	0.510849	68
210.512115	0.348297	69
210.860413	0.313461	69
211.173874	0.336700	69
211.510574	0.313461	69
211.824036	0.174149	69
211.998184	0.162537	69
212.160721	0.313477	69
212.474197	0.139313	69
212.613510	0.510849	69
213.124359	0.301849	68
213.426208	0.046448	66
213.472656	0.313461	65
213.786118	0.336700	63
214.122818	0.313461	63
214.436279	0.325089	62
214.761368	0.325073	59
215.086441	0.139313	72
215.225754	0.243820	71
215.469574	0.267029	64
215.736603	0.650162	64
216.386765	0.336685	60
216.723450	0.313461	59
217.036911	0.301865	61
217.338776	0.359909	59
217.698685	0.638550	63
218.337234	0.325073	60
218.662308	0.313477	57
218.975784	0.359909	62
219.335693	0.290253	65
219.625946	0.348297	64
219.974243	0.325073	64
220.299316	0.638550	63
220.937866	0.673386	62
221.611252	0.638550	62
222.249802	0.325073	61
222.574875	0.325073	61
222.899948	0.638550	51
223.538498	0.394745	50
223.933243	0.789474	50
224.722717	0.452789	58
225.175507	0.325089	50
225.500595	0.650146	54
226.150742	0.580505	59
226.731247	0.092880	0
226.824127	0.336685	45
227.160812	0.301865	0
227.462677	0.313461	58
227.776138	0.348312	58
228.124451	0.650146	47
228.774597	0.359909	61
229.134506	0.301865	61
229.436371	0.325073	58
229.761444	0.325089	58
230.086533	0.290253	58
230.376785	0.359909	57
230.736694	0.139313	57
230.876007	0.510834	65
231.386841	0.348312	69
231.735153	0.313461	69
232.048615	0.626938	69
232.675552	0.359909	69
233.035461	0.313477	68
233.348938	0.661758	69
234.010696	1.044907	64
235.055603	0.696594	54
235.752197	0.185760	55
235.937958	0.510834	53
236.448792	0.104492	57
236.553284	0.092880	49
236.646164	0.650162	49
237.296326	0.185760	50
237.482086	0.104492	49
237.586578	0.092880	49
237.679459	0.197372	51
237.876831	0.313461	52
238.190292	0.336685	51
238.526978	0.150940	54
238.677917	0.185760	57
238.863678	0.150925	47
239.014603	0.290253	52
239.304855	0.185760	56
239.490616	0.208969	56
239.699585	0.116104	49
239.815689	0.406357	52
240.222046	0.359909	50
240.581955	0.893967	49
241.475922	0.208969	50
241.684891	0.301865	49
241.986755	0.116104	50
242.102859	0.719818	49
242.822678	0.220581	49
243.043259	0.313477	51
243.356735	0.104492	53
243.461227	0.963623	48
244.424850	0.255417	47
244.680267	0.220596	53
244.900864	100.542404	68
