0.046440	0.429569	0
0.476009	0.139320	0
0.615329	0.394739	0
1.010068	0.127710	0
1.137778	0.150930	0
1.288707	0.116100	0
1.404807	0.278640	0
1.683447	0.150930	0
1.834376	0.127710	0
1.962086	0.278639	0
2.240726	0.383129	0
2.623855	0.150930	0
2.774785	0.267030	0
3.041814	0.127710	0
3.169524	0.139320	0
3.308844	0.116100	0
3.424943	0.127710	0
3.552653	0.290249	0
3.842902	0.139320	0
3.982222	0.127710	0
4.109932	0.127710	0
4.237642	0.162539	0
4.400181	0.394739	0
4.794920	0.139320	0
4.934240	0.278639	0
5.212880	0.116100	0
5.328979	0.139320	0
5.468299	0.127710	0
5.596009	0.127709	0
5.723719	0.290250	0
6.013968	0.139319	0
6.153288	0.127710	0
6.280998	0.278639	0
6.559637	0.290249	80
6.849886	0.116100	0
6.965986	0.127710	80
7.093696	0.278639	80
7.372335	0.127710	0
7.500045	0.116100	0
7.616145	0.267029	0
7.883174	0.255419	76
8.138594	0.534060	77
8.672653	0.104489	87
8.777143	0.429569	80
9.206712	0.383129	82
9.589841	0.150930	78
9.740771	0.464398	76
10.205170	0.510839	78
10.716009	0.522449	81
11.238458	0.383130	79
11.621588	0.255419	77
11.877007	0.348300	73
12.225307	0.510839	76
12.736145	0.522449	73
13.258595	0.383129	72
13.641724	0.615329	74
14.257052	0.592109	78
14.849161	0.441179	74
15.290340	0.383129	84
15.673470	0.626938	80
16.300407	0.499229	77
16.799637	0.092880	71
16.892517	0.441179	78
17.333696	0.371519	85
17.705215	0.255419	85
17.960634	0.371519	77
18.332153	0.499229	76
18.831383	0.534060	78
19.365442	0.383129	78
19.748571	0.243809	83
19.992380	0.359911	74
20.352291	0.499228	74
20.851519	0.104490	81
20.956009	0.417959	78
21.373968	0.383129	75
21.757097	0.150930	77
21.908028	0.104490	76
22.012518	0.348299	80
22.360817	0.499228	79
22.860044	0.092880	77
22.952925	0.417959	76
23.370884	0.510839	80
23.881723	0.243809	75
24.125532	0.139320	73
24.264853	0.116100	73
24.380953	0.127708	73
24.508661	0.139320	84
24.647982	0.127710	82
24.775692	0.371519	80
25.147211	0.255419	0
25.402630	0.290251	0
25.692881	0.232199	0
25.925079	0.267029	0
26.192108	0.243811	0
26.435919	0.290249	0
26.726168	0.232199	0
26.958366	0.255421	0
27.213787	0.255419	0
27.469206	0.290251	0
27.759457	0.232199	0
27.991655	0.255419	0
28.247074	0.255421	0
28.502495	0.278639	0
28.781134	0.243809	0
29.024942	0.255421	0
29.280363	0.267029	0
29.547392	0.278641	79
29.826033	0.243809	0
30.069841	0.267029	0
30.336870	0.255421	0
30.592291	0.290249	0
30.882540	0.220589	0
31.103128	0.267031	0
31.370159	0.255419	0
31.625578	0.278639	0
31.904217	0.232201	0
32.136417	0.255421	0
32.391838	0.267029	0
32.658867	0.278637	0
32.937504	0.243813	0
33.181316	0.243809	0
33.425125	0.267029	0
33.692154	0.290249	72
33.982403	0.232201	74
34.214603	0.232201	75
34.446804	0.290249	64
34.737053	0.267029	81
35.004082	0.243809	0
35.247890	0.220589	0
35.468479	0.290253	0
35.758732	0.278637	0
36.037369	0.232201	63
36.269569	0.267029	64
36.536598	0.255421	63
36.792019	0.522449	0
37.314468	0.255417	0
37.569885	0.232201	0
37.802086	0.313469	78
38.115555	0.243809	65
38.359364	0.255421	0
38.614784	0.255421	0
38.870205	0.278637	0
39.148842	0.243813	0
39.392654	0.197369	0
39.590023	0.081268	0
39.671291	0.232201	0
39.903492	0.174149	0
40.077641	0.348301	0
40.425941	0.255421	0
40.681362	0.255417	0
40.936779	0.197372	0
41.134151	0.336689	0
41.470840	0.232197	0
41.703037	0.197372	0
41.900410	0.232197	79
42.132607	0.371521	76
42.504128	0.255421	63
42.759548	0.255417	65
43.014965	0.290249	63
43.305214	0.243813	0
43.549026	0.255417	0
43.804443	0.255421	0
44.059864	0.116100	80
44.175964	0.034828	84
44.210793	0.325081	79
44.535873	0.301861	76
44.837734	0.255417	75
45.093151	0.522449	80
45.615601	0.255421	0
45.871021	0.243809	0
46.114830	0.278641	78
46.393471	0.267029	71
46.660500	0.255421	71
46.915920	0.243809	71
47.159729	0.278637	71
47.438366	0.243813	0
47.682178	0.267029	0
47.949207	0.243809	0
48.193016	0.208981	0
48.401997	0.301857	70
48.703854	0.267033	71
48.970886	0.255417	70
49.226303	0.545670	0
49.771973	0.081268	72
49.853241	0.429569	72
50.282810	0.522449	73
50.805260	0.255421	73
51.060680	0.255421	74
51.316101	0.510838	74
51.826939	0.278641	73
52.105579	0.243809	74
52.349388	0.522449	74
52.871838	0.243809	74
53.115646	0.267029	74
53.382675	0.499229	74
53.881905	0.092880	76
53.974785	0.441177	78
54.415962	0.510841	75
54.926804	0.510838	74
55.437641	0.510841	77
55.948483	0.278637	74
56.227119	0.243809	74
56.470928	0.290253	74
56.761181	0.220589	78
56.981770	0.267029	79
57.248798	0.243809	75
57.492607	0.499229	77
57.991837	0.116100	78
58.107937	0.417957	77
58.525894	0.499229	77
59.025124	0.510841	79
59.535965	0.510838	74
60.046803	0.522449	73
60.569252	0.267029	74
60.836281	0.255421	74
61.091702	0.255417	73
61.347118	0.232201	77
61.579319	0.267029	79
61.846348	0.232201	78
62.078548	0.104488	76
62.183037	0.417961	72
62.600998	0.510838	74
63.111835	0.255421	86
63.367256	0.243809	82
63.611065	0.510838	74
64.121902	0.139320	75
64.261223	0.127708	74
64.388931	0.116104	73
64.505035	0.127708	72
64.632744	0.127708	76
64.760452	0.127708	74
64.888161	0.116104	74
65.004265	0.127708	79
65.131973	0.127708	78
65.259682	0.116104	78
65.375786	0.243805	79
65.619591	0.522453	79
66.142044	0.510834	77
66.652878	0.394745	77
67.047623	0.139313	79
67.186935	0.452789	79
67.639725	0.255424	75
67.895149	0.359909	81
68.255058	0.185760	78
68.440819	0.255417	80
68.696236	0.383133	80
69.079369	0.150925	79
69.230293	0.476013	75
69.706306	0.603714	75
70.310020	0.441185	79
70.751205	0.394737	75
71.145943	0.371521	74
71.517464	0.255417	81
71.772881	0.208977	80
71.981857	0.290253	81
72.272110	0.092880	82
72.364990	0.441177	79
72.806168	0.383133	79
73.189301	0.243805	73
73.433105	0.371521	76
73.804626	0.267029	72
74.071655	0.766258	79
74.837914	0.383133	77
75.221046	0.139313	74
75.360359	0.464401	78
75.824760	0.220589	79
76.045349	0.301865	80
76.347214	0.092880	71
76.440094	0.197365	71
76.637459	0.243813	80
76.881271	0.383125	80
77.264397	0.243813	78
77.508209	0.371521	76
77.879730	0.592110	73
78.471840	0.452789	74
78.924629	0.371513	77
79.296143	0.127716	79
79.423859	0.127708	80
79.551567	0.359909	78
79.911476	0.243805	84
80.155281	0.359909	81
80.515190	0.417961	80
80.933151	0.371521	79
81.304672	0.162537	69
81.467209	0.476013	79
81.943222	0.580498	78
82.523720	0.452789	77
82.976509	0.371521	75
83.348030	0.638542	77
83.986572	0.255424	76
84.241997	0.754646	80
84.996643	0.383133	79
85.379776	0.232193	84
85.611969	0.394745	80
86.006714	0.580498	76
86.587212	0.429565	75
87.016777	0.626945	78
87.643723	0.383125	84
88.026848	0.267029	78
88.293877	0.754646	81
89.048523	0.522453	79
89.570976	0.510841	79
90.081818	0.499222	79
90.581039	0.092880	77
90.673920	0.406349	79
91.080269	0.534065	77
91.614334	0.534058	72
92.148392	0.522446	77
92.670837	0.081268	74
92.752106	0.429573	75
93.181679	0.510841	79
93.692520	0.278633	73
93.971153	0.220596	76
94.191750	0.034828	76
94.226578	0.208977	73
94.435555	0.336693	81
94.772247	0.429565	81
95.201813	0.510841	78
95.712654	0.545670	76
96.258324	0.487617	76
96.745941	0.092880	80
96.838821	0.429565	81
97.268387	0.487625	77
97.756012	0.255417	74
98.011429	0.139320	75
98.150749	0.127708	76
98.278458	0.127708	77
98.406166	0.127708	76
98.533875	0.127716	79
98.661591	0.359909	74
99.021500	0.255417	0
99.276917	0.301857	79
99.578773	0.220589	0
99.799362	0.255424	0
100.054787	0.255417	0
100.310204	0.290253	0
100.600456	0.232201	0
100.832657	0.255417	0
101.088074	0.267029	0
101.355103	0.278641	0
101.633743	0.232201	0
101.865944	0.255417	0
102.121361	0.267029	0
102.388390	0.267029	0
102.655418	0.232201	0
102.887619	0.255417	0
103.143036	0.278641	72
103.421677	0.290253	72
103.711929	0.232201	0
103.944130	0.267029	0
104.211159	0.255417	0
104.466576	0.290253	0
104.756828	0.232193	0
104.989021	0.255424	0
105.244446	0.255417	0
105.499863	0.278641	0
105.778503	0.243813	0
106.022316	0.255417	0
106.277733	0.255417	0
106.533150	0.267029	0
106.800179	0.255424	0
107.055603	0.255417	0
107.311020	0.255417	0
107.566437	0.278641	78
107.845078	0.243813	75
108.088890	0.162537	74
108.251427	0.348305	0
108.599731	0.278633	0
108.878365	0.232201	0
109.110565	0.267029	0
109.377594	0.255424	0
109.633018	0.267029	0
109.900047	0.255417	63
110.155464	0.255417	64
110.410881	0.255424	63
110.666306	0.267029	0
110.933334	0.243805	72
111.177139	0.267036	72
111.444176	0.104485	0
111.548660	0.150932	79
111.699593	0.510841	70
112.210434	0.267029	63
112.477463	0.267029	53
112.744492	0.255417	54
112.999908	0.255417	0
113.255325	0.267036	0
113.522362	0.232193	0
113.754555	0.290253	0
114.044807	0.243813	0
114.288620	0.255417	0
114.544037	0.267029	57
114.811066	0.267029	55
115.078094	0.243813	0
115.321907	0.185760	0
115.507668	0.336685	0
115.844353	0.290253	60
116.134605	0.243805	63
116.378410	0.255424	63
116.633835	0.267029	64
116.900864	0.267029	64
117.167892	0.255417	0
117.423309	0.255424	0
117.678734	0.267029	0
117.945763	0.232193	0
118.177956	0.290253	75
118.468208	0.255417	77
118.723625	0.255424	75
118.979050	0.278641	74
119.257690	0.243805	0
119.501495	0.255424	0
119.756920	0.255417	79
120.012337	0.267029	79
120.279366	0.255417	0
120.534782	0.255424	0
120.790207	0.255417	71
121.045624	0.510841	70
121.556465	0.267029	0
121.823494	0.243805	0
122.067299	0.220589	0
122.287888	0.290253	0
122.578140	0.278641	0
122.856781	0.243805	0
123.100586	0.545670	78
123.646255	0.081276	79
123.727531	0.429565	78
124.157097	0.522453	79
124.679550	0.267029	79
124.946579	0.255417	79
125.201996	0.510841	74
125.712837	0.267029	74
125.979866	0.243805	73
126.223671	0.534065	79
126.757736	0.243805	0
127.001541	0.255417	72
127.256958	0.499229	74
127.756187	0.092880	77
127.849068	0.441185	83
128.290253	0.522446	74
128.812698	0.255417	74
129.068115	0.243805	74
129.311920	0.522461	79
129.834381	0.267029	79
130.101410	0.243805	75
130.345215	0.534058	78
130.879272	0.255417	74
131.134689	0.243820	74
131.378510	0.510834	75
131.889343	0.081268	74
131.970612	0.429565	77
132.400177	0.510849	84
132.911026	0.255417	0
133.166443	0.255417	78
133.421860	0.267029	74
133.688889	0.243805	74
133.932693	0.255417	73
134.188110	0.243820	72
134.431931	0.267029	74
134.698959	0.243805	74
134.942764	0.255417	73
135.198181	0.243820	72
135.442001	0.499222	78
135.941223	0.104492	72
136.045715	0.406342	72
136.452057	0.510849	74
136.962906	0.267029	74
137.229935	0.232193	77
137.462128	0.510849	79
137.972977	0.127701	79
138.100677	0.127716	76
138.228394	0.127701	74
138.356094	0.116104	78
138.472198	0.116104	79
138.588303	0.127701	79
138.716003	0.127716	79
138.843719	0.127716	79
138.971436	0.127701	79
139.099136	0.116104	79
139.215240	0.232193	79
139.447433	0.510849	79
139.958282	0.081268	78
140.039551	0.464401	80
140.503952	0.371506	77
140.875458	0.116104	75
140.991562	0.499237	77
141.490799	0.267029	76
141.757828	0.336685	81
142.094513	0.441177	79
142.535690	0.371521	80
142.907211	0.150925	73
143.058136	0.116104	78
143.174240	0.371521	74
143.545761	0.615326	73
144.161087	0.417953	72
144.579041	0.383133	72
144.962173	0.139328	74
145.101501	0.232193	73
145.333694	0.267029	80
145.600723	0.185760	81
145.786484	0.301865	81
146.088348	0.534058	79
146.622406	0.371521	79
146.993927	0.139313	79
147.133240	0.487625	78
147.620865	0.290253	74
147.911118	0.743027	79
148.654144	0.383133	76
149.037277	0.255417	78
149.292694	0.371521	76
149.664215	0.232208	75
149.896423	0.278641	81
150.175064	0.092865	77
150.267929	0.232208	78
150.500137	0.197372	80
150.697510	0.383118	80
151.080627	0.255432	79
151.336060	0.359909	75
151.695969	0.603714	74
152.299683	0.441177	78
152.740860	0.371521	79
153.112381	0.139313	79
153.251694	0.476013	80
153.727707	0.185760	81
153.913467	0.325089	82
154.238556	0.522446	79
154.761002	0.383133	78
155.144135	0.267029	75
155.411163	0.348297	74
155.759460	0.510834	79
156.270294	0.081268	79
156.351562	0.452789	77
156.804352	0.371521	75
157.175873	0.615326	77
157.791199	0.580505	78
158.371704	0.441177	80
158.812881	0.626938	79
159.439819	0.359909	84
159.799728	1.021683	73
160.821411	0.371521	77
161.192932	0.882355	76
162.075287	0.754639	78
162.829926	0.510849	79
163.340775	0.510834	77
163.851608	0.499237	79
164.350845	0.092880	77
164.443726	0.417953	78
164.861679	0.510834	79
165.372513	0.557281	73
165.929794	0.476013	79
166.405807	0.510834	79
166.916641	0.499237	82
167.415878	0.267029	77
167.682907	0.232193	85
167.915100	0.267029	81
168.182129	0.232208	79
168.414337	0.104477	74
168.518814	0.406357	78
168.925171	0.510834	83
169.436005	1.033295	77
170.469299	0.069656	83
170.538956	0.417953	81
170.956909	0.510849	84
171.467758	0.243805	72
171.711563	0.139328	76
171.850891	0.127701	71
171.978592	0.116104	72
172.094696	0.116104	72
172.210800	0.139313	71
172.350113	0.127716	71
172.477829	0.522446	72
173.000275	0.359909	72
173.360184	0.139313	75
173.499496	0.476013	77
173.975510	0.510834	79
174.486343	0.394745	76
174.881088	0.116104	78
174.997192	0.371521	75
175.368713	0.139313	76
175.508026	0.116104	76
175.624130	0.359909	75
175.984039	0.510834	75
176.494873	0.522446	73
177.017319	0.383133	79
177.400452	0.603714	71
178.004166	0.510849	72
178.515015	0.522446	78
179.037460	0.371521	70
179.408981	0.139313	70
179.548294	0.116104	71
179.664398	0.348297	74
180.012695	0.522446	73
180.535141	0.510849	78
181.045990	0.383133	72
181.429123	0.150925	79
181.580048	0.452789	80
182.032837	0.499222	78
182.532059	0.522461	81
183.054520	0.383118	75
183.437637	0.139328	75
183.576965	0.475998	75
184.052963	0.522461	79
184.575424	0.081268	73
184.656693	0.429565	72
185.086258	0.383133	73
185.469391	0.139313	72
185.608704	0.476013	73
186.084717	0.510834	75
186.595551	0.522461	77
187.118011	0.371506	73
187.489517	0.603729	70
188.093246	0.499222	78
188.592468	0.092880	75
188.685349	0.441177	78
189.126526	0.371521	77
189.498047	0.626938	74
190.124985	0.487625	79
190.612610	0.104492	86
190.717102	0.429565	78
191.146667	0.383133	73
191.529800	0.615326	78
192.145126	0.499222	72
192.644348	0.104492	72
192.748840	0.417969	72
193.166809	0.383118	78
193.549927	0.615341	81
194.165268	0.510834	77
194.676102	0.092880	79
194.768982	0.441177	78
195.210159	0.371521	78
195.581680	0.139313	79
195.720993	0.487625	80
196.208618	0.499222	81
196.707840	0.092880	79
196.800720	0.441177	81
197.241898	0.394745	83
197.636642	0.603714	81
198.240356	0.510849	76
198.751205	0.522446	78
199.273651	0.394745	77
199.668396	0.603714	76
200.272110	1.033279	79
201.305389	0.394745	80
201.700134	0.150925	74
201.851059	0.336700	78
202.187759	0.127701	79
202.315460	0.499237	78
202.814697	0.522446	74
203.337143	0.394745	79
203.731888	0.150925	79
203.882812	0.104492	78
203.987305	0.150925	85
204.138229	0.220596	73
204.358826	0.139313	80
204.498138	0.104492	73
204.602631	0.150925	73
204.753555	0.371521	74
205.125076	0.243820	72
205.368896	0.522446	69
205.891342	0.255417	69
206.146759	0.243805	69
206.390564	0.510849	70
206.901413	0.255417	72
207.156830	0.255417	0
207.412247	0.290253	72
207.702499	0.243805	72
207.946304	0.267029	72
208.213333	0.232193	72
208.445526	0.278641	72
208.724167	0.243820	72
208.967987	0.255417	72
209.223404	0.255417	64
209.478821	0.278641	64
209.757462	0.232193	65
209.989655	0.267029	64
210.256683	0.243820	0
210.500504	0.290237	0
210.790741	0.243820	0
211.034561	0.255417	0
211.289978	0.243805	0
211.533783	0.278641	53
211.812424	0.243805	52
212.056229	0.255432	0
212.311661	0.243805	65
212.555466	0.278641	65
212.834106	0.243805	0
213.077911	0.255417	0
213.333328	0.220596	0
213.553925	0.313461	0
213.867386	0.243820	63
214.111206	0.243805	63
214.355011	0.267029	65
214.622040	0.510834	65
215.132874	0.255432	0
215.388306	0.208969	0
215.597275	0.313477	62
215.910751	0.255417	63
216.166168	0.267029	64
216.433197	0.243805	63
216.677002	0.278641	0
216.955643	0.232208	71
217.187851	0.255417	72
217.443268	0.104492	72
217.547760	0.104492	0
217.652252	0.046432	0
217.698685	0.267029	72
217.965714	0.255417	72
218.221130	0.267029	71
218.488159	0.255417	72
218.743576	0.290253	72
219.033829	0.220596	0
219.254425	0.255417	0
219.509842	0.162537	0
219.672379	0.092880	0
219.765259	0.278641	0
220.043900	0.243805	70
220.287704	0.255432	71
220.543137	0.162537	70
220.705673	0.139313	75
220.844986	0.243805	76
221.088791	0.220596	0
221.309387	0.255417	0
221.564804	0.255417	0
221.820221	0.267029	0
222.087250	0.255432	63
222.342682	0.267029	63
222.609711	0.232193	65
222.841904	0.301865	64
223.143768	0.220581	0
223.364349	0.255417	0
223.619766	0.243820	0
223.863586	0.127701	72
223.991287	0.371521	67
224.362808	0.278641	64
224.641449	0.267029	63
224.908478	0.267029	60
225.175507	0.220596	60
225.396103	0.278641	78
225.674744	0.255417	78
225.930161	0.278641	71
226.208801	0.243805	71
226.452606	0.255417	75
226.708023	0.243820	71
226.951843	0.278625	75
227.230469	0.243820	74
227.474289	0.267029	75
227.741318	0.255417	0
227.996735	0.255417	70
228.252151	0.243805	0
228.495956	0.267044	78
228.763000	0.267029	77
229.030029	0.510834	81
229.540863	0.081268	79
229.622131	0.429565	79
230.051697	0.522446	77
230.574142	0.499237	73
231.073380	0.522446	74
231.595825	0.499237	74
232.095062	0.522446	74
232.617508	0.255417	74
232.872925	0.243805	74
233.116730	0.510849	76
233.627579	0.092880	77
233.720459	0.429565	78
234.150024	0.510834	77
234.660858	0.267029	79
234.927887	0.232208	79
235.160095	0.522446	75
235.682541	0.255417	74
235.937958	0.243805	74
236.181763	0.522461	75
236.704224	0.243805	74
236.948029	0.243805	74
237.191833	0.510849	74
237.702682	0.092880	79
237.795563	0.417953	76
238.213516	0.754654	75
238.968170	0.255417	72
239.223587	0.267029	75
239.490616	0.255417	79
239.746033	0.243805	79
239.989838	0.243820	79
240.233658	0.267029	73
240.500687	0.232193	74
240.732880	0.267029	77
240.999908	0.243805	80
241.243713	0.255432	77
241.499146	0.243805	79
241.742950	0.510834	79
242.253784	0.510849	77
242.764633	0.267029	77
243.031662	0.232193	76
243.263855	0.499222	73
243.763077	0.127716	78
243.890793	0.116104	78
244.006897	0.127701	78
244.134598	0.127716	77
244.262314	0.116104	79
244.378418	0.127701	79
244.506119	0.127716	78
244.633835	0.127701	75
244.761536	0.127716	74
244.889252	0.104492	75
244.993744	0.243805	79
245.237549	0.592117	78
245.829666	0.452789	76
246.282455	0.383118	77
246.665573	0.127716	74
246.793289	0.464401	79
247.257690	0.267029	81
247.524719	0.243805	82
247.768524	0.092880	82
247.861404	0.452789	79
248.314194	0.359909	80
248.674103	0.150925	74
248.825027	0.476013	73
249.301041	0.603714	74
249.904755	0.429581	79
250.334335	0.383118	77
250.717453	0.150940	74
250.868393	0.441177	79
251.309570	0.243805	81
251.553375	0.255417	81
251.808792	0.104492	82
251.913284	0.429565	80
252.342850	0.371521	80
252.714371	0.150940	79
252.865311	0.464401	78
253.329712	0.313461	80
253.643173	0.719818	79
254.362991	0.383133	78
254.746124	0.139313	74
254.885437	0.487625	79
255.373062	0.220581	78
255.593643	0.267044	81
255.860687	0.081268	77
255.941956	0.255402	77
256.197357	0.197388	80
256.394745	0.371521	79
256.766266	0.615326	78
257.381592	0.592102	73
257.973694	0.452789	78
258.426483	0.371521	73
258.798004	0.127716	73
258.925720	0.499237	78
259.424957	0.174133	80
259.599091	0.313477	81
259.912567	0.534058	81
260.446625	0.371521	78
260.818146	0.127716	73
260.945862	0.475983	75
261.421844	0.510864	79
261.932709	0.522430	77
262.455139	0.371521	76
262.826660	0.603729	78
263.430389	0.255402	79
263.685791	0.313477	82
263.999268	0.429565	80
264.428833	0.394745	78
264.823578	0.592102	76
265.415680	0.580505	75
265.996185	0.441193	75
266.437378	0.394745	81
266.832123	0.220581	83
267.052704	0.650146	80
267.702850	0.743042	81
268.445892	0.394745	78
268.840637	0.232208	77
269.072845	0.371521	75
269.444366	0.255402	73
269.699768	0.313477	79
270.013245	0.452789	78
270.466034	0.487610	76
270.953644	0.267029	73
271.220673	0.255432	79
271.476105	0.255402	76
271.731506	0.766266	77
272.497772	0.510834	76
273.008606	0.789490	79
273.798096	0.766266	78
274.564362	0.510834	76
275.075195	1.532501	78
276.607697	0.499237	78
277.106934	0.510834	78
277.617767	0.580505	78
278.198273	0.452789	77
278.651062	0.510834	76
279.161896	0.243805	80
279.405701	0.278656	78
279.684357	0.998444	78
280.682800	0.510864	71
281.193665	0.777863	76
281.971527	1.253876	77
283.225403	0.243805	80
283.469208	0.243805	79
283.713013	0.580505	79
284.293518	0.441162	78
284.734680	0.499237	75
285.233917	0.499237	74
285.733154	0.267029	67
286.000183	0.267029	67
286.267212	0.081268	67
286.348480	13.598175	65
