26.563627	0.150930	54
26.714558	0.278639	59
26.993196	0.441179	63
27.434376	0.255421	64
27.689796	0.267029	61
27.956825	0.510839	55
28.467665	0.568888	55
29.036552	0.777870	63
29.814423	1.010067	59
30.824490	0.127710	59
30.952200	0.859138	59
31.811338	0.127708	59
31.939047	0.243811	54
32.182858	0.406349	55
32.589207	0.325081	0
32.914288	0.081268	0
32.995556	0.092880	0
33.088436	0.406349	58
33.494785	0.232201	59
33.726986	0.243809	58
33.970795	0.197369	54
34.168163	0.557278	55
34.725441	0.208981	55
34.934422	0.208981	0
35.143402	0.684986	63
35.828388	0.243813	65
36.072201	0.243809	56
36.316010	0.545670	55
36.861679	0.255417	55
37.117096	0.522449	63
37.639545	0.243809	64
37.883354	0.301861	63
38.185215	0.986847	59
39.172062	0.255421	60
39.427483	0.824310	59
40.251793	0.243809	56
40.495602	0.487617	55
40.983219	0.092880	56
41.076099	0.174149	56
41.250248	0.208981	54
41.459229	0.325081	58
41.784309	0.255417	59
42.039726	0.243813	58
42.283539	0.325077	55
42.608616	0.743038	55
43.351654	0.255421	55
43.607075	0.743038	54
44.350113	0.313469	55
44.663582	0.487621	55
45.151203	0.220589	54
45.371792	0.835918	55
46.207710	0.267029	55
46.474739	0.232201	55
46.706940	0.243809	54
46.950748	0.336689	53
47.287437	0.185760	0
47.473198	0.325077	55
47.798275	0.615330	55
48.413605	0.150932	55
48.564537	0.301857	55
48.866394	0.650158	55
49.516552	0.325081	55
49.841633	0.499229	54
50.340862	0.267029	55
50.607891	0.243809	55
50.851700	0.220589	55
51.072289	0.557281	53
51.629570	1.010067	54
52.639637	0.301861	55
52.941498	0.650158	54
53.591656	0.116100	53
53.707756	0.255417	55
53.963173	0.243813	55
54.206985	0.208977	54
54.415962	0.580502	55
54.996464	0.197369	54
55.193832	0.499229	63
55.693062	0.348297	68
56.041359	0.464401	68
56.505760	0.139320	74
56.645081	0.092880	66
56.737961	0.046440	66
56.784401	0.267029	67
57.051430	0.719818	66
57.771248	0.684986	73
58.456234	0.371521	69
58.827755	0.673378	67
59.501133	0.197369	65
59.698502	0.638550	64
60.337051	0.150932	0
60.487984	0.290249	70
60.778233	0.267029	81
61.045261	0.534058	70
61.579319	0.336689	68
61.916008	0.661770	67
62.577778	0.313469	72
62.891247	0.592110	73
63.483356	0.185760	71
63.669117	0.476009	75
64.145126	0.522446	72
64.667572	0.336693	69
65.004265	0.139320	69
65.143585	0.232201	69
65.375786	0.104485	69
65.480270	0.243813	69
65.724083	0.638550	67
66.362633	0.325073	0
66.687706	0.301865	67
66.989571	0.267029	0
67.256599	0.452789	67
67.709389	0.499229	65
68.208618	0.499229	72
68.707848	0.325081	69
69.032928	0.174149	70
69.207077	0.371513	69
69.578590	0.232201	69
69.810791	0.510841	67
70.321632	0.476006	65
70.797638	0.313477	72
71.111115	0.580498	73
71.691612	0.185760	71
71.877373	0.499229	78
72.376602	0.487617	57
72.864220	0.348297	69
73.212517	0.139320	69
73.351837	0.336685	69
73.688522	0.243813	69
73.932335	0.638550	67
74.570885	0.232201	0
74.803085	0.092880	0
74.895966	0.313469	67
75.209435	0.185760	67
75.395195	0.835915	66
76.231110	0.174149	64
76.405258	0.325081	59
76.730339	0.197372	60
76.927711	0.336685	68
77.264397	0.185760	69
77.450157	0.522453	69
77.972610	0.975235	66
78.947845	0.313469	61
79.261314	0.150932	72
79.412247	0.081268	0
79.493515	0.557281	61
80.050797	0.754646	61
80.805443	0.174149	0
80.979591	0.522446	69
81.502037	1.439644	70
82.941681	0.197365	61
83.139046	0.185760	65
83.324806	0.893967	67
84.218773	1.056511	0
85.275284	0.429565	75
85.704849	0.162544	70
85.867393	0.626938	70
86.494331	2.530975	0
89.025307	0.325081	0
89.350388	0.568886	72
89.919273	0.174149	71
90.093422	0.487617	71
90.581039	9.311203	0
99.892242	0.290253	0
100.182495	0.464401	0
100.646896	0.267029	56
100.913925	0.208977	60
101.122902	0.058052	60
101.180954	0.290245	62
101.471199	0.127716	63
101.598915	0.371513	64
101.970428	0.243813	58
102.214241	0.383125	56
102.597366	0.325081	54
102.922447	0.336693	61
103.259140	0.267029	63
103.526169	0.499229	63
104.025398	0.267029	58
104.292427	0.383125	60
104.675552	0.208984	59
104.884537	0.174149	0
105.058685	0.127708	58
105.186394	0.789482	60
105.975876	0.162537	58
106.138412	0.092880	54
106.231293	0.116096	0
106.347389	0.754654	55
107.102043	0.197365	57
107.299408	0.104492	58
107.403900	0.278641	58
107.682541	0.766258	57
108.448799	0.429565	54
108.878365	0.336693	57
109.215057	0.139320	58
109.354378	0.162537	60
109.516914	0.522453	63
110.039368	0.267029	64
110.306396	0.208977	60
110.515373	0.139320	55
110.654694	0.359909	56
111.014603	0.058052	0
111.072655	0.255417	51
111.328072	0.534058	60
111.862129	0.580498	63
112.442627	0.220596	55
112.663223	0.952011	61
113.615234	0.568893	60
114.184128	0.243805	59
114.427933	0.116104	58
114.544037	0.975235	55
115.519272	0.162544	55
115.681816	0.940407	57
116.622223	0.267029	55
116.889252	0.708206	54
117.597458	0.267029	54
117.864487	0.731430	54
118.595917	0.069664	54
118.665581	0.255417	55
118.920998	0.708206	54
119.629204	0.325081	55
119.954285	0.313469	55
120.267754	0.185760	55
120.453514	0.092880	55
120.546394	0.162537	55
120.708931	0.243813	55
120.952744	0.243813	54
121.196556	0.371513	52
121.568069	0.116104	0
121.684174	0.290245	54
121.974419	0.789482	55
122.763901	0.255417	55
123.019318	0.719818	55
123.739136	0.301865	55
124.041000	0.406349	55
124.447350	0.104485	55
124.551834	0.267029	55
124.818863	0.232201	55
125.051064	0.232201	55
125.283264	0.336693	53
125.619957	0.197365	0
125.817322	0.325081	55
126.142403	0.626938	54
126.769341	0.348305	54
127.117645	0.650154	54
127.767799	0.104492	53
127.872292	0.267021	55
128.139313	0.429581	54
128.568893	0.092880	54
128.661774	0.487610	55
129.149384	0.220596	54
129.369980	0.522446	65
129.892426	0.754654	68
130.647079	0.150925	0
130.798004	0.092880	66
130.890884	0.034836	66
130.925720	0.278641	67
131.204361	0.719818	68
131.924179	0.696594	70
132.620773	0.034821	68
132.655594	0.325089	67
132.980682	0.684982	67
133.665665	0.208984	65
133.874649	0.615326	65
134.489975	0.185760	0
134.675735	0.290253	69
134.965988	0.267029	0
135.233017	0.534058	69
135.767075	0.986847	68
136.753922	0.313477	72
137.067398	0.777863	72
137.845261	0.952011	77
138.797272	0.336700	69
139.133972	0.150925	69
139.284897	0.336685	69
139.621582	0.243820	69
139.865402	0.638550	67
140.503952	0.359909	65
140.863861	0.301849	68
141.165710	0.255417	79
141.421127	0.452789	67
141.873917	1.033295	64
142.907211	0.313477	69
143.220688	0.174149	70
143.394836	0.325073	70
143.719910	0.290253	69
144.010162	0.499222	68
144.509384	0.417969	66
144.927353	0.301849	72
145.229202	0.789490	72
146.018692	0.475998	78
146.494690	0.301865	57
146.796555	0.174149	0
146.970703	0.336685	69
147.307388	0.139328	69
147.446716	0.348297	69
147.795013	0.232193	69
148.027206	0.638550	68
148.665756	0.208984	0
148.874741	0.150925	60
149.025665	0.313477	66
149.339142	0.127701	67
149.466843	1.358368	65
150.825211	0.208984	0
151.034195	0.359909	69
151.394104	0.185760	69
151.579865	0.557281	69
152.137146	0.928802	66
153.065948	0.336685	67
153.402634	0.150925	72
153.553558	0.092880	72
153.646439	0.545670	72
154.192108	0.754654	77
154.946762	0.139313	0
155.086075	0.371521	69
155.457596	0.150925	69
155.608521	1.381592	69
156.990112	0.243805	59
157.233917	2.275558	66
159.509476	0.383133	58
159.892609	0.139313	59
160.031921	3.436554	55
163.468475	2.623856	57
166.092331	1.033295	76
167.125626	1.904037	77
169.029663	0.626938	73
169.656601	1.393188	78
171.049789	0.150940	76
171.200729	1.880814	74
173.081543	0.127716	75
173.209259	0.116089	73
173.325348	1.776337	77
175.101685	0.139313	73
175.240997	1.857590	74
177.098587	0.139328	68
177.237915	1.927261	77
179.165176	0.127701	77
179.292877	1.892426	74
181.185303	0.139328	75
181.324631	0.116089	73
181.440720	0.406357	73
181.847076	1.335144	76
183.182220	0.162537	73
183.344757	0.243820	76
183.588577	1.625397	79
185.213974	0.139313	73
185.353287	1.915649	77
187.268936	2.043350	74
189.312286	0.243820	78
189.556107	1.787933	76
191.344040	2.054962	74
193.399002	13.328247	80
206.727249	0.174164	0
206.901413	0.197357	0
207.098770	0.058060	0
207.156830	0.197372	0
207.354202	0.336685	62
207.690887	0.325073	63
208.015961	0.150940	63
208.166901	0.081268	64
208.248169	0.220581	65
208.468750	0.058060	65
208.526810	0.127701	64
208.654510	0.545670	74
209.200180	0.208984	0
209.409164	0.313461	60
209.722626	0.150940	63
209.873566	0.092880	63
209.966446	0.661758	64
210.628204	0.232208	67
210.860413	0.150925	0
211.011337	0.267029	60
211.278366	0.104492	59
211.382858	0.081268	0
211.464127	0.208984	60
211.673111	0.116089	59
211.789200	0.754654	59
212.543854	0.255417	60
212.799271	0.673386	56
213.472656	0.127701	55
213.600357	0.267029	57
213.867386	0.673386	58
214.540771	0.162537	0
214.703308	0.267029	55
214.970337	0.673386	54
215.643723	0.174149	75
215.817871	0.116104	74
215.933975	0.568878	63
216.502853	0.499237	65
217.002090	0.255417	56
217.257507	0.243805	56
217.501312	0.232208	0
217.733521	0.441177	63
218.174698	0.626938	63
218.801636	0.081268	0
218.882904	0.139313	59
219.022217	0.232208	59
219.254425	0.557281	59
219.811707	0.197357	60
220.009064	0.824310	59
220.833374	0.069672	57
220.903046	0.174149	55
221.077194	0.278641	55
221.355835	0.406342	56
221.762177	0.127716	56
221.889893	0.232193	57
222.122086	0.243805	58
222.365891	0.301865	59
222.667755	0.301865	57
222.969620	0.197357	55
223.166977	0.777878	54
223.944855	1.021683	54
224.966537	0.301849	55
225.268387	0.290253	54
225.558640	0.150925	54
225.709564	0.267029	54
225.976593	0.824310	55
226.800903	0.127716	55
226.928619	0.127701	55
227.056320	0.243820	55
227.300140	0.232193	54
227.532333	0.510834	53
228.043167	0.301865	55
228.345032	0.766266	55
229.111298	0.325073	55
229.436371	0.650162	55
230.086533	0.313461	55
230.399994	0.417969	55
230.817963	0.092880	55
230.910843	0.255417	55
231.166260	0.243805	55
231.410065	0.267029	55
231.677094	0.417969	52
232.095062	0.336685	71
232.431747	0.127701	0
232.559448	0.487625	73
233.047073	0.069656	72
233.116730	0.301865	73
233.418594	0.162537	67
233.581131	0.476013	70
234.057144	0.104492	72
234.161636	0.267029	72
234.428665	0.429565	70
234.858231	0.592102	67
235.450333	0.208984	66
235.659317	0.510849	68
236.170166	0.313461	67
236.483627	0.464401	68
236.948029	0.150925	71
237.098953	0.104492	66
237.203445	0.278641	67
237.482086	0.719818	70
238.201904	0.650162	73
238.852066	0.371521	67
239.223587	0.684982	67
239.908569	0.220596	65
240.129166	0.789474	65
240.918640	0.301865	69
241.220505	0.255417	80
241.475922	0.534058	69
242.009979	0.336685	68
242.346664	0.615326	67
242.961990	0.313477	72
243.275467	0.766251	72
244.041718	0.998459	77
245.040176	0.336700	69
245.376877	0.150925	69
245.527802	0.325073	69
245.852875	0.255432	69
246.108307	0.626938	68
246.735245	0.336685	0
247.071930	0.290253	67
247.362183	0.267029	0
247.629211	0.452789	67
248.082001	0.499222	64
248.581223	0.487625	63
249.068848	0.313461	69
249.382309	0.185760	70
249.568069	0.603729	69
250.171799	0.893967	67
251.065765	0.301849	72
251.367615	0.603729	73
251.971344	0.185760	71
252.157104	0.766251	78
252.923355	0.185760	0
253.109116	0.336685	69
253.445801	0.150940	69
253.596741	0.220581	69
253.817322	0.116104	69
253.933426	0.243805	69
254.177231	0.452789	68
254.630020	0.174149	79
254.804169	0.174149	78
254.978317	0.174149	0
255.152466	0.301865	67
255.454330	0.116104	67
255.570435	0.650146	67
256.220581	0.731445	64
256.952026	0.208984	0
257.161011	0.383118	70
257.544128	0.150940	69
257.695068	0.510834	70
258.205902	0.940399	68
259.146301	0.336700	67
259.483002	0.220581	72
259.703583	0.557281	72
260.260864	0.743042	69
261.003906	0.197357	0
261.201263	0.348297	68
261.549561	0.174164	69
261.723724	1.265472	69
262.989197	0.208984	0
263.198181	0.522461	67
263.720642	0.580505	66
264.301147	0.301849	65
264.602997	0.476013	64
265.079010	0.162537	0
265.241547	0.522430	67
265.763977	0.743042	66
266.507019	0.603729	65
267.110748	0.185760	78
267.296509	0.545654	67
267.842163	1.381592	65
269.223755	0.162537	71
269.386292	0.348297	68
269.734589	0.162567	67
269.897156	0.568878	66
270.466034	0.789490	64
271.255524	0.185760	78
271.441284	0.510834	67
271.952118	0.580475	66
272.532593	0.777893	64
273.310486	0.162537	72
273.473022	0.522430	67
273.995453	1.335175	65
275.330627	0.162537	60
275.493164	0.557281	67
276.050446	0.545654	66
276.596100	0.789490	64
277.385590	0.174133	0
277.559723	0.522461	67
278.082184	1.300323	65
279.382507	0.174133	0
279.556641	0.383118	67
279.939758	0.162567	67
280.102325	0.592102	67
280.694427	20.601898	64
