0.058050	0.116100	71
0.174150	0.208980	72
0.383129	0.197370	0
0.580499	0.243810	58
0.824308	0.139320	58
0.963628	0.406349	58
1.369977	0.243809	0
1.613787	0.139320	0
1.753107	0.220590	46
1.973696	0.185760	0
2.159456	0.255419	0
2.414875	0.127710	0
2.542585	0.406349	0
2.948934	0.255419	65
3.204354	0.116100	59
3.320453	0.267030	59
3.587483	0.150930	0
3.738413	0.243810	0
3.982222	0.139320	0
4.121542	0.394739	0
4.516281	0.406349	0
4.922630	0.406349	0
5.328979	0.255420	0
5.584399	0.127709	0
5.712109	0.417959	0
6.130068	0.232200	0
6.362267	0.127710	54
6.489977	0.406349	49
6.896327	0.243810	0
7.140136	0.162539	0
7.302676	0.243810	0
7.546485	0.174150	0
7.720635	0.255419	0
7.976054	0.127710	0
8.103765	0.267029	50
8.370793	0.150930	0
8.521724	0.255419	0
8.777143	0.127710	0
8.904853	0.232200	50
9.137053	0.162539	0
9.299592	0.243810	0
9.543402	0.150929	0
9.694331	0.255420	0
9.949751	0.150929	0
10.100680	0.267030	0
10.367710	0.116099	0
10.483809	0.243810	0
10.727619	0.174150	0
10.901769	0.267030	0
11.168798	0.116099	0
11.284898	0.267030	0
11.551928	0.139319	0
11.691247	0.267030	0
11.958277	0.116099	0
12.074376	0.255420	0
12.329796	0.162539	0
12.492335	0.185760	0
12.678095	0.185760	60
12.863854	0.371520	62
13.235374	0.301859	62
13.537233	0.127710	59
13.664944	0.174150	58
13.839093	0.069659	58
13.908752	0.394739	58
14.303492	0.162540	58
14.466032	0.243810	58
14.709842	0.150929	58
14.860771	0.267029	58
15.127800	0.127710	59
15.255510	0.232200	59
15.487710	0.417959	60
15.905669	0.150929	62
16.056599	0.255419	60
16.312017	0.116100	57
16.428118	0.220591	62
16.648708	0.092878	62
16.741587	0.104490	0
16.846077	0.220591	0
17.066668	0.348299	57
17.414967	0.104488	52
17.519455	0.127710	0
17.647165	0.150930	57
17.798096	0.220589	56
18.018684	0.278641	55
18.297325	0.162539	57
18.459864	0.255421	58
18.715284	0.336689	58
19.051973	0.197369	61
19.249342	0.267031	61
19.516373	0.127708	0
19.644081	0.313471	62
19.957552	0.104488	58
20.062040	0.232201	58
20.294241	0.150928	58
20.445169	0.034830	0
20.480000	0.208981	0
20.688980	0.150928	56
20.839909	0.243811	55
21.083719	0.417959	53
21.501678	0.092880	0
21.594559	0.301859	50
21.896418	0.081270	0
21.977688	0.069658	0
22.047346	0.348301	0
22.395647	0.359909	54
22.755556	0.464399	52
23.219955	0.220589	51
23.440544	0.429569	63
23.870113	0.150930	61
24.021044	0.255419	62
24.276463	0.150930	62
24.427393	0.220589	62
24.647982	0.162540	60
24.810522	0.104488	59
24.915010	0.162540	59
25.077551	0.127710	0
25.205261	0.232199	0
25.437460	0.139320	0
25.576780	0.185759	63
25.762539	0.069660	62
25.832199	0.127710	0
25.959909	0.313469	61
26.273378	0.313469	58
26.586847	0.255421	58
26.842268	0.255419	59
27.097687	0.116100	59
27.213787	0.185759	58
27.399546	0.174150	58
27.573696	0.267029	58
27.840725	0.162540	58
28.003265	0.197369	59
28.200634	0.313471	61
28.514105	0.150928	61
28.665033	0.139320	0
28.804354	0.127710	62
28.932064	0.267029	61
29.199093	0.232199	63
29.431292	0.394741	57
29.826033	0.162539	54
29.988571	0.243811	58
30.232382	0.150928	0
30.383310	0.243811	57
30.627121	0.139318	0
30.766439	0.406349	56
31.172789	0.278641	56
31.451429	0.243809	58
31.695238	0.267029	60
31.962267	0.255419	60
32.217686	0.139320	54
32.357006	0.232201	62
32.589207	0.174149	58
32.763355	0.197369	58
32.960724	0.162540	0
33.123264	0.255421	58
33.378685	0.185760	58
33.564445	0.162540	58
33.726986	0.243809	56
33.970795	0.174149	55
34.144943	0.185760	55
34.330704	0.243809	0
34.574512	0.150928	0
34.725441	0.348301	0
35.073742	0.464397	53
35.538139	0.371521	52
35.909660	0.452789	55
36.362450	0.185760	55
36.548210	0.174149	53
36.722359	0.162540	52
36.884899	0.092880	52
36.977779	0.104488	52
37.082268	0.220589	61
37.302856	0.220589	62
37.523445	0.255421	63
37.778866	0.406349	63
38.185215	0.127708	63
38.312923	0.255421	62
38.568344	0.162540	62
38.730885	0.208981	62
38.939865	0.185757	58
39.125622	0.139320	59
39.264942	0.232201	57
39.497143	0.174149	58
39.671291	0.243813	57
39.915104	0.278637	53
40.193741	0.092880	0
40.286621	0.429569	54
40.716190	0.232201	0
40.948391	0.429569	60
41.377960	0.139320	62
41.517281	0.220589	62
41.737869	0.104488	62
41.842358	0.325081	60
42.167439	0.139320	61
42.306759	0.255417	0
42.562176	0.116100	52
42.678276	0.429569	56
43.107845	0.243809	53
43.351654	0.162540	53
43.514194	0.116100	53
43.630295	0.104488	53
43.734783	0.162540	51
43.897324	0.232201	0
44.129524	0.139320	51
44.268845	0.267029	60
44.535873	0.150928	61
44.686802	0.406349	60
45.093151	0.174152	58
45.267303	0.208977	56
45.476280	0.267029	50
45.743309	0.081272	51
45.824581	0.406349	58
46.230930	0.371517	0
46.602448	0.313473	54
46.915920	0.150928	56
47.066849	0.371517	55
47.438366	0.162540	57
47.600906	0.127712	59
47.728619	0.127708	59
47.856327	0.185760	58
48.042088	0.220589	52
48.262676	0.197369	51
48.460045	0.034832	52
48.494877	0.139317	51
48.634193	0.150932	56
48.785126	0.116100	59
48.901226	0.139317	58
49.040543	0.406349	63
49.446892	0.371521	63
49.818413	0.232201	61
50.050613	0.174149	62
50.224762	0.278641	61
50.503403	0.150928	58
50.654331	0.208981	58
50.863312	0.174149	54
51.037460	0.232201	56
51.269661	0.162540	58
51.432201	0.383129	58
51.815331	0.406349	58
52.221680	0.394737	59
52.616417	0.139320	58
52.755737	0.638550	58
53.394287	0.429569	62
53.823856	0.220589	66
54.044445	0.162540	61
54.206985	0.383129	58
54.590115	0.267029	58
54.857143	0.139320	63
54.996464	0.197369	66
55.193832	0.220589	66
55.414421	0.383129	67
55.797550	0.383129	66
56.180679	0.197372	66
56.378052	0.058048	67
56.436100	0.127708	65
56.563808	0.325081	66
56.888889	0.325077	64
57.213966	0.150932	60
57.364899	0.394737	57
57.759636	0.417961	61
58.177597	0.359909	62
58.537506	0.417957	62
58.955463	0.406349	0
59.361813	0.232201	0
59.594013	0.162540	0
59.756554	0.185760	63
59.942314	0.185757	62
60.128071	0.429569	62
60.557640	0.789478	65
61.347118	0.394741	63
61.741859	0.278641	0
62.020500	0.116100	0
62.136600	0.267029	62
62.403629	0.174149	56
62.577778	0.232201	0
62.809978	0.139320	0
62.949299	0.406349	63
63.355648	0.232197	0
63.587845	0.150932	58
63.738777	0.301857	58
64.040634	0.104492	0
64.145126	0.394737	46
64.539864	0.406349	46
64.946213	0.255417	55
65.201630	0.150932	58
65.352562	0.220589	58
65.573151	0.185760	58
65.758911	0.208977	58
65.967888	0.174156	58
66.142044	0.127708	58
66.269753	0.243805	58
66.513557	0.243813	60
66.757370	0.174149	62
66.931519	0.290253	63
67.221771	0.104485	66
67.326256	0.232201	66
67.558456	0.185760	0
67.744217	0.371521	0
68.115738	0.267029	65
68.382767	0.150932	62
68.533699	0.232193	65
68.765892	0.162544	64
68.928436	0.243805	64
69.172241	0.139320	65
69.311562	0.278641	67
69.590202	0.116104	62
69.706306	0.278633	60
69.984940	0.116104	60
70.101044	0.267029	60
70.368073	0.127708	63
70.495781	0.290253	62
70.786034	0.127708	0
70.913742	0.278641	54
71.192383	0.116096	57
71.308479	0.232201	62
71.540680	0.150932	62
71.691612	0.208977	62
71.900589	0.034828	63
71.935417	0.162544	65
72.097961	0.255417	61
72.353378	0.139320	61
72.492699	0.278641	59
72.771339	0.116096	60
72.887436	0.185760	59
73.073196	0.208977	59
73.282173	0.406349	58
73.688522	0.371521	62
74.060043	0.359909	64
74.419952	0.441185	62
74.861137	0.278633	60
75.139771	0.139320	58
75.279091	0.255424	58
75.534515	0.139320	58
75.673836	0.394737	58
76.068573	0.383125	55
76.451698	0.406349	63
76.858047	0.139320	0
76.997368	0.255424	58
77.252792	0.278633	59
77.531425	0.139320	58
77.670746	0.185760	58
77.856506	0.197372	57
78.053879	0.255417	57
78.309296	0.150932	58
78.460228	0.255417	58
78.715645	0.139320	58
78.854965	0.232201	58
79.087166	0.139320	0
79.226486	0.429565	59
79.656052	0.116104	62
79.772156	0.278641	63
80.050797	0.116096	62
80.166893	0.267029	60
80.433922	0.278641	60
80.712563	0.127708	0
80.840271	0.267029	65
81.107300	0.127708	66
81.235008	0.139320	66
81.374329	0.139320	65
81.513649	0.139320	62
81.652969	0.220589	65
81.873558	0.150932	65
82.024490	0.348297	67
82.372787	0.452789	61
82.825577	0.267029	60
83.092606	0.139320	62
83.231926	0.220589	63
83.452515	0.150932	0
83.603447	0.290253	0
83.893700	0.127708	58
84.021408	0.185760	62
84.207169	0.208977	65
84.416145	0.243813	58
84.659958	0.139313	62
84.799271	0.255424	60
85.054695	0.116096	0
85.170792	0.301865	61
85.472656	0.127708	62
85.600365	0.255417	61
85.855782	0.150932	62
86.006714	0.394737	59
86.401451	0.383133	62
86.784584	0.278633	63
87.063217	0.127716	64
87.190933	0.255417	60
87.446350	0.150932	61
87.597282	0.267029	60
87.864311	0.139320	58
88.003632	0.116096	59
88.119728	0.116096	59
88.235825	0.139320	58
88.375145	0.383133	54
88.758278	0.406349	62
89.164627	0.174149	58
89.338776	0.197372	58
89.536148	1.950470	61
91.486618	0.150932	57
91.637550	0.127708	0
91.765259	0.139320	0
91.904579	0.185760	0
92.090340	0.255417	61
92.345757	0.243813	62
92.589569	0.162537	60
92.752106	0.406349	61
93.158455	0.383133	62
93.541588	0.394737	58
93.936325	0.278641	61
94.214966	0.139320	0
94.354286	0.383125	53
94.737411	0.290253	62
95.027664	0.417961	62
95.445625	0.104485	63
95.550110	0.371521	62
95.921631	0.406349	61
96.327980	0.383133	65
96.711113	0.417961	57
97.129074	0.243805	60
97.372879	0.150932	53
97.523811	0.267029	54
97.790840	0.127708	51
97.918549	0.290253	50
98.208801	0.092880	51
98.301682	0.417953	59
98.719635	0.383133	61
99.102768	0.394737	57
99.497505	0.383133	44
99.880638	0.406349	57
100.286987	0.278633	0
100.565620	0.092880	0
100.658501	0.313469	54
100.971970	0.127716	55
101.099686	0.394737	56
101.494423	0.267029	57
101.761452	0.127708	58
101.889160	0.394737	56
102.283897	0.394745	52
102.678642	0.383125	0
103.061768	0.429573	63
103.491341	0.208977	63
103.700317	0.452789	62
104.153107	0.116096	63
104.269203	0.394745	61
104.663948	0.267029	58
104.930977	0.150925	61
105.081902	0.394745	58
105.476646	0.383125	62
105.859772	0.371521	61
106.231293	0.429565	59
106.660858	0.394745	62
107.055603	0.243805	53
107.299408	0.139320	53
107.438728	0.383133	53
107.821861	0.429565	61
108.251427	0.383133	63
108.634560	0.417961	60
109.052521	0.383125	0
109.435646	0.220589	55
109.656235	0.185760	57
109.841995	0.267029	56
110.109024	0.116104	56
110.225128	0.278633	53
110.503761	0.127716	51
110.631477	0.394737	50
111.026215	0.406349	60
111.432564	0.255417	61
111.687981	0.522453	56
112.210434	0.383125	56
112.593559	0.336693	58
112.930252	0.359909	56
113.290161	0.104485	53
113.394646	0.290253	55
113.684898	0.069656	56
113.754555	0.301865	44
114.056419	0.116096	44
114.172516	0.429573	58
114.602089	0.267029	58
114.869118	0.499229	52
115.368347	0.383125	53
115.751472	0.441177	63
116.192650	0.278641	63
116.471291	0.081268	59
116.552559	0.301865	62
116.854424	0.127708	62
116.982132	0.406349	60
117.388481	0.371521	57
117.760002	0.267029	0
118.027031	0.150925	58
118.177956	0.232201	58
118.410156	0.139320	0
118.549477	0.383133	51
118.932610	0.394737	47
119.327347	0.267029	48
119.594376	0.174149	62
119.768524	0.232201	61
120.000725	0.127708	0
120.128433	0.278641	68
120.407074	0.139320	0
120.546394	0.243813	61
120.790207	0.139320	0
120.929527	0.243805	61
121.173332	0.185760	62
121.359093	0.220589	62
121.579681	0.139320	63
121.719002	0.278641	65
121.997643	0.150932	63
122.148575	0.232193	62
122.380768	0.150932	0
122.531700	0.290253	56
122.821953	0.127708	44
122.949661	0.232201	0
123.181862	0.162537	64
123.344398	0.220589	62
123.564987	0.174149	0
123.739136	0.371521	55
124.110657	0.197372	42
124.308029	0.232201	57
124.540230	0.325073	44
124.865303	0.081276	57
124.946579	0.336685	56
125.283264	0.394737	42
125.678001	0.313469	0
125.991470	0.127716	40
126.119186	0.220589	40
126.339775	0.174149	48
126.513924	0.383125	57
126.897049	0.278641	56
127.175690	0.104492	61
127.280182	0.232201	52
127.512383	0.046440	53
127.558823	0.150925	61
127.709747	0.348297	61
128.058044	0.046448	59
128.104492	0.325073	56
128.429565	0.081268	57
128.510834	0.406357	58
128.917191	0.255417	58
129.172607	0.116104	58
129.288712	0.267029	59
129.555740	0.429565	63
129.985306	0.104492	66
130.089798	0.301865	61
130.391663	0.139313	60
130.530975	0.232193	58
130.763168	0.127716	0
130.890884	0.406342	58
131.297226	0.383133	59
131.680359	0.267029	60
131.947388	0.139328	68
132.086716	0.255417	66
132.342133	0.139313	66
132.481445	0.267029	66
132.748474	0.127716	0
132.876190	0.394745	62
133.270935	0.267029	58
133.537964	0.139313	60
133.677277	0.208984	62
133.886261	0.197372	63
134.083633	0.278641	63
134.362274	0.116089	66
134.478363	0.394745	64
134.873108	0.394745	69
135.267853	0.243805	59
135.511658	0.162537	57
135.674194	0.243805	63
135.917999	0.139328	0
136.057327	0.394730	65
136.452057	0.406357	62
136.858414	0.267029	58
137.125443	0.127716	58
137.253159	0.394730	56
137.647888	0.383133	54
138.031021	0.359909	63
138.390930	0.197372	63
138.588303	0.243805	0
138.832108	0.255417	52
139.087524	0.139328	52
139.226852	0.394730	55
139.621582	0.243820	58
139.865402	0.174149	61
140.039551	0.406342	60
140.445892	0.383133	57
140.829025	0.394745	57
141.223770	0.406342	59
141.630112	0.255417	59
141.885529	0.139328	63
142.024857	0.336685	64
142.361542	0.476013	63
142.837555	0.278641	60
143.116196	0.185760	60
143.301956	0.150925	61
143.452881	0.139313	61
143.592194	0.394745	60
143.986938	0.255417	58
144.242355	0.325089	58
144.567444	0.034821	57
144.602264	0.220596	0
144.822861	0.255417	58
145.078278	0.116104	58
145.194382	0.092880	58
145.287262	0.301849	58
145.589111	0.255417	58
145.844528	0.162552	59
146.007080	0.255417	60
146.262497	0.139313	62
146.401810	0.162537	60
146.564346	0.243820	56
146.808167	0.243805	61
147.051971	0.162537	57
147.214508	0.208984	57
147.423492	0.162537	0
147.586029	0.243805	58
147.829834	0.092880	0
147.922714	0.197372	0
148.120087	0.092880	0
148.212967	0.116104	0
148.329071	0.325073	56
148.654144	0.348297	58
149.002441	0.127716	56
149.130157	0.301865	57
149.432022	0.139313	60
149.571335	0.220596	60
149.791931	0.174149	60
149.966080	0.081268	54
150.047348	0.185760	51
150.233109	0.139313	61
150.372421	0.267029	61
150.639450	0.150940	58
150.790390	0.162537	58
150.952927	0.208984	59
151.161911	0.185760	0
151.347672	0.232193	55
151.579865	0.116104	55
151.695969	0.197357	53
151.893326	0.220596	0
152.113922	0.081268	0
152.195190	0.394745	0
152.589935	0.417953	53
153.007889	0.162537	54
153.170425	0.232208	52
153.402634	0.150925	51
153.553558	0.150925	51
153.704483	0.336700	53
154.041183	0.301849	56
154.343033	0.174149	58
154.517181	0.034836	58
154.552017	0.174149	61
154.726166	0.232208	63
154.958374	0.185760	61
155.144135	0.243805	62
155.387939	0.139313	61
155.527252	0.197372	58
155.724625	0.116104	0
155.840729	0.092880	58
155.933609	0.232193	58
156.165802	0.116104	58
156.281906	0.174149	62
156.456055	0.267029	58
156.723083	0.255417	58
156.978500	0.069656	0
157.048157	0.301865	58
157.350021	0.174149	54
157.524170	0.150925	58
157.675095	0.255432	59
157.930527	0.220581	58
158.151108	0.174149	53
158.325256	0.243820	58
158.569077	0.150925	53
158.720001	0.185760	60
158.905762	0.208984	61
159.114746	0.220581	62
159.335327	0.197372	60
159.532700	0.232193	62
159.764893	0.116104	0
159.880997	0.301865	56
160.182861	0.150925	50
160.333786	0.243805	57
160.577591	0.139328	56
160.716919	0.174149	54
160.891068	0.208984	56
161.100052	0.139313	0
161.239365	0.127716	0
161.367081	0.139313	55
161.506393	0.220596	56
161.726990	0.359909	59
162.086899	0.208969	61
162.295868	0.232208	60
162.528076	0.185760	0
162.713837	0.150925	0
162.864761	0.220596	0
163.085358	0.162537	50
163.247894	0.232193	55
163.480087	0.197372	58
163.677460	0.116104	58
163.793564	0.104492	57
163.898056	0.371506	58
164.269562	0.278641	58
164.548203	0.139328	56
164.687531	0.243805	56
164.931335	0.150925	0
165.082260	0.255432	0
165.337692	0.139313	53
165.477005	0.255417	54
165.732422	0.139328	55
165.871750	0.267029	53
166.138779	0.127701	51
166.266479	0.232208	52
166.498688	0.174149	55
166.672836	0.081268	56
166.754105	0.313477	51
167.067581	0.232193	52
167.299774	0.139313	52
167.439087	0.162552	62
167.601639	0.116089	63
167.717728	0.127716	64
167.845444	0.185760	64
168.031204	0.116104	63
168.147308	0.371506	0
168.518814	0.116104	0
168.634918	0.255417	51
168.890335	0.162552	0
169.052887	0.243805	46
169.296692	0.232193	46
169.528885	0.313477	47
169.842361	0.557281	57
170.399643	0.220581	0
170.620224	0.452789	53
171.073013	0.208984	0
171.281998	0.429565	60
171.711563	0.499237	63
172.210800	0.568878	61
172.779678	0.197372	52
172.977051	0.522446	56
173.499496	0.174149	53
173.673645	0.150940	53
173.824585	0.232193	54
174.056778	0.255417	51
174.312195	0.255417	52
174.567612	0.487625	59
175.055237	0.313477	61
175.368713	0.069656	58
175.438370	0.185760	58
175.624130	0.580490	55
176.204620	0.150940	57
176.355560	0.278641	58
176.634201	0.336685	0
176.970886	0.847519	55
177.818405	0.162552	57
177.980957	0.429565	58
178.410522	0.255417	52
178.665939	0.348297	52
179.014236	0.348297	66
179.362534	0.731430	63
180.093964	0.058060	57
180.152023	0.417953	62
180.569977	0.243805	61
180.813782	0.429581	58
181.243362	0.383118	59
181.626480	0.092880	58
181.719360	0.208984	59
181.928345	0.243805	60
182.172150	0.371521	62
182.543671	0.278641	58
182.822311	0.127716	59
182.950027	0.232193	59
183.182220	0.185760	58
183.367981	0.220596	58
183.588577	0.162537	58
183.751114	0.267029	58
184.018143	0.510834	61
184.528976	0.336685	63
184.865662	0.081284	66
184.946945	0.208969	66
185.155914	0.185760	66
185.341675	0.255417	0
185.597092	0.116104	0
185.713196	0.267029	66
185.980225	0.150925	62
186.131149	0.232208	65
186.363358	0.162537	0
186.525894	0.290253	64
186.816147	0.104492	65
186.920639	0.255417	51
187.176056	0.150925	62
187.326981	0.232208	61
187.559189	0.162537	63
187.721725	0.243805	64
187.965530	0.162537	62
188.128067	0.220596	62
188.348663	0.150925	53
188.499588	0.255417	52
188.755005	0.150940	59
188.905945	0.243805	62
189.149750	0.150925	61
189.300674	0.197372	44
189.498047	0.197372	45
189.695419	0.267029	61
189.962448	0.127716	61
190.090164	0.255417	59
190.345581	0.150925	60
190.496506	0.185760	58
190.682266	0.208984	60
190.891251	0.255417	58
191.146667	0.150925	58
191.297592	0.371521	0
191.669113	0.197372	0
191.866486	0.220596	64
192.087082	0.406342	67
192.493423	0.220596	65
192.714020	0.162537	65
192.876556	0.394730	63
193.271286	0.394745	55
193.666031	0.267029	58
193.933060	0.487625	63
194.420685	0.058044	61
194.478729	0.220596	62
194.699326	0.139313	66
194.838638	0.371521	66
195.210159	0.290253	62
195.500412	0.139313	0
195.639725	0.290253	66
195.929977	0.104492	65
196.034470	0.267029	63
196.301498	0.139313	65
196.440811	0.406357	65
196.847168	0.243805	63
197.090973	0.162537	63
197.253510	0.394745	64
197.648254	0.267029	66
197.915283	0.139313	67
198.054596	0.162552	67
198.217148	0.220581	66
198.437729	0.406357	63
198.844086	0.371521	63
199.215607	0.232193	61
199.447800	0.174149	61
199.621948	0.371521	53
199.993469	0.232193	65
200.225662	0.208984	66
200.434647	0.162537	65
200.597183	0.243820	68
200.841003	0.383118	61
201.224121	0.383133	62
201.607254	0.232208	61
201.839462	0.162537	58
202.001999	0.406342	60
202.408340	0.162537	61
202.570877	0.232208	58
202.803085	0.174149	0
202.977234	0.232193	58
203.209427	0.150940	60
203.360367	0.197372	62
203.557739	0.441177	60
203.998917	0.417953	59
204.416870	0.371521	58
204.788391	0.429565	63
205.217957	0.371521	63
205.589478	0.394745	62
205.984222	0.394730	61
206.378952	0.278641	58
206.657593	0.127716	56
206.785309	0.394730	54
207.180038	2.948944	60
210.128983	5.459595	0
