0.801088	0.197370	58
0.998458	0.267030	62
1.265488	0.081270	62
1.346757	0.081270	61
1.428027	0.232200	63
1.660227	0.301859	58
1.962086	0.069660	55
2.031746	0.394739	58
2.426485	0.197370	58
2.623855	0.220590	58
2.844445	0.139320	56
2.983764	0.255419	58
3.239184	0.174150	59
3.413333	0.220589	59
3.633923	0.394739	60
4.028662	0.290249	62
4.318912	0.127710	0
4.446621	0.104490	0
4.551111	0.208980	62
4.760091	0.104490	62
4.864581	0.116100	0
4.980680	0.197370	57
5.178050	0.336689	57
5.514739	0.127710	52
5.642449	0.127710	0
5.770159	0.150929	57
5.921088	0.220590	55
6.141678	0.278640	55
6.420318	0.150929	57
6.571247	0.278639	58
6.849886	0.325079	58
7.174966	0.290249	61
7.465215	0.162540	0
7.627755	0.139320	0
7.767075	0.313469	62
8.080544	0.174150	58
8.254694	0.162539	58
8.417233	0.150929	58
8.568163	0.034830	55
8.602993	0.208980	57
8.811973	0.348299	56
9.160272	0.545670	53
9.705941	0.301859	0
10.007800	0.510839	54
10.518640	0.348299	53
10.866939	0.476009	51
11.342948	0.208980	48
11.551928	0.185760	62
11.737687	0.104489	63
11.842176	0.150930	58
11.993107	0.150929	61
12.144036	0.452789	62
12.596826	0.174150	62
12.770975	0.255420	60
13.026395	0.174150	0
13.200544	0.359909	0
13.560453	0.139319	62
13.699773	0.162540	62
13.862313	0.081269	62
13.943583	0.139320	0
14.082903	0.313469	60
14.396372	0.313470	58
14.709842	0.255419	58
14.965261	0.174150	59
15.139410	0.069660	59
15.209070	0.185760	58
15.394830	0.116100	56
15.510930	0.185760	56
15.696690	0.162539	59
15.859229	0.104489	56
15.963718	0.162540	58
16.126259	0.197369	58
16.323627	0.301861	58
16.625488	0.150928	60
16.776417	0.150930	61
16.927347	0.116100	62
17.043447	0.267029	61
17.310476	0.116100	62
17.426577	0.116098	62
17.542675	0.185760	58
17.728436	0.150930	57
17.879366	0.058048	56
17.937414	0.162540	55
18.099955	0.267029	58
18.366983	0.139320	0
18.506304	0.243809	57
18.750113	0.139320	0
18.889433	0.394739	56
19.284172	0.208981	57
19.493153	0.081268	55
19.574421	0.232201	58
19.806622	0.359909	60
20.166531	0.162540	0
20.329071	0.139318	53
20.468390	0.243811	62
20.712200	0.174149	58
20.886349	0.185760	58
21.072109	0.174149	0
21.246258	0.243811	58
21.490068	0.359909	58
21.849977	0.417959	55
22.267937	0.127710	56
22.395647	0.301859	58
22.697506	0.487619	0
23.185125	0.267029	54
23.452154	0.197371	52
23.649525	0.383129	52
24.032654	0.046438	52
24.079092	0.580500	56
24.659592	0.336689	52
24.996281	0.127710	52
25.123991	0.301859	59
25.425850	0.476009	63
25.901859	0.499229	62
26.401089	0.267029	62
26.668118	0.139320	62
26.807438	0.220589	62
27.028027	0.243811	58
27.271837	0.092880	0
27.364717	0.243809	57
27.608526	0.243809	58
27.852335	0.197371	56
28.049706	0.267029	0
28.316734	0.081270	0
28.398005	0.464399	54
28.862404	0.232199	53
29.094603	0.313471	60
29.408073	0.092878	60
29.500952	0.348299	62
29.849251	0.116100	63
29.965351	0.476009	61
30.441360	0.313469	53
30.754829	0.208981	55
30.963810	0.197369	57
31.161179	0.092880	56
31.254059	0.220591	54
31.474649	0.162539	53
31.637188	0.220591	53
31.857779	0.150930	51
32.008709	0.104488	0
32.113197	0.139320	49
32.252518	0.104488	51
32.357006	0.464401	60
32.821407	0.255417	61
33.076824	0.139320	58
33.216145	0.162540	58
33.378685	0.290249	56
33.668934	0.267029	0
33.935963	0.406349	58
34.342312	0.383129	0
34.725441	0.464401	55
35.189842	0.313469	55
35.503311	0.046440	55
35.549751	0.162540	57
35.712292	0.429569	59
36.141861	0.278637	53
36.420498	0.162540	51
36.583038	0.174149	52
36.757187	0.139320	0
36.896507	0.116100	0
37.012608	0.150928	0
37.163536	0.150932	63
37.314468	0.162537	63
37.477005	0.464401	63
37.941406	0.069660	59
38.011066	0.150928	61
38.161995	0.185760	62
38.347755	0.267029	61
38.614784	0.348301	58
38.963085	0.394737	54
39.357822	0.638550	58
39.996372	0.162540	58
40.158913	0.522449	58
40.681362	0.197369	58
40.878731	1.288708	59
42.167439	0.162540	60
42.329979	0.197369	59
42.527348	0.417957	57
42.945305	0.162540	63
43.107845	0.174149	66
43.281994	0.278641	66
43.560635	0.243809	67
43.804443	0.127712	66
43.932156	0.255417	66
44.187572	0.116100	65
44.303673	0.185760	66
44.489433	0.069660	67
44.559093	0.127708	65
44.686802	0.406349	65
45.093151	0.185760	64
45.278912	0.046440	0
45.325352	0.383129	57
45.708481	0.174149	56
45.882629	0.394741	54
46.277370	0.383129	0
46.660500	0.278637	0
46.939137	0.127712	0
47.066849	0.301857	0
47.368706	0.116100	0
47.484806	0.243813	0
47.728619	0.150928	0
47.879547	0.278637	0
48.158184	0.127712	0
48.285896	0.394737	0
48.680634	0.255421	0
48.936054	0.127708	0
49.063763	0.406349	0
49.470112	0.267033	0
49.737144	0.139317	0
49.876461	0.267033	0
50.143494	0.116096	0
50.259590	0.290253	0
50.549843	0.127708	0
50.677551	0.267029	0
50.944580	0.116100	0
51.060680	0.383129	0
51.443810	0.278641	0
51.722450	0.139317	0
51.861767	0.278641	0
52.140408	0.116100	0
52.256508	0.406349	0
52.662857	0.220589	0
52.883446	0.197372	46
53.080818	0.232197	55
53.313015	0.185760	58
53.498775	0.197369	57
53.696144	0.197372	58
53.893517	0.150928	58
54.044445	0.046440	59
54.090885	0.092880	58
54.183765	0.197369	58
54.381134	0.243809	58
54.624943	0.243809	60
54.868752	0.185760	62
55.054512	0.208981	62
55.263493	0.081268	65
55.344761	0.336689	66
55.681450	0.208981	0
55.890430	0.046440	0
55.936871	0.313469	0
56.250340	0.243809	66
56.494148	0.174152	63
56.668301	0.208977	65
56.877277	0.174152	0
57.051430	0.394737	64
57.446167	0.208981	68
57.655148	0.058048	64
57.713196	0.150932	62
57.864128	0.243809	60
58.107937	0.220589	60
58.328526	0.150928	0
58.479454	0.417961	62
58.897415	0.150928	0
59.048344	0.255421	70
59.303764	0.150928	58
59.454693	0.208981	62
59.663673	0.150928	62
59.814602	0.197372	62
60.011974	0.185757	65
60.197731	0.301861	61
60.499592	0.116100	61
60.615692	0.267029	59
60.882721	0.290249	59
61.172970	0.301861	58
61.474831	0.069660	59
61.544491	0.325077	58
61.869568	0.499229	63
62.368797	0.150932	63
62.519730	0.092876	61
62.612606	0.116100	61
62.728706	0.220592	63
62.949299	0.174149	61
63.123447	0.301857	58
63.425304	0.174152	58
63.599457	0.185760	58
63.785217	0.185757	58
63.970974	0.208981	58
64.179955	0.394737	54
64.574692	0.081268	0
64.655960	0.336693	51
64.992653	0.104492	54
65.097145	0.255417	58
65.352562	0.232201	58
65.584763	0.046440	56
65.631203	0.174149	58
65.805351	0.162537	58
65.967888	0.208984	57
66.176872	0.255417	57
66.432289	0.150932	58
66.583221	0.162537	58
66.745758	0.092880	58
66.838638	0.139320	58
66.977959	0.220589	57
67.198547	0.150932	58
67.349480	0.243805	59
67.593285	0.069664	58
67.662949	0.220589	60
67.883537	0.383133	62
68.266670	0.557274	66
68.823944	0.150932	70
68.974876	0.255417	65
69.230293	0.255424	66
69.485718	0.150925	65
69.636642	0.150932	62
69.787575	0.104492	64
69.892067	0.104485	65
69.996552	0.162544	65
70.159096	0.290245	67
70.449341	0.499229	61
70.948570	0.243813	60
71.192383	0.359909	62
71.552292	0.174149	0
71.726440	0.278641	56
72.005081	0.162537	58
72.167618	0.162544	62
72.330162	0.417953	65
72.748116	0.034836	0
72.782951	0.243805	61
73.026756	0.162544	60
73.189301	0.092873	0
73.282173	0.220596	61
73.502769	0.092880	59
73.595650	0.174149	62
73.769798	0.208977	61
73.978775	0.185760	57
74.164536	0.174149	58
74.338684	0.220589	59
74.559273	0.174149	61
74.733421	0.394745	64
75.128166	0.046440	63
75.174606	0.174149	63
75.348755	0.208977	62
75.557732	0.313469	61
75.871201	0.232201	58
76.103401	0.116096	59
76.219498	0.278641	59
76.498138	0.255424	55
76.753563	0.162537	53
76.916100	0.359909	53
77.276009	0.162537	52
77.438545	0.208984	56
77.647530	0.185760	59
77.833290	0.162537	62
77.995827	0.359909	61
78.355736	0.313469	61
78.669205	0.127708	61
78.796913	0.174156	61
78.971069	0.325073	60
79.296143	0.290253	60
79.586395	0.174149	54
79.760544	0.127708	0
79.888252	0.139320	0
80.027573	0.174149	0
80.201721	0.267029	61
80.468750	0.243813	62
80.712563	0.185760	60
80.898323	0.174149	62
81.072472	0.116096	62
81.188568	0.232201	58
81.420769	0.255424	57
81.676193	0.313469	58
81.989662	0.034828	57
82.024490	0.220589	53
82.245079	0.220589	0
82.465668	0.452789	53
82.918457	0.220589	0
83.139046	0.348305	60
83.487350	0.081268	62
83.568619	0.476006	63
84.044624	0.429573	61
84.474197	0.116096	0
84.590294	0.243813	54
84.834106	0.185760	56
85.019867	0.510834	57
85.530701	0.174149	54
85.704849	0.208984	54
85.913834	0.255417	50
86.169250	0.162544	0
86.331795	0.104485	51
86.436279	0.476013	60
86.912292	0.267029	61
87.179321	0.278641	59
87.457962	0.185760	55
87.643723	0.092873	55
87.736595	0.267036	0
88.003632	0.406349	58
88.409981	0.359909	0
88.769890	0.232193	54
89.002083	0.429573	56
89.431656	0.174149	56
89.605804	0.174149	56
89.779953	0.417961	58
90.197914	0.313469	53
90.511383	0.301857	51
90.813240	0.104492	51
90.917732	0.150932	0
91.068665	0.116096	0
91.184761	0.150932	62
91.335693	0.267029	63
91.602722	0.220589	63
91.823311	0.359909	62
92.183220	0.185760	63
92.368980	0.278641	62
92.647621	0.278641	58
92.926262	0.127708	59
93.053970	0.150925	61
93.204895	0.174156	57
93.379051	0.232193	58
93.611244	0.116104	61
93.727348	0.185760	63
93.913109	0.058044	62
93.971153	0.383133	61
94.354286	0.452789	59
94.807076	0.069656	0
94.876732	0.290253	0
95.166985	0.417961	53
95.584946	0.232201	53
95.817146	0.116096	53
95.933243	0.708206	61
96.641449	0.116104	63
96.757553	0.325081	60
97.082634	0.116096	60
97.198730	0.371521	0
97.570251	0.174149	55
97.744400	0.232201	57
97.976601	0.290245	56
98.266846	0.081276	55
98.348122	0.255417	53
98.603539	0.046440	53
98.649979	0.255417	51
98.905396	0.255424	0
99.160820	0.417953	60
99.578773	0.220589	61
99.799362	0.383133	58
100.182495	0.313469	56
100.495964	0.220589	0
100.716553	0.336693	57
101.053246	0.220589	58
101.273834	0.220589	0
101.494423	0.371521	55
101.865944	0.313469	55
102.179413	0.127708	55
102.307121	0.139320	56
102.446442	0.522446	58
102.968887	0.522453	52
103.491341	0.267029	0
103.758369	0.116096	0
103.874466	0.150932	62
104.025398	0.429565	63
104.454964	0.150932	63
104.605896	0.243813	60
104.849709	0.185753	62
105.035461	0.290253	61
105.325714	0.220589	58
105.546303	0.150932	58
105.697235	0.185760	55
105.882996	0.267029	53
106.150024	0.371521	58
106.521545	0.150925	0
106.672470	0.383133	61
107.055603	0.394737	62
107.450340	0.185760	65
107.636101	0.069656	62
107.705757	0.185760	62
107.891518	0.232201	0
108.123718	0.127708	0
108.251427	0.208984	68
108.460411	0.058044	65
108.518456	0.150932	64
108.669388	0.174149	61
108.843536	0.069664	61
108.913200	0.139320	0
109.052521	0.232193	61
109.284714	0.406349	62
109.691063	0.150932	0
109.841995	0.197372	66
110.039368	0.069656	62
110.109024	0.162544	63
110.271568	0.104485	61
110.376053	0.116104	62
110.492157	0.162537	0
110.654694	0.278641	58
110.933334	0.174149	56
111.107483	0.197372	0
111.304855	0.162537	62
111.467392	0.127708	62
111.595100	0.081268	62
111.676369	0.336693	65
112.013062	0.150932	63
112.163994	0.058044	60
112.222038	0.197372	61
112.419411	0.232201	59
112.651611	0.325081	57
112.976692	0.417953	56
113.394646	0.232201	55
113.626846	0.174149	55
113.800995	0.150932	56
113.951927	0.139320	0
114.091248	0.104492	0
114.195740	0.255417	0
114.451157	0.174149	50
114.625305	0.278641	57
114.903946	0.116096	55
115.020042	0.150932	58
115.170975	0.116096	57
115.287071	0.116104	61
115.403175	0.232201	59
115.635376	0.174149	61
115.809525	0.174149	62
115.983673	0.185760	61
116.169434	0.127708	58
116.297142	0.174149	56
116.471291	0.069664	55
116.540955	0.104485	57
116.645439	0.162544	58
116.807983	0.162537	58
116.970520	0.301865	58
117.272385	0.150925	58
117.423309	0.255424	52
117.678734	0.417953	63
118.096687	0.185760	65
118.282448	0.232201	61
118.514648	0.162537	60
118.677185	0.232201	58
118.909386	0.127708	55
119.037094	0.174156	58
119.211250	0.592102	58
119.803352	0.255424	59
120.058777	0.208977	68
120.267754	0.359909	67
120.627663	0.220589	0
120.848251	0.174149	0
121.022400	0.267036	62
121.289436	0.139313	60
121.428749	0.232201	58
121.660950	0.150932	60
121.811882	0.197372	62
122.009254	0.104485	63
122.113739	0.348305	62
122.462044	0.174149	66
122.636192	0.232201	64
122.868393	0.150925	62
123.019318	0.267029	61
123.286346	0.116104	61
123.402451	0.220589	59
123.623039	0.162537	59
123.785576	0.220589	63
124.006165	0.174156	62
124.180321	0.208977	65
124.389297	0.197372	65
124.586670	0.197365	63
124.784035	0.069664	62
124.853699	0.150925	61
125.004623	0.255424	58
125.260048	0.255417	57
125.515465	0.243813	55
125.759277	0.290245	55
126.049522	0.104492	53
126.154015	0.336685	54
126.490700	0.197372	0
126.688072	0.267029	63
126.955101	0.383133	0
127.338234	0.394737	64
127.732971	0.243813	55
127.976784	0.116096	61
128.092880	0.197372	61
128.290253	0.220581	59
128.510834	0.452789	57
128.963623	0.371521	57
129.335144	0.185760	58
129.520905	0.208984	59
129.729889	0.406342	59
130.136230	0.208984	58
130.345215	0.092880	59
130.438095	0.499222	56
130.937317	0.301865	60
131.239182	0.174149	60
131.413330	0.162537	61
131.575867	0.116104	61
131.691971	0.139328	61
131.831299	0.185760	59
132.017059	0.092880	57
132.109940	0.243805	58
132.353745	0.092880	58
132.446625	0.243805	58
132.690430	0.278641	58
132.969070	0.232193	58
133.201263	0.116104	58
133.317368	0.092880	57
133.410248	0.325089	58
133.735336	0.243805	58
133.979141	0.139313	58
134.118454	0.069656	60
134.188110	0.116104	60
134.304214	0.116104	58
134.420319	0.197372	63
134.617691	0.325073	62
134.942764	0.232208	61
135.174973	0.162537	57
135.337509	0.150925	57
135.488434	0.046448	55
135.534882	0.174149	56
135.709030	0.243805	58
135.952835	0.092880	0
136.045715	0.185760	57
136.231476	0.104492	0
136.335968	0.104492	0
136.440460	0.336685	56
136.777145	0.359909	57
137.137054	0.104492	57
137.241547	0.348297	58
137.589844	0.325073	61
137.914917	0.220596	60
138.135513	0.232193	51
138.367706	0.383133	62
138.750839	0.325073	57
139.075912	0.232208	59
139.308121	0.162537	0
139.470657	0.325073	55
139.795731	0.220596	53
140.016327	0.197372	0
140.213699	0.487610	0
140.701309	0.069672	0
140.770981	0.336685	53
141.107666	0.185760	54
141.293427	0.208984	51
141.502411	0.081268	51
141.583679	0.139313	51
141.722992	0.092880	51
141.815872	0.336685	54
142.152557	0.487625	52
142.640182	0.034836	56
142.675018	0.162537	61
142.837555	0.243805	63
143.081360	0.197372	61
143.278732	0.220581	62
143.499313	0.139328	61
143.638641	0.208984	58
143.847626	0.104477	0
143.952103	0.116104	0
144.068207	0.208984	54
144.277191	0.116104	51
144.393295	0.174149	62
144.567444	0.232193	58
144.799637	0.197372	58
144.997009	0.092880	56
145.089890	0.069656	54
145.159546	0.313477	58
145.473022	0.197357	54
145.670380	0.116104	58
145.786484	0.267029	54
146.053513	0.232208	58
146.285721	0.162537	53
146.448257	0.243805	57
146.692062	0.162537	54
146.854599	0.162537	60
147.017136	0.429581	61
147.446716	0.232193	60
147.678909	0.139328	62
147.818237	0.069656	58
147.887894	0.116104	57
148.003998	0.290237	58
148.294235	0.174149	54
148.468384	0.232208	57
148.700592	0.150925	56
148.851517	0.139328	57
148.990845	0.220581	56
149.211426	0.139328	0
149.350754	0.139313	56
149.490067	0.150925	55
149.640991	0.208984	57
149.849976	0.359909	59
150.209885	0.406357	61
150.616241	0.243805	60
150.860046	0.116104	0
150.976151	0.220581	60
151.196732	0.139328	61
151.336060	0.267029	62
151.603088	0.185760	58
151.788849	0.116089	57
151.904938	0.197372	57
152.102310	0.255417	58
152.357727	0.325089	57
152.682816	0.278641	56
152.961456	0.104492	57
153.065948	0.139313	0
153.205261	0.255417	0
153.460678	0.290253	53
153.750931	0.255417	55
154.006348	0.626938	52
154.633286	0.220596	55
154.853882	0.464401	52
155.318283	0.232193	52
155.550476	0.162537	62
155.713013	0.417969	64
156.130981	0.139313	63
156.270294	0.476013	62
156.746307	0.255417	63
157.001724	0.116104	63
157.117828	0.208969	63
157.326797	0.092880	62
157.419678	0.220596	58
157.640274	0.325073	56
157.965347	0.301865	58
158.267212	0.255417	54
158.522629	0.220596	0
158.743225	0.452789	53
159.196014	0.208969	0
159.404984	0.313477	60
159.718460	0.116104	61
159.834564	0.313461	62
160.148026	0.081268	63
160.229294	0.104492	63
160.333786	0.568893	61
160.902679	0.197372	52
161.100052	0.197357	55
161.297409	0.208984	58
161.506393	0.104492	56
161.610886	0.185760	53
161.796646	0.150925	53
161.947571	0.220596	54
162.168167	0.267029	51
162.435196	0.243805	53
162.679001	0.452789	59
163.131790	0.325073	61
163.456863	0.104492	59
163.561356	0.174149	59
163.735504	0.174149	55
163.909653	0.116104	53
164.025757	0.313477	0
164.339233	0.127701	57
164.466934	0.290253	58
164.757187	0.336685	0
165.093872	0.801086	55
165.894958	0.208984	56
166.103943	0.232208	59
166.336151	0.185760	58
166.521912	0.243805	52
166.765717	0.359909	52
167.125626	0.359909	0
167.485535	0.325073	63
167.810608	0.081268	64
167.891876	0.313477	63
168.205353	0.081268	57
168.286621	0.359909	62
168.646530	0.162537	61
168.809067	0.116104	60
168.925171	0.197372	58
169.122543	0.116089	58
169.238632	0.104492	59
169.343124	0.684998	59
170.028122	0.417953	58
170.446075	0.092880	0
170.538956	0.127716	51
170.666672	0.034821	55
170.701492	0.243820	58
170.945312	0.359909	59
171.305222	0.208969	58
171.514191	0.417969	58
171.932159	0.197357	59
172.129517	0.557281	61
172.686798	0.150940	62
172.837738	0.104477	65
172.942215	0.278641	66
173.220856	0.267029	67
173.487885	0.348312	74
173.836197	0.267029	66
174.103226	0.162537	63
174.265762	0.220581	65
174.486343	0.174149	63
174.660492	0.359909	64
175.020401	0.278641	66
175.299042	0.162552	62
175.461594	0.208969	60
175.670563	0.371521	63
176.042084	0.220596	62
176.262680	0.197372	65
176.460052	0.162537	65
176.622589	0.255417	73
176.878006	0.150925	59
177.028931	0.232208	62
177.261139	0.162537	61
177.423676	0.185760	62
177.609436	0.476013	62
178.085449	0.139313	60
178.224762	0.243805	59
178.468567	0.162537	60
178.631104	0.127716	58
178.758820	0.243805	59
179.002625	0.267029	59
179.269653	0.220596	58
179.490250	0.290253	60
179.780502	0.185760	58
179.966263	0.243805	62
180.210068	0.139313	66
180.349380	0.174164	68
180.523544	0.208969	65
180.732513	0.243820	65
180.976334	0.255417	0
181.231750	0.185760	0
181.417511	0.185760	0
181.603271	0.243805	58
181.847076	0.081268	58
181.928345	0.139313	58
182.067657	0.371521	62
182.439178	0.092880	62
182.532059	0.290253	62
182.822311	0.139328	67
182.961639	0.232193	66
183.193832	0.139313	65
183.333145	0.290253	62
183.623398	0.139328	65
183.762726	0.394730	66
184.157455	0.255417	62
184.412872	0.139328	61
184.552200	0.174149	65
184.726349	0.092880	65
184.819229	0.127716	65
184.946945	0.278625	63
185.225571	0.174164	63
185.399734	0.150925	62
185.550659	0.150925	66
185.701584	0.081268	65
185.782852	0.243820	65
186.026672	0.301849	67
186.328522	0.220596	65
186.549118	0.267029	63
186.816147	0.267029	62
187.083176	0.255417	63
187.338593	0.243805	60
187.582397	0.139328	61
187.721725	0.290253	0
188.011978	0.092880	0
188.104858	0.220581	65
188.325439	0.278641	65
188.604080	0.104492	66
188.708572	0.243805	67
188.952377	0.092880	66
189.045258	0.185760	62
189.231018	0.139328	63
189.370346	0.359909	62
189.730255	0.197357	61
189.927612	0.185760	59
190.113373	0.116104	58
190.229477	0.290253	59
190.519730	0.162537	61
190.682266	0.220596	59
190.902863	0.174149	60
191.077011	0.208969	58
191.285980	0.034836	57
191.320816	0.150925	60
191.471741	0.197372	59
191.669113	0.185760	58
191.854874	0.267029	61
192.121902	0.185760	59
192.307663	0.046448	59
192.354111	0.197357	58
192.551468	0.359909	59
192.911377	0.185760	63
193.097137	0.174149	63
193.271286	0.104492	64
193.375778	0.162537	64
193.538315	0.150940	63
193.689255	0.092880	60
193.782135	0.150925	61
193.933060	0.197372	63
194.130432	0.255417	62
194.385849	0.359909	59
194.745758	0.197372	56
194.943130	0.336685	53
195.279816	0.464401	60
195.744217	0.812698	60
196.556915	0.104492	60
196.661407	0.870743	61
197.532150	0.394745	61
197.926895	0.185760	60
198.112656	0.104492	60
198.217148	0.406342	60
198.623489	0.232208	0
198.855698	1.896393	0
