0.058050	0.464399	0
0.522449	0.476009	0
0.998458	0.441179	0
1.439637	0.476009	0
1.915646	0.464399	0
2.380045	0.917188	0
3.297234	0.464399	0
3.761633	0.464399	49
4.226032	0.232200	56
4.458231	0.232199	0
4.690431	0.232200	0
4.922630	0.220590	0
5.143220	0.255420	0
5.398640	0.220589	0
5.619229	0.232200	49
5.851429	0.162540	49
6.013968	0.069660	0
6.083628	0.232200	56
6.315828	0.232199	0
6.548027	0.220590	0
6.768617	0.232200	0
7.000816	0.255419	0
7.256236	0.220590	0
7.476825	0.464399	0
7.941225	0.232199	56
8.173424	0.232200	0
8.405623	0.232200	0
8.637823	0.220590	0
8.858413	0.255420	0
9.113832	0.220590	0
9.334422	0.394739	49
9.729161	0.069659	0
9.798820	0.243810	56
10.042630	0.220590	49
10.263220	0.232200	0
10.495420	0.220590	0
10.716009	0.267030	0
10.983039	0.220590	0
11.203629	0.452788	0
11.656417	0.243810	56
11.900227	0.232200	0
12.132426	0.232200	0
12.364626	0.220590	0
12.585216	0.255420	0
12.840635	0.220590	0
13.061225	0.232199	49
13.293424	0.232200	49
13.525623	0.232200	56
13.757823	0.232200	0
13.990023	0.220590	0
14.210612	0.232200	0
14.442812	0.255420	0
14.698232	0.220590	0
14.918821	0.464398	49
15.383220	0.232200	56
15.615419	0.232200	49
15.847619	0.243810	0
16.091429	0.208979	0
16.300407	0.255421	0
16.555828	0.220589	0
16.776417	0.383129	49
17.159546	0.081270	49
17.240816	0.243811	56
17.484627	0.232199	0
17.716825	0.220589	0
17.937414	0.208981	0
18.146395	0.499229	0
18.645624	0.394739	49
19.040363	0.069660	62
19.110023	0.243809	56
19.353832	0.220589	56
19.574421	0.232201	54
19.806622	0.127710	54
19.934332	0.092878	0
20.027210	0.220591	54
20.247801	0.267029	54
20.514830	0.452789	57
20.967619	0.232199	54
21.199818	0.232201	54
21.432018	0.232199	51
21.664217	0.197371	0
21.861588	0.255419	0
22.117006	0.243811	51
22.360817	0.464399	49
22.825216	0.232199	51
23.057415	0.220589	49
23.278004	0.255421	49
23.533424	0.208979	0
23.742403	0.267031	0
24.009434	0.220589	0
24.230022	0.394739	0
24.624762	0.069660	0
24.694422	0.232199	0
24.926620	0.232201	0
25.158821	0.220589	0
25.379410	0.220591	0
25.600000	0.255419	0
25.855419	0.232201	0
26.087620	0.220589	49
26.308208	0.174150	49
26.482359	0.092878	0
26.575237	0.208981	54
26.784218	0.081270	57
26.865488	0.371519	54
27.237007	0.127710	0
27.364717	0.290249	54
27.654966	0.301859	54
27.956825	0.452789	58
28.409615	0.232199	56
28.641813	0.243811	54
28.885624	0.208979	54
29.094603	0.208981	54
29.303583	0.267029	0
29.570612	0.243811	56
29.814423	0.464397	56
30.278820	0.220591	56
30.499411	0.232199	56
30.731609	0.232201	56
30.963810	0.220589	56
31.184399	0.255421	56
31.439819	0.232199	50
31.672018	0.394739	49
32.066757	0.069660	0
32.136417	0.232201	0
32.368618	0.232197	0
32.600815	0.220592	0
32.821407	0.220589	0
33.041996	0.267029	0
33.309025	0.220589	0
33.529613	0.417961	0
33.947575	0.278637	54
34.226212	0.116100	56
34.342312	0.301861	54
34.644173	0.208981	0
34.853153	0.313469	54
35.166622	0.232197	54
35.398819	0.313473	51
35.712292	0.081268	0
35.793560	0.069660	0
35.863220	0.232201	55
36.095421	0.220589	54
36.316010	0.232201	54
36.548210	0.220589	54
36.768799	0.255421	43
37.024220	0.150928	0
37.175148	0.069660	0
37.244808	0.267029	61
37.511837	0.371517	56
37.883354	0.301861	51
38.185215	0.232201	53
38.417416	0.220589	53
38.638004	0.243809	51
38.881813	0.220589	51
39.102402	0.464401	50
39.566803	0.243809	49
39.810612	0.232201	49
40.042812	0.220589	49
40.263401	0.220589	49
40.483990	0.383129	0
40.867119	0.092880	0
40.959999	0.243809	49
41.203808	0.220592	49
41.424400	0.255417	56
41.679817	0.174152	56
41.853970	0.058048	54
41.912018	0.220589	54
42.132607	0.220592	54
42.353199	0.150928	54
42.504128	0.325077	54
42.829205	0.406349	56
43.235554	0.058052	58
43.293606	0.232201	55
43.525806	0.267029	0
43.792835	0.197369	52
43.990204	0.220589	52
44.210793	0.267029	49
44.477821	0.208981	51
44.686802	0.464401	49
45.151203	0.243809	56
45.395012	0.220589	0
45.615601	0.243809	49
45.859409	0.220592	49
46.080002	0.255417	0
46.335419	0.208981	0
46.544399	0.476009	57
47.020409	0.232201	56
47.252609	0.220589	0
47.473198	0.232201	0
47.705399	0.220589	0
47.925987	0.255417	0
48.181404	0.232201	50
48.413605	0.464401	50
48.878006	0.232197	56
49.110203	0.232201	56
49.342403	0.220589	0
49.562992	0.232201	0
49.795193	0.243809	0
50.039001	0.232201	0
50.271202	0.417957	61
50.689159	0.046440	0
50.735600	0.232201	56
50.967800	0.232201	0
51.200001	0.220589	71
51.420589	0.232201	71
51.652790	0.232197	68
51.884987	0.243813	68
52.128799	0.476009	66
52.604809	0.232197	66
52.837006	0.232201	61
53.069206	0.232201	61
53.301407	0.220589	61
53.521996	0.255421	63
53.777416	0.208977	61
53.986393	0.406349	61
54.392742	0.290253	56
54.682995	0.243809	51
54.926804	0.220589	63
55.147392	0.232201	63
55.379593	0.243809	63
55.623402	0.232201	61
55.855602	0.464397	56
56.320000	0.232201	56
56.552200	0.232201	56
56.784401	0.220589	0
57.004990	0.232197	0
57.237186	0.243813	0
57.480999	0.232197	0
57.713196	0.406349	61
58.119545	0.058052	57
58.177597	0.232201	56
58.409798	0.232197	0
58.641994	0.232201	71
58.874195	0.220589	71
59.094784	0.232201	68
59.326984	0.243809	68
59.570793	0.476009	66
60.046803	0.232201	58
60.279003	0.232197	61
60.511200	0.220592	61
60.731792	0.232197	61
60.963989	0.255421	62
61.219410	0.208981	61
61.428391	0.417957	61
61.846348	0.046440	61
61.892788	0.232201	57
62.124989	0.243809	0
62.368797	0.208981	0
62.577778	0.243809	0
62.821587	0.243809	0
63.065395	0.220592	0
63.285988	0.232197	49
63.518185	0.243813	55
63.761997	0.232197	56
63.994194	0.220589	49
64.214783	0.232201	0
64.446983	0.208977	0
64.655960	0.278641	54
64.934601	0.232201	54
65.166801	0.452789	49
65.619591	0.232201	55
65.851791	0.174149	54
66.025940	0.313469	52
66.339409	0.197372	52
66.536781	0.104492	51
66.641273	0.383125	51
67.024399	0.359909	49
67.384308	0.092880	49
67.477188	0.243813	49
67.721001	0.232193	49
67.953194	0.232201	49
68.185394	0.162544	48
68.347939	0.313469	0
68.661407	0.208977	0
68.870384	0.406349	0
69.276733	0.058052	0
69.334785	0.232201	56
69.566986	0.232201	0
69.799187	0.220589	0
70.019775	0.243805	0
70.263580	0.243813	0
70.507393	0.232201	0
70.739594	0.232201	49
70.971794	0.185760	49
71.157555	0.267029	53
71.424583	0.243805	56
71.668388	0.162544	54
71.830933	0.290245	54
72.121178	0.243813	54
72.364990	0.232201	52
72.597191	0.464394	56
73.061584	0.232201	56
73.293785	0.232201	0
73.525986	0.243813	50
73.769798	0.208977	50
73.978775	0.174149	49
74.152924	0.313469	47
74.466393	0.452789	48
74.919182	0.232201	54
75.151382	0.232201	48
75.383583	0.232201	0
75.615784	0.220589	0
75.836372	0.255417	0
76.091789	0.220589	0
76.312378	0.406349	49
76.718727	0.290253	54
77.008980	0.232201	0
77.241180	0.220589	0
77.461769	0.243813	0
77.705582	0.243805	0
77.949387	0.243813	0
78.193199	0.116096	49
78.309296	0.301857	50
78.611153	0.267036	53
78.878189	0.116096	56
78.994286	0.359909	54
79.354195	0.208977	54
79.563171	0.243813	54
79.806984	0.232201	54
80.039185	0.406349	57
80.445534	0.058052	0
80.503586	0.243805	54
80.747391	0.452789	54
81.200180	0.220589	54
81.420769	0.139320	55
81.560089	0.255424	0
81.815514	0.092873	0
81.908386	0.441185	47
82.349571	0.255417	51
82.604988	0.452789	54
83.057777	0.232201	52
83.289978	0.255417	51
83.545395	0.081268	52
83.626663	0.603722	50
84.230385	0.139320	49
84.369705	0.325081	49
84.694786	0.220589	49
84.915375	0.232201	49
85.147575	0.139320	0
85.286896	0.336685	0
85.623581	0.301865	49
85.925446	0.150925	49
86.076370	0.255424	53
86.331795	0.220589	55
86.552383	0.220589	54
86.772972	0.232201	54
87.005173	0.255417	54
87.260590	0.197372	54
87.457962	0.499229	58
87.957191	0.220589	0
88.177780	0.232201	0
88.409981	0.232193	64
88.642174	0.220596	49
88.862770	0.220589	48
89.083359	0.267029	51
89.350388	0.452789	49
89.803177	0.232201	49
90.035378	0.232193	49
90.267570	0.452789	49
90.720360	0.267029	0
90.987389	0.220596	49
91.207985	0.464394	49
91.672379	0.243813	0
91.916191	0.220589	0
92.136780	0.452789	0
92.589569	0.267029	0
92.856598	0.197372	0
93.053970	0.476006	49
93.529976	0.185760	56
93.715736	0.243813	49
93.959549	0.487617	57
94.447166	0.220589	64
94.667755	0.197372	47
94.865128	0.522446	67
95.387573	0.232201	69
95.619774	0.232201	68
95.851974	0.464394	68
96.316368	0.232201	67
96.548569	0.232201	51
96.780769	0.278641	49
97.059410	0.185760	49
97.245171	0.220589	56
97.465759	0.255417	67
97.721176	0.220596	66
97.941772	0.220589	66
98.162361	0.267029	66
98.429390	0.150925	66
98.580315	0.069664	66
98.649979	0.232201	64
98.882179	0.220589	57
99.102768	0.220589	61
99.323357	0.267029	71
99.590385	0.243813	69
99.834198	0.197365	68
100.031563	0.232201	69
100.263763	0.243813	66
100.507576	0.476006	64
100.983582	0.220589	56
101.204170	0.220589	61
101.424759	0.452789	63
101.877548	0.267029	64
102.144577	0.174156	62
102.318733	0.510834	68
102.829567	0.150932	69
102.980499	0.081268	0
103.061768	0.232201	68
103.293968	0.174149	68
103.468117	0.290253	68
103.758369	0.185760	0
103.944130	0.208977	47
104.153107	0.081268	48
104.234375	0.232201	52
104.466576	0.220589	68
104.687164	0.232201	68
104.919365	0.232201	0
105.151566	0.348297	47
105.499863	0.116104	47
105.615967	0.208977	61
105.824944	0.255417	55
106.080360	0.313469	45
106.393829	0.383133	54
106.776962	0.232201	59
107.009163	0.243805	59
107.252968	0.208984	0
107.461952	0.255417	47
107.717369	0.232201	48
107.949570	0.255417	49
108.204987	0.197372	49
108.402359	0.243813	59
108.646172	0.197365	60
108.843536	0.255417	61
109.098953	0.243813	64
109.342766	0.197372	64
109.540138	0.267029	47
109.807167	0.162537	67
109.969704	0.313469	69
110.283173	0.069664	56
110.352837	0.394737	67
110.747574	0.441177	68
111.188751	0.255424	68
111.444176	0.220589	0
111.664764	0.452789	49
112.117554	0.243805	66
112.361359	0.232201	53
112.593559	0.232201	66
112.825760	0.127708	0
112.953468	0.116104	66
113.069572	0.185753	66
113.255325	0.267036	66
113.522362	0.208977	0
113.731339	0.174149	0
113.905487	0.301857	56
114.207344	0.197372	0
114.404716	0.359909	47
114.764626	0.162537	0
114.927162	0.220596	47
115.147758	0.243805	66
115.391563	0.476013	64
115.867577	0.220589	56
116.088165	0.208977	0
116.297142	0.150932	47
116.448074	0.058044	47
116.506119	0.255424	62
116.761543	0.452789	59
117.214333	0.499229	45
117.713562	0.162537	58
117.876099	0.081268	66
117.957367	0.220589	54
118.177956	0.452789	66
118.630745	0.232201	66
118.862946	0.243813	51
119.106758	0.464401	67
119.571159	0.092880	65
119.664040	0.371513	55
120.035553	0.278641	62
120.314194	0.185760	66
120.499954	0.162537	66
120.662491	0.081276	66
120.743767	0.232201	66
120.975967	0.220589	66
121.196556	0.232193	0
121.428749	0.243813	64
121.672562	0.220589	57
121.893150	0.243813	64
122.136963	0.220589	64
122.357552	0.255417	63
122.612968	0.220589	55
122.833557	0.243813	50
123.077370	0.208977	49
123.286346	0.243813	0
123.530159	0.220589	49
123.750748	0.452789	47
124.203537	0.255417	48
124.458954	0.220596	47
124.679550	0.243805	45
124.923355	0.232201	45
125.155556	0.220589	0
125.376144	0.243813	45
125.619957	0.243805	47
125.863762	0.208984	47
126.072746	0.243805	47
126.316551	0.208984	47
126.525536	0.487617	59
127.013153	0.104492	69
127.117645	0.127708	0
127.245354	0.220589	51
127.465942	0.290245	65
127.756187	0.185760	66
127.941948	0.220589	66
128.162537	0.243820	66
128.406357	0.220581	66
128.626938	0.243805	0
128.870743	0.185760	64
129.056503	0.058060	65
129.114563	0.220581	64
129.335144	0.452789	64
129.787933	0.255417	64
130.043350	0.220596	56
130.263947	0.301865	57
130.565811	0.162537	0
130.728348	0.232193	0
130.960541	0.232208	49
131.192749	0.255417	47
131.448166	0.208984	47
131.657150	0.243805	47
131.900955	0.208984	47
132.109940	0.255417	45
132.365356	0.232193	45
132.597549	0.220596	52
132.818146	0.243805	45
133.061951	0.452789	47
133.514740	0.243805	48
133.758545	0.185760	47
133.944305	0.499237	66
134.443542	0.220581	0
134.664124	0.243820	54
134.907944	0.475998	65
135.383942	0.243820	66
135.627762	0.104477	66
135.732239	0.116104	68
135.848343	0.232208	66
136.080551	0.243805	0
136.324356	0.232193	64
136.556549	0.232208	58
136.788757	0.441177	64
137.229935	0.487610	64
137.717545	0.452789	50
138.170334	0.243820	0
138.414154	0.232193	0
138.646347	0.232208	0
138.878555	0.208969	0
139.087524	0.278641	0
139.366165	0.208984	0
139.575150	0.394730	0
139.969879	0.069672	0
140.039551	0.232193	0
140.271744	0.232208	0
140.503952	0.220581	0
140.724533	0.232208	0
140.956741	0.220581	0
141.177322	0.255417	68
141.432739	0.464401	66
141.897141	0.232208	66
142.129349	0.232193	61
142.361542	0.232193	61
142.593735	0.220596	61
142.814331	0.267029	61
143.081360	0.220596	61
143.301956	0.383118	61
143.685074	0.081268	0
143.766342	0.232208	0
143.998550	0.232193	63
144.230743	0.220596	63
144.451340	0.220581	63
144.671921	0.255432	63
144.927353	0.232193	49
145.159546	0.452789	49
145.612335	0.243805	49
145.856140	0.232208	49
146.088348	0.232193	0
146.320541	0.208984	0
146.529526	0.267029	0
146.796555	0.220581	0
147.017136	0.255432	49
147.272568	0.127701	49
147.400269	0.081268	0
147.481537	0.232208	0
147.713745	0.232193	0
147.945938	0.220596	0
148.166534	0.232193	0
148.398727	0.232208	68
148.630936	0.232193	68
148.863129	0.476013	66
149.339142	0.232193	65
149.571335	0.232208	61
149.803543	0.232193	61
150.035736	0.220596	61
150.256332	0.255417	61
150.511749	0.232193	61
150.743942	0.243820	61
150.987762	0.139313	0
151.127075	0.069656	0
151.196732	0.232208	0
151.428940	0.232193	0
151.661133	0.232193	0
151.893326	0.220596	0
152.113922	0.243805	0
152.357727	0.174149	0
152.531876	0.069672	0
152.601547	0.464401	0
153.065948	0.243805	67
153.309753	0.220581	68
153.530334	0.104492	66
153.634827	0.127716	66
153.762543	0.220581	66
153.983124	0.232208	66
154.215332	0.243805	66
154.459137	0.325073	69
154.784210	0.104492	71
154.888702	0.267029	69
155.155731	0.150940	49
155.306671	0.220581	0
155.527252	0.301865	66
155.829117	0.267029	61
156.096146	0.232193	63
156.328339	0.452789	61
156.781128	0.232208	61
157.013336	0.232193	49
157.245529	0.232208	47
157.477737	0.220581	0
157.698318	0.255417	0
157.953735	0.232208	50
158.185944	0.371521	49
158.557465	0.092880	49
158.650345	0.232193	50
158.882538	0.220596	49
159.103134	0.232193	47
159.335327	0.220596	47
159.555923	0.267029	0
159.822952	0.220581	0
160.043533	0.464401	67
160.507935	0.232208	68
160.740143	0.232193	68
160.972336	0.232193	67
161.204529	0.220596	66
161.425125	0.232193	66
161.657318	0.127716	66
161.785034	0.150925	65
161.935959	0.290253	68
162.226212	0.139328	69
162.365540	0.232193	69
162.597733	0.232193	66
162.829926	0.232208	66
163.062134	0.232193	68
163.294327	0.220596	0
163.514923	0.255417	0
163.770340	0.452789	50
164.223129	0.243805	54
164.466934	0.220596	49
164.687531	0.232193	47
164.919724	0.220596	47
165.140320	0.255417	0
165.395737	0.232193	61
165.627930	0.232208	61
165.860138	0.139313	0
165.999451	0.092880	0
166.092331	0.232208	0
166.324539	0.232193	63
166.556732	0.220596	63
166.777328	0.220581	63
166.997910	0.255417	63
167.253326	0.220596	61
167.473923	0.394745	60
167.868668	0.058044	0
167.926712	0.243805	56
168.170517	0.243820	66
168.414337	0.255417	66
168.669754	0.197372	64
168.867126	0.243805	64
169.110931	0.232193	64
169.343124	0.348297	64
169.691422	0.127716	0
169.819138	0.197372	65
170.016510	0.255417	66
170.271927	0.232193	63
170.504120	0.220596	66
170.724716	0.232193	66
170.956909	0.243820	68
171.200729	0.452789	68
171.653519	0.255417	68
171.908936	0.232193	66
172.141129	0.197372	66
172.338501	0.243805	64
172.582306	0.255432	64
172.837738	0.232193	64
173.069931	0.452789	64
173.522720	0.243805	65
173.766525	0.116104	66
173.882629	0.139328	64
174.021957	0.220581	63
174.242538	0.208984	63
174.451523	0.220581	63
174.672104	0.255417	68
174.927521	0.452789	68
175.380310	0.243820	68
175.624130	0.092880	66
175.717010	0.383133	66
176.100143	0.162537	0
176.262680	0.278641	65
176.541321	0.243805	65
176.785126	0.452789	64
177.237915	0.232193	62
177.470108	0.255432	67
177.725540	0.232193	71
177.957733	0.208984	0
178.166718	0.232193	65
178.398911	0.243805	68
178.642715	0.232208	68
178.874924	0.197372	68
179.072296	0.232193	68
179.304489	0.267029	67
179.571518	0.232208	65
179.803726	0.220581	64
180.024307	0.185760	64
180.210068	0.290253	63
180.500320	0.301849	64
180.802170	0.394745	66
181.196915	0.290253	64
181.487167	0.162537	71
181.649704	0.092880	72
181.742584	0.069656	71
181.812241	0.127716	71
181.939957	0.255417	69
182.195374	0.162537	69
182.357910	0.383133	80
182.741043	0.092880	80
182.833923	0.185760	80
183.019684	0.255417	80
183.275101	0.487625	72
183.762726	0.208969	65
183.971695	0.185760	64
184.157455	0.534058	68
184.691513	0.232208	66
184.923721	0.243805	68
185.167526	0.464401	68
185.631927	0.220596	68
185.852524	0.232193	68
186.084717	0.383133	64
186.467850	0.081268	64
186.549118	0.232193	64
186.781311	0.243820	68
187.025131	0.232193	66
187.257324	0.220596	66
187.477921	0.255417	66
187.733337	0.150925	66
187.884262	0.301865	65
188.186127	0.232193	64
188.418320	0.220596	66
188.638916	0.255417	71
188.894333	0.243805	69
189.138138	0.197372	68
189.335510	0.232193	66
189.567703	0.243820	66
189.811523	0.696594	65
190.508118	0.232193	68
190.740311	0.464401	64
191.204712	0.232208	64
191.436920	0.220581	62
191.657501	0.476013	68
192.133514	0.162537	67
192.296051	0.069656	68
192.365707	0.232208	68
192.597916	0.476013	68
193.073929	0.174149	62
193.248077	0.197357	0
193.445435	0.325089	66
193.770523	0.220581	68
193.991104	0.232208	67
194.223312	0.232193	64
194.455505	0.348297	65
194.803802	0.116104	61
194.919907	0.208984	61
195.128891	0.267029	61
195.395920	0.220581	0
195.616501	0.092880	0
195.709381	0.394745	64
196.104126	0.220596	60
196.324722	0.452789	59
196.777512	0.243805	0
197.021317	0.232193	0
197.253510	0.464401	65
197.717911	0.243820	68
197.961731	0.185745	0
198.147476	0.278641	61
198.426117	0.232208	64
198.658325	0.185760	64
198.844086	0.267029	64
199.111115	0.487610	68
199.598724	0.046448	64
199.645172	0.406342	68
200.051514	0.452789	68
200.504303	0.243820	68
200.748123	0.220581	0
200.968704	0.278641	49
201.247345	0.185760	55
201.433105	0.232208	66
201.665314	0.232193	54
201.897507	0.232193	57
202.129700	0.127716	48
202.257416	0.116104	66
202.373520	0.185760	66
202.559280	0.267029	66
202.826309	0.220581	67
203.046890	0.162537	55
203.209427	0.301865	59
203.511292	0.197372	60
203.708664	0.359909	69
204.068573	0.162537	71
204.231110	0.220596	71
204.451706	0.232193	66
204.683899	0.487625	64
205.171524	0.220581	68
205.392105	0.220596	68
205.612701	0.139313	67
205.752014	0.336700	66
206.088715	0.464386	64
206.553101	0.476013	67
207.029114	0.150925	68
207.180038	0.081284	66
207.261322	0.220581	66
207.481903	0.464401	66
207.946304	0.232193	0
208.178497	0.150940	0
208.329437	0.081268	62
208.410706	0.464401	67
208.875107	0.464401	68
209.339508	0.475998	65
209.815506	0.220596	66
210.036102	0.243805	66
210.279907	0.220596	66
210.500504	0.243805	0
210.744308	0.232193	64
210.976501	0.220596	62
211.197098	0.243805	64
211.440903	0.104492	64
211.545395	0.127716	64
211.673111	0.243805	64
211.916916	0.232193	69
212.149109	0.452789	68
212.601898	0.220596	68
212.822495	0.243805	52
213.066299	0.255417	47
213.321716	0.116104	47
213.437820	0.081268	47
213.519089	0.243820	47
213.762909	0.232193	57
213.995102	0.220596	57
214.215698	0.255417	0
214.471115	0.220581	59
214.691696	0.232208	59
214.923904	0.267029	59
215.190933	0.417953	59
215.608887	0.243805	69
215.852692	0.464401	68
216.317093	0.243820	68
216.560913	0.232193	66
216.793106	0.452789	65
217.245895	0.243805	70
217.489700	0.232208	69
217.721909	0.220581	69
217.942490	0.232208	71
218.174698	0.243805	68
218.418503	0.220596	61
218.639099	0.371506	59
219.010605	0.348312	62
219.358917	0.220581	69
219.579498	0.464401	68
220.043900	0.220596	68
220.264496	0.243805	66
220.508301	0.243805	47
220.752106	0.127716	47
220.879822	0.081268	47
220.961090	0.232193	0
221.193283	0.243820	47
221.437103	0.197357	0
221.634460	0.267029	0
221.901489	0.232208	59
222.133698	0.232193	57
222.365891	0.348297	59
222.714188	0.116104	58
222.830292	0.232208	61
223.062500	0.243805	69
223.306305	0.452789	67
223.759094	0.197372	68
223.956467	0.267029	66
224.223495	0.464401	65
224.687897	0.464386	67
225.152283	0.232208	66
225.384491	0.243805	66
225.628296	0.243820	63
225.872116	0.208969	59
226.081085	0.464401	64
226.545486	0.476013	64
227.021500	0.371521	50
227.393021	0.092880	50
227.485901	0.232193	56
227.718094	0.220596	49
227.938690	0.255417	47
228.194107	0.127701	47
228.321808	0.081284	47
228.403091	0.208969	47
228.612061	0.267029	53
228.879089	0.208984	57
229.088074	0.243805	0
229.331879	0.243820	47
229.575699	0.243805	46
229.819504	0.371521	47
230.191025	0.069656	47
230.260681	0.232193	47
230.492874	0.243820	49
230.736694	0.371521	49
231.108215	0.092880	0
231.201096	0.232193	56
231.433289	0.232193	49
231.665482	0.243820	47
231.909302	0.127701	47
232.037003	0.081268	48
232.118271	0.476013	57
232.594284	0.232208	52
232.826492	0.243805	45
233.070297	0.232193	44
233.302490	0.220596	45
233.523087	0.383133	48
233.906219	0.081268	47
233.987488	0.243805	47
234.231293	0.232193	49
234.463486	0.371521	49
234.835007	0.092880	49
234.927887	0.220596	54
235.148483	0.162537	49
235.311020	0.069656	0
235.380676	0.255417	47
235.636093	0.139328	47
235.775421	0.069656	47
235.845078	0.220596	0
236.065674	0.243805	47
236.309479	0.232193	45
236.541672	0.232208	45
236.773880	0.243805	47
237.017685	0.232208	47
237.249893	0.336685	47
237.586578	0.336685	48
237.923264	0.255417	57
238.178680	0.383133	56
238.561813	0.092880	56
238.654694	0.220596	56
238.875290	0.232193	50
239.107483	0.267029	47
239.374512	0.185760	47
239.560272	0.243805	56
239.804077	0.139328	61
239.943405	0.092880	53
240.036285	0.359909	45
240.396194	0.092880	45
240.489075	0.243805	54
240.732880	0.139313	45
240.872192	0.092880	45
240.965073	0.243820	47
241.208893	0.116089	47
241.324982	0.092880	47
241.417862	0.243820	47
241.661682	3.262405	0
