19.237732	0.545670	0
19.783401	0.278639	0
20.062040	0.034830	0
20.096870	0.348299	54
20.445169	0.162540	54
20.607710	0.127710	54
20.735420	0.429569	58
21.164989	0.464397	54
21.629387	0.325081	52
21.954468	0.092878	56
22.047346	0.267031	64
22.314377	0.220589	51
22.534966	3.517824	50
26.052790	0.441179	65
26.493969	0.162539	62
26.656507	0.116100	54
26.772608	0.267029	55
27.039637	0.371519	54
27.411156	0.139320	54
27.550476	0.290249	54
27.840725	0.290251	54
28.130976	0.499228	57
28.630203	0.859138	55
29.489342	0.267031	53
29.756372	0.870749	56
30.627121	3.111473	57
33.738594	0.394741	68
34.133335	0.278637	57
34.411972	0.116100	56
34.528072	0.290249	54
34.818321	0.220589	54
35.038910	0.580502	54
35.619411	0.267029	58
35.886440	0.313469	62
36.199909	0.348301	54
36.548210	0.162537	54
36.710747	0.684990	54
37.395737	0.301861	56
37.697598	0.359909	51
38.057507	0.650158	53
38.707664	0.139320	52
38.846985	0.197369	51
39.044353	0.255421	51
39.299774	0.452789	51
39.752563	1.288708	49
41.041271	0.348297	65
41.389568	0.220589	47
41.610157	0.278641	55
41.888798	0.139320	56
42.028118	0.568890	54
42.597008	0.081268	54
42.678276	0.371521	54
43.049797	0.429569	57
43.479366	0.220589	54
43.699955	0.278641	80
43.978596	0.441177	83
44.419773	0.255421	0
44.675194	0.255417	0
44.930611	18.517914	73
63.448524	0.243813	63
63.692337	0.255417	56
63.947754	0.232201	56
64.179955	0.220589	58
64.400543	0.232201	57
64.632744	0.208977	56
64.841721	0.301865	54
65.143585	0.394737	57
65.538322	0.301857	58
65.840179	0.359909	54
66.200089	0.522453	52
66.722542	0.650154	50
67.372696	0.522453	49
67.895149	0.626938	50
68.522087	2.635468	70
71.157555	0.174149	0
71.331703	0.267029	53
71.598732	0.220589	55
71.819321	0.185760	54
72.005081	0.301857	54
72.306938	0.232201	54
72.539139	0.255417	52
72.794556	0.928802	56
73.723358	0.185760	50
73.909119	0.197365	51
74.106483	0.197372	49
74.303856	0.777870	47
75.081726	0.290245	47
75.371971	2.635468	52
78.007439	0.476006	73
78.483444	0.301865	51
78.785309	0.267029	53
79.052338	0.092880	55
79.145218	0.429565	54
79.574783	0.267029	54
79.841812	0.139320	54
79.981133	0.301857	54
80.282990	0.406349	56
80.689339	0.278641	54
80.967979	0.743042	54
81.711021	0.336685	54
82.047707	0.487625	53
82.535332	0.278633	51
82.813965	0.429573	53
83.243538	0.278641	51
83.522179	0.197365	51
83.719543	0.290253	52
84.009796	0.406349	50
84.416145	0.116096	49
84.532242	0.870750	49
85.402992	0.278641	69
85.681633	0.417961	65
86.099594	0.150925	48
86.250519	0.267029	52
86.517548	0.220596	55
86.738144	0.220589	55
86.958733	0.220589	54
87.179321	0.278641	54
87.457962	0.185760	54
87.643723	0.719818	58
88.363541	0.243805	58
88.607346	0.313469	53
88.920815	0.127708	49
89.048523	0.220596	48
89.269119	0.278633	0
89.547752	0.917191	0
90.464943	0.220589	0
90.685532	3.204353	68
93.889885	0.255424	59
94.145309	0.220589	61
94.365898	0.290245	64
94.656143	0.197372	64
94.853516	0.197372	64
95.050888	0.522446	68
95.573334	0.232201	69
95.805534	0.557274	68
96.362808	0.638550	68
97.001358	0.383133	68
97.384491	0.267029	67
97.651520	0.278641	67
97.930161	0.197365	66
98.127525	0.243813	66
98.371338	0.243813	66
98.615150	0.150925	66
98.766075	0.290253	66
99.056328	0.232201	71
99.288528	0.150925	71
99.439453	0.069664	71
99.509117	0.336685	70
99.845802	0.185760	69
100.031563	0.406349	67
100.437912	0.278641	66
100.716553	0.174149	64
100.890701	0.116104	64
101.006805	0.406349	64
101.413155	0.197365	73
101.610519	0.417961	73
102.028481	0.476006	61
102.504486	0.185760	66
102.690247	0.476013	69
103.166260	0.452789	68
103.619049	0.359909	68
103.978958	0.150925	68
104.129883	0.197372	0
104.327255	0.313469	66
104.640724	0.220589	68
104.861313	0.243813	68
105.105125	0.232201	67
105.337326	0.336685	66
105.674011	0.336693	62
106.010704	0.267029	61
106.277733	0.301857	61
106.579590	0.719818	62
107.299408	1.288712	59
108.588120	0.255417	59
108.843536	0.185760	59
109.029297	0.185760	61
109.215057	0.313469	64
109.528526	0.197372	64
109.725899	0.267029	64
109.992928	0.150925	67
110.143852	0.359909	69
110.503761	0.441185	68
110.944946	1.335144	68
112.280090	0.267029	66
112.547119	0.232201	70
112.779320	0.232201	66
113.011520	0.116096	66
113.127617	0.150932	66
113.278549	0.162537	66
113.441086	0.255424	66
113.696510	0.208977	71
113.905487	0.185760	71
114.091248	0.278641	71
114.369888	0.220589	72
114.590477	0.359909	69
114.950386	0.371521	67
115.321907	0.267029	66
115.588936	0.359909	64
115.948845	0.162537	64
116.111382	0.185760	64
116.297142	0.185760	64
116.482903	0.127708	62
116.610611	0.081268	0
116.691879	0.290253	64
116.982132	0.394737	63
117.376869	0.069664	62
117.446533	0.603714	68
118.050247	0.301865	66
118.352112	0.882355	66
119.234467	0.522453	67
119.756920	0.069656	68
119.826576	0.394737	67
120.221313	0.290253	64
120.511566	0.220589	66
120.732155	0.116096	66
120.848251	0.058052	66
120.906303	0.464401	66
121.370705	0.243805	66
121.614510	0.452789	64
122.067299	0.348305	64
122.415604	4.260857	64
126.676460	0.510841	66
127.187302	0.081268	68
127.268570	0.383133	67
127.651703	0.290245	65
127.941948	0.406349	66
128.348297	0.452789	66
128.801086	0.243805	66
129.044891	0.185760	64
129.230652	0.278641	64
129.509293	0.487625	64
129.996918	4.098328	64
134.095245	0.232193	66
134.327438	0.046432	67
134.373871	0.255432	68
134.629303	0.081268	68
134.710571	0.127701	68
134.838272	0.243820	67
135.082092	0.174149	64
135.256241	0.650146	66
135.906387	0.359909	67
136.266296	0.232208	66
136.498505	0.464401	64
136.962906	0.197372	64
137.160278	0.278641	64
137.438919	15.835999	64
153.274918	0.522446	68
153.797363	0.208984	66
154.006348	0.220596	66
154.226944	0.185760	66
154.412704	0.243805	66
154.656509	0.313461	70
154.969971	0.104492	71
155.074463	0.301865	70
155.376328	0.116104	69
155.492432	0.220581	69
155.713013	0.290253	66
156.003265	0.104492	65
156.107758	0.197372	61
156.305130	0.336685	63
156.641815	0.162537	61
156.804352	3.123093	62
159.927444	0.336685	70
160.264130	0.232193	66
160.496323	0.243820	68
160.740143	0.150925	68
160.891068	0.092880	68
160.983948	0.220581	68
161.204529	0.278641	66
161.483170	0.185760	66
161.668930	0.208984	66
161.877914	0.081268	66
161.959183	0.197372	66
162.156555	0.208984	69
162.365540	0.046432	69
162.411972	0.371521	69
162.783493	0.104492	68
162.887985	0.150925	66
163.038910	0.301865	67
163.340775	0.394730	69
163.735504	0.731430	68
164.466934	0.139328	68
164.606262	3.285614	69
167.891876	0.208984	74
168.100861	0.278641	75
168.379501	0.116104	71
168.495605	0.139313	74
168.634918	0.928802	64
169.563721	0.174149	64
169.737869	0.139313	63
169.877182	0.162552	63
170.039734	0.127701	64
170.167435	0.336685	65
170.504120	0.394745	66
170.898865	0.255417	66
171.154282	0.383133	67
171.537415	0.383133	66
171.920547	0.208969	65
172.129517	0.220596	64
172.350113	0.162537	64
172.512650	0.301865	64
172.814514	0.220581	64
173.035095	0.278641	64
173.313736	0.336700	64
173.650436	0.092880	63
173.743317	0.127701	65
173.871017	0.162537	66
174.033554	0.812698	66
174.846252	0.162552	66
175.008804	0.127701	66
175.136505	0.429565	67
175.566071	0.243820	67
175.809891	0.058044	61
175.867935	0.441177	64
176.309113	0.139328	64
176.448441	0.278641	64
176.727081	0.278625	64
177.005707	0.452789	64
177.458496	0.208984	65
177.667480	0.348297	66
178.015778	0.139328	66
178.155106	0.174149	67
178.329254	0.092880	66
178.422134	0.522446	64
178.944580	0.081268	64
179.025848	0.220596	63
179.246445	0.243805	0
179.490250	0.267029	63
179.757278	0.232193	64
179.989471	0.220596	64
180.210068	0.162537	64
180.372604	0.336685	63
180.709290	0.267044	64
180.976334	0.162537	66
181.138870	0.232193	66
181.371063	0.301865	65
181.672928	0.162537	71
181.835464	0.092880	71
181.928345	0.069656	71
181.998001	0.127716	71
182.125717	0.255417	69
182.381134	0.232193	69
182.613327	0.406357	0
183.019684	0.174149	0
183.193832	0.255417	0
183.449249	0.510849	64
183.960098	0.197357	65
184.157455	0.197372	65
184.354828	0.731430	68
185.086258	0.383133	68
185.469391	0.208969	68
185.678360	0.557281	68
186.235641	0.464401	64
186.700043	0.255417	64
186.955460	0.278641	67
187.234100	0.197372	66
187.431473	0.243805	66
187.675278	0.255432	66
187.930710	0.139313	66
188.070023	0.290253	67
188.360275	0.232193	68
188.592468	0.220596	68
188.813065	0.336685	71
189.149750	0.174149	69
189.323898	0.174149	68
189.498047	0.243805	67
189.741852	0.243820	66
189.985672	0.928802	68
190.914474	0.185745	66
191.100220	0.743042	65
191.843262	0.638550	70
192.481812	0.301865	69
192.783676	0.127701	68
192.911377	0.371521	68
193.282898	0.150940	68
193.433838	0.197357	0
193.631195	0.313477	66
193.944672	0.220596	68
194.165268	0.243805	67
194.409073	0.232193	64
194.641266	0.348297	66
194.989563	0.325089	61
195.314651	0.278641	63
195.593292	0.290253	61
195.883545	1.068115	60
196.951660	0.441177	59
197.392838	0.162537	64
197.555374	0.777863	68
198.333237	0.278641	61
198.611877	0.406357	64
199.018234	0.278641	64
199.296875	0.522446	67
199.819321	0.429565	68
200.248886	0.870758	68
201.119644	0.464386	64
201.584030	0.267029	66
201.851059	0.220596	65
202.071655	0.243805	66
202.315460	0.116104	66
202.431564	0.150925	66
202.582489	0.162552	66
202.745041	0.278625	66
203.023666	0.185760	68
203.209427	0.197372	68
203.406799	0.278641	68
203.685440	0.208984	68
203.894424	0.348297	69
204.242722	0.383133	67
204.625854	0.243805	66
204.869659	0.394745	64
205.264404	0.348297	68
205.612701	0.185760	68
205.798462	0.963623	64
206.762085	0.603714	68
207.365799	0.290253	66
207.656052	0.882355	66
208.538406	0.522461	67
209.060867	0.069656	68
209.130524	0.394730	69
209.525253	0.301865	64
209.827118	0.208984	66
210.036102	0.116104	66
210.152206	0.058044	66
210.210251	0.464401	66
210.674652	0.243805	66
210.918457	0.452789	64
211.371246	0.336685	64
211.707932	0.394745	65
212.102676	0.905579	68
213.008255	0.917191	67
213.925446	0.476013	53
214.401459	0.243805	52
214.645264	0.220581	59
214.865845	0.510849	59
215.376694	0.417953	59
215.794647	0.232208	69
216.026855	0.475998	68
216.502853	0.081268	68
216.584122	0.394745	67
216.978867	0.452789	65
217.431656	0.232193	68
217.663849	0.452789	69
218.116638	0.243820	69
218.360458	0.464401	64
218.824860	0.348297	59
219.173157	0.371521	64
219.544678	0.882355	68
220.427032	0.940399	67
221.367432	0.441193	57
221.808624	0.278625	56
222.087250	0.232208	59
222.319458	0.557281	59
222.876740	0.371521	60
223.248260	0.255417	69
223.503677	0.441177	68
223.944855	0.069656	68
224.014511	0.127716	68
224.142227	0.255417	66
224.397644	0.464401	65
224.862045	0.696594	66
225.558640	0.255417	73
225.814056	0.441177	60
226.255234	0.208984	64
226.464218	0.278641	64
226.742859	2.054962	64
228.797821	0.464401	58
229.262222	0.255417	0
229.517639	0.232208	59
229.749847	2.554184	60
232.304031	0.150940	55
232.454971	0.545670	57
233.000641	0.255417	61
233.256058	0.476013	55
233.732071	2.519363	55
236.251434	0.475998	64
236.727432	0.232208	0
236.959641	0.232193	59
237.191833	0.557281	59
237.749115	0.359909	56
238.109024	0.986847	56
239.095871	0.870743	54
239.966614	4.147675	54
