4.237642	0.232200	0
4.469841	0.232199	56
4.702041	0.290249	59
4.992290	0.243810	59
5.236100	0.081270	58
5.317369	0.417959	58
5.735329	0.255420	57
5.990748	0.255419	59
6.246168	0.232200	0
6.478367	0.255420	57
6.733787	0.127709	58
6.861496	0.150930	59
7.012426	0.220590	58
7.233016	0.255419	58
7.488435	0.255420	58
7.743855	0.197370	56
7.941225	0.301859	59
8.243084	0.208980	0
8.452064	0.278640	58
8.730703	0.208980	59
8.939683	0.290249	59
9.229932	0.255420	59
9.485352	0.197370	58
9.682721	0.255420	0
9.938141	0.046439	57
9.984580	0.255420	56
10.240000	0.255420	0
10.495420	0.243810	57
10.739229	0.255420	56
10.994649	0.232199	54
11.226848	0.255420	54
11.482267	0.139320	55
11.621588	0.127709	58
11.749297	0.232200	61
11.981497	0.255420	61
12.236917	0.127709	0
12.364626	0.127709	0
12.492335	0.104490	0
12.596826	0.406349	58
13.003175	0.081269	58
13.084444	0.336690	0
13.421134	0.313469	59
13.734603	0.255420	57
13.990023	0.162539	58
14.152562	0.208980	0
14.361542	0.139320	0
14.500862	0.150929	57
14.651792	0.092879	58
14.744671	0.185760	58
14.930430	0.255420	58
15.185850	0.301860	58
15.487710	0.243810	58
15.731520	0.197370	56
15.928889	0.220590	59
16.149479	0.348299	60
16.497778	0.232199	59
16.729977	0.208981	59
16.938957	0.290249	59
17.229206	0.220591	59
17.449797	0.220589	59
17.670385	0.313469	68
17.983854	0.139320	66
18.123175	0.371519	0
18.494694	0.232199	57
18.726892	0.267031	56
18.993923	0.243809	54
19.237732	0.255421	54
19.493153	0.139318	55
19.632471	0.104490	59
19.736961	0.243809	62
19.980770	0.139320	59
20.120090	0.116100	58
20.236191	0.127710	0
20.363901	0.092878	0
20.456779	0.208981	0
20.665760	0.313469	61
20.979229	0.267029	62
21.246258	0.243811	61
21.490068	0.243809	57
21.733877	0.255421	55
21.989298	0.139318	55
22.128616	0.104490	0
22.233107	0.243809	61
22.476915	0.139320	61
22.616236	0.116100	0
22.732336	0.255419	61
22.987755	0.243811	61
23.231565	0.255419	61
23.486984	0.255419	57
23.742403	0.243811	55
23.986214	0.243809	54
24.230022	0.255421	63
24.485443	0.162539	66
24.647982	0.092880	0
24.740862	0.243809	0
24.984671	0.162540	0
25.147211	0.092880	62
25.240091	0.232199	61
25.472290	0.162540	59
25.634830	0.104488	57
25.739319	0.243811	55
25.983130	0.255419	54
26.238548	0.243811	66
26.482359	0.162539	66
26.644897	0.104490	0
26.749388	0.174150	62
26.923538	0.313469	62
27.237007	0.638548	66
27.875555	0.185760	68
28.061316	0.174149	70
28.235464	0.267031	66
28.502495	0.185759	55
28.688253	0.301861	66
28.990114	0.150928	66
29.141043	0.092880	59
29.233923	0.162540	58
29.396463	0.081268	0
29.477732	0.150930	67
29.628662	0.104490	66
29.733152	0.255419	62
29.988571	0.243811	62
30.232382	0.255419	61
30.487801	0.243809	56
30.731609	0.255421	56
30.987030	0.243809	58
31.230839	0.127710	58
31.358549	0.127708	0
31.486258	0.127710	0
31.613968	0.116100	69
31.730068	0.232199	70
31.962267	0.278639	66
32.240906	0.139320	66
32.380226	0.104492	0
32.484718	0.243809	76
32.728527	0.255417	76
32.983944	0.220592	67
33.204536	0.232197	69
33.436733	0.046440	69
33.483173	0.150932	71
33.634106	0.092880	71
33.726986	0.255417	70
33.982403	0.255421	67
34.237823	0.243809	66
34.481632	0.255421	66
34.737053	0.185760	56
34.922813	0.290249	65
35.213062	0.278637	69
35.491699	0.243813	68
35.735512	0.255417	68
35.990929	0.150932	66
36.141861	0.092876	67
36.234737	0.243813	66
36.478550	0.162537	55
36.641087	0.092880	55
36.733967	0.255421	66
36.989388	0.220589	66
37.209976	0.255421	59
37.465397	0.162540	62
37.627937	0.104488	66
37.732426	0.255421	62
37.987846	0.243809	62
38.231655	0.255421	61
38.487076	0.243809	56
38.730885	0.255421	56
38.986305	0.150928	57
39.137234	0.092880	56
39.230114	0.208981	56
39.439095	0.278637	57
39.717731	0.267029	70
39.984760	0.162540	71
40.147301	0.092880	70
40.240181	0.232201	70
40.472382	0.255421	73
40.727802	0.255417	76
40.983219	0.220589	67
41.203808	0.220592	69
41.424400	0.058048	71
41.482449	0.150928	72
41.633377	0.092880	70
41.726257	0.267029	69
41.993286	0.243813	66
42.237099	0.243809	62
42.480907	0.255421	66
42.736328	0.197369	56
42.933697	0.046440	56
42.980137	0.232201	67
43.212337	0.278637	70
43.490974	0.127712	69
43.618687	0.116096	70
43.734783	0.139320	78
43.874104	0.127712	68
44.001816	0.116096	66
44.117912	0.127712	67
44.245625	0.243809	75
44.489433	0.208981	68
44.698414	0.290249	66
44.988663	0.243809	67
45.232471	0.162540	0
45.395012	0.081268	0
45.476280	0.162540	67
45.638821	0.092880	66
45.731701	0.255421	72
45.987122	0.243809	74
46.230930	0.243809	79
46.474739	0.255421	78
46.730160	0.255417	78
46.985577	0.243813	62
47.229389	0.127708	0
47.357098	0.127708	0
47.484806	0.243813	69
47.728619	0.243809	70
47.972427	0.267029	66
48.239456	0.243809	67
48.483265	0.255421	74
48.738686	0.243809	74
48.982494	0.232201	67
49.214695	0.267029	68
49.481724	0.255421	71
49.737144	0.243809	70
49.980953	0.255417	67
50.236370	0.243813	67
50.480183	0.255417	66
50.735600	0.208981	56
50.944580	0.034832	56
50.979412	0.243809	68
51.223221	0.267029	69
51.490250	0.243809	69
51.734058	0.255421	68
51.989479	0.243809	66
52.233288	0.255421	74
52.488708	0.243809	69
52.732517	0.255421	66
52.987938	0.185757	66
53.173695	0.058052	0
53.231747	0.243809	58
53.475555	0.162540	73
53.638096	0.092880	73
53.730976	0.255417	76
53.986393	0.243813	74
54.230206	0.243809	73
54.474014	0.232201	74
54.706215	0.278637	78
54.984852	0.174149	71
55.159000	0.081272	69
55.240273	0.243809	70
55.484081	0.162540	0
55.646622	0.081268	0
55.727890	0.255421	70
55.983311	0.255421	71
56.238731	0.255417	75
56.494148	0.243813	74
56.737961	0.255417	76
56.993378	0.243809	67
57.237186	0.243813	70
57.480999	0.255417	71
57.736416	0.255421	70
57.991837	0.243809	67
58.235645	0.243809	67
58.479454	0.255421	67
58.734875	0.197369	56
58.932243	0.290253	57
59.222496	0.267029	70
59.489525	0.243809	69
59.733334	0.255421	68
59.988754	0.487617	66
60.476372	0.162540	0
60.638912	0.116100	0
60.755013	0.220589	0
60.975601	0.162540	0
61.138142	0.104488	0
61.242630	0.232201	0
61.474831	0.150928	0
61.625759	0.359909	0
61.985668	0.150932	0
62.136600	0.116096	0
62.252697	0.232201	0
62.484898	0.150928	0
62.635826	0.116100	0
62.751926	0.232201	0
62.984127	0.150928	0
63.135056	0.116100	0
63.251156	0.232201	0
63.483356	0.499229	0
63.982586	0.150928	0
64.133514	0.116096	0
64.249611	0.127716	0
64.377327	0.092880	0
64.470207	0.185753	0
64.655960	0.278641	0
64.934601	0.255424	59
65.190025	0.185760	59
65.375786	0.104485	58
65.480270	0.243813	58
65.724083	0.232201	0
65.956284	0.185760	57
66.142044	0.092880	58
66.234924	0.139313	58
66.374237	0.104492	58
66.478729	0.232201	58
66.710930	0.267029	57
66.977959	0.220589	58
67.198547	0.278641	58
67.477188	0.243813	58
67.721001	0.267029	0
67.988029	0.139320	58
68.127350	0.104485	59
68.231834	0.139320	58
68.371155	0.104492	57
68.475647	0.232201	60
68.707848	0.278641	59
68.986488	0.232193	59
69.218681	0.174156	58
69.392838	0.081268	0
69.474106	0.255417	58
69.729523	0.255417	56
69.984940	0.150932	57
70.135872	0.104492	56
70.240364	0.232201	0
70.472565	0.267029	0
70.739594	0.243805	56
70.983398	0.243813	54
71.227211	0.255417	54
71.482628	0.150932	55
71.633560	0.092880	58
71.726440	0.243813	61
71.970253	0.162537	59
72.132790	0.104492	58
72.237282	0.243805	0
72.481087	0.243813	0
72.724899	0.267029	58
72.991928	0.232201	58
73.224129	0.150925	59
73.375053	0.104492	59
73.479546	0.243813	58
73.723358	0.267029	57
73.990387	0.139320	59
74.129707	0.104485	58
74.234192	0.208984	59
74.443176	0.255417	0
74.698593	0.278641	58
74.977234	0.127708	61
75.104942	0.127708	0
75.232651	0.255424	58
75.488075	0.243805	58
75.731880	0.150932	58
75.882812	0.127708	0
76.010521	0.116104	58
76.126625	0.116096	59
76.242722	0.127708	59
76.370430	0.104492	0
76.474922	0.255417	0
76.730339	0.255417	58
76.985756	0.243813	58
77.229568	0.150932	58
77.380501	0.104485	59
77.484985	0.243813	58
77.728798	0.255417	57
77.984215	0.150932	56
78.135147	0.104492	57
78.239639	0.232201	56
78.471840	0.255417	57
78.727257	0.255417	0
78.982674	0.139320	0
79.121994	0.267029	54
79.389023	0.092880	55
79.481903	0.150932	55
79.632835	0.092880	0
79.725716	0.243805	62
79.969521	0.174156	60
80.143677	0.092880	58
80.236557	0.139313	56
80.375870	0.104492	0
80.480362	0.197372	0
80.677734	0.301857	61
80.979591	0.267029	62
81.246620	0.139320	62
81.385941	0.092880	60
81.478821	0.255417	57
81.734238	0.255424	55
81.989662	0.139320	55
82.128983	0.104485	0
82.233467	0.243813	61
82.477280	0.139320	62
82.616600	0.116096	0
82.732697	0.255424	61
82.988121	0.255417	61
83.243538	0.232201	61
83.475739	0.255417	58
83.731155	0.255417	55
83.986572	0.243813	54
84.230385	0.243813	69
84.474197	0.174149	65
84.648346	0.081268	62
84.729614	0.255417	62
84.985031	0.162544	0
85.147575	0.092880	62
85.240456	0.232201	61
85.472656	0.162537	59
85.635193	0.104492	57
85.739685	0.243805	55
85.983490	0.255424	55
86.238914	0.243805	66
86.482719	0.162544	66
86.645264	0.092880	66
86.738144	0.197365	65
86.935509	0.301865	60
87.237373	0.243805	66
87.481178	0.278641	65
87.759819	0.232201	68
87.992020	0.243805	70
88.235825	0.255424	66
88.491249	0.197365	55
88.688614	0.301865	65
88.990479	0.150925	67
89.141403	0.092880	59
89.234283	0.162544	58
89.396828	0.081268	0
89.478096	0.150932	67
89.629028	0.104485	66
89.733513	0.255424	62
89.988937	0.243805	61
90.232742	0.255424	61
90.488167	0.243805	56
90.731972	0.255417	56
90.987389	0.243813	58
91.231201	0.127708	58
91.358910	0.127708	0
91.486618	0.243813	69
91.730431	0.232201	70
91.962631	0.278641	66
92.241272	0.139320	66
92.380592	0.104485	0
92.485077	0.243813	76
92.728889	0.255417	76
92.984306	0.232201	67
93.216507	0.220589	69
93.437096	0.046440	69
93.483536	0.150932	71
93.634468	0.092880	71
93.727348	0.255417	70
93.982765	0.255424	67
94.238190	0.243805	66
94.481995	0.255417	66
94.737411	0.185760	56
94.923172	0.058052	56
94.981224	0.232201	66
95.213425	0.278641	69
95.492065	0.243805	68
95.735870	0.255424	68
95.991295	0.139320	66
96.130615	0.104485	67
96.235100	0.243813	66
96.478912	0.162537	55
96.641449	0.092880	55
96.734329	0.255424	66
96.989754	0.232193	66
97.221947	0.243813	0
97.465759	0.162537	62
97.628296	0.104492	66
97.732788	0.255417	62
97.988205	0.243813	62
98.232018	0.255417	61
98.487434	0.243813	66
98.731247	0.255417	56
98.986664	0.150932	57
99.137596	0.092880	56
99.230476	0.208977	56
99.439453	0.278641	57
99.718094	0.267029	70
99.985123	0.162544	71
100.147667	0.092880	70
100.240547	0.232193	70
100.472740	0.255424	73
100.728165	0.255417	76
100.983582	0.162544	68
101.146126	0.069656	67
101.215782	0.208977	70
101.424759	0.058052	71
101.482811	0.150932	72
101.633743	0.092880	70
101.726624	0.267029	69
101.993652	0.243805	66
102.237457	0.243813	66
102.481270	0.255417	78
102.736687	0.197372	78
102.934059	0.046440	0
102.980499	0.220589	68
103.201088	0.290253	74
103.491341	0.127708	69
103.619049	0.116096	70
103.735146	0.139320	78
103.874466	0.127708	67
104.002174	0.116104	66
104.118279	0.127708	67
104.245987	0.243813	75
104.489799	0.208977	74
104.698776	0.290245	68
104.989021	0.243813	66
105.232834	0.162537	59
105.395370	0.081276	0
105.476646	0.162537	67
105.639183	0.092880	66
105.732063	0.255417	71
105.987480	0.243813	74
106.231293	0.243813	79
106.475105	0.255417	78
106.730522	0.255417	77
106.985939	0.243813	62
107.229752	0.127708	0
107.357460	0.127708	0
107.485168	0.243813	70
107.728981	0.243805	70
107.972786	0.267036	66
108.239822	0.243805	67
108.483627	0.255417	74
108.739044	0.243813	74
108.982857	0.232201	67
109.215057	0.267029	68
109.482086	0.255417	71
109.737503	0.243813	70
109.981316	0.255417	67
110.236732	0.243813	67
110.480545	0.255417	66
110.735962	0.197372	56
110.933334	0.046440	56
110.979774	0.243805	66
111.223579	0.267036	70
111.490616	0.243805	69
111.734421	0.255417	68
111.989838	0.243813	66
112.233650	0.255417	74
112.489067	0.243813	69
112.732880	0.255417	66
112.988297	0.185760	66
113.174057	0.058052	0
113.232109	0.243813	58
113.475922	0.162537	73
113.638458	0.092880	78
113.731339	0.255417	79
113.986755	0.243813	74
114.230568	0.243805	73
114.474373	0.243813	74
114.718185	0.267029	78
114.985214	0.162544	69
115.147758	0.092880	69
115.240639	0.243805	71
115.484444	0.174149	73
115.658592	0.069664	0
115.728256	0.255417	70
115.983673	0.255417	71
116.239090	0.255424	74
116.494514	0.243805	67
116.738319	0.243813	74
116.982132	0.255417	67
117.237549	0.243813	70
117.481361	0.255417	71
117.736778	0.255424	70
117.992203	0.243805	67
118.236008	0.243813	67
118.479820	0.255417	78
118.735237	0.197372	78
118.932610	0.046440	0
118.979050	0.243805	68
119.222855	0.255424	70
119.478279	0.255417	69
119.733696	0.139320	78
119.873016	0.116096	68
119.989113	0.127716	66
120.116829	0.127708	67
120.244537	0.243805	67
120.488342	0.243813	0
120.732155	0.255417	70
120.987572	0.220589	77
121.208160	0.278641	70
121.486801	0.220589	73
121.707390	0.278641	69
121.986031	0.255417	74
122.241447	0.243813	73
122.485260	0.243813	68
122.729073	0.255417	78
122.984489	0.255417	69
123.239906	0.243813	71
123.483719	0.243813	70
123.727531	0.255417	67
123.982948	0.255417	67
124.238365	0.243813	0
124.482178	0.255417	61
124.737595	0.243813	67
124.981407	0.255417	67
125.236824	0.243813	76
125.480637	0.243805	78
125.724442	0.255424	74
125.979866	0.255417	73
126.235283	0.232201	73
126.467484	0.267029	78
126.734512	0.243813	77
126.978325	0.255417	68
127.233742	0.255417	68
127.489159	0.243813	70
127.732971	0.255417	68
127.988388	0.243805	68
128.232193	0.267029	67
128.499222	0.232208	67
128.731430	0.255417	70
128.986847	0.243805	78
129.230652	0.255432	70
129.486084	0.220581	66
129.706665	0.278641	67
129.985306	0.243805	74
130.229111	0.174149	74
130.403259	0.081268	73
130.484528	0.255432	77
130.739960	0.243805	69
130.983765	0.255417	68
131.239182	0.243805	69
131.482986	0.243820	70
131.726807	0.255417	66
131.982224	0.255417	66
132.237640	0.243805	66
132.481445	0.255432	76
132.736877	0.150925	75
132.887802	0.104492	76
132.992294	0.243805	62
133.236099	0.243805	67
133.479904	0.255432	69
133.735336	0.255417	73
133.990753	0.243805	74
134.234558	0.243805	73
134.478363	0.255417	70
134.733780	0.255432	68
134.989212	0.243805	70
135.233017	0.255417	75
135.488434	0.243805	74
135.732239	0.255432	74
135.987671	1.253876	67
137.241547	0.499222	66
137.740768	0.255417	56
137.996185	0.487625	0
138.483810	0.313461	56
138.797272	0.986862	57
139.784134	0.208969	0
139.993103	0.499237	0
140.492340	0.278641	76
140.770981	0.754639	73
141.525620	0.476013	0
142.001633	0.499222	78
142.500854	0.278641	64
142.779495	0.452789	57
143.232285	0.510849	75
143.743134	0.986847	64
144.729980	0.278641	66
145.008621	0.046432	0
145.055054	0.139328	0
145.194382	0.278641	59
145.473022	0.150925	62
145.623947	0.185760	66
145.809708	0.174149	62
145.983856	0.499222	62
146.483078	0.301865	56
146.784943	0.464401	57
147.249344	0.185760	58
147.435104	0.255417	57
147.690521	0.162537	69
147.853058	0.139328	70
147.992386	0.475998	70
148.468384	0.267029	66
148.735413	0.243820	73
148.979233	0.197372	67
149.176605	0.232193	69
149.408798	0.232193	71
149.640991	0.104492	70
149.745483	0.104492	69
149.849976	0.150925	69
150.000900	0.290253	66
150.291153	0.208984	67
150.500137	0.301865	56
150.802002	0.116089	56
150.918091	0.580505	67
151.498596	0.232193	68
151.730789	0.116104	67
151.846893	0.127716	68
151.974609	0.255417	66
152.230026	0.255417	73
152.485443	0.208984	69
152.694427	0.290237	66
152.984665	0.243820	66
153.228485	0.162537	59
153.391022	0.092880	0
153.483902	0.150925	67
153.634827	0.104492	66
153.739319	0.243805	72
153.983124	0.255432	74
154.238556	0.243805	79
154.482361	0.255417	78
154.737778	0.243805	78
154.981583	0.255417	58
155.237000	0.243820	57
155.480820	0.255417	70
155.736237	0.232193	70
155.968430	0.267029	66
156.235458	0.243820	66
156.479279	0.255417	74
156.734695	0.243805	76
156.978500	0.232208	67
157.210709	0.243805	68
157.454514	0.278641	71
157.733154	0.255417	70
157.988571	0.243805	67
158.232376	0.243820	67
158.476196	0.255417	78
158.731613	0.197372	78
158.928986	0.058044	74
158.987030	0.232193	74
159.219223	0.267029	70
159.486252	0.243820	69
159.730072	0.255417	68
159.985489	0.255417	78
160.240906	0.255417	76
160.496323	0.232208	77
160.728531	0.255417	80
160.983948	0.185760	0
161.169708	0.069656	0
161.239365	0.243805	76
161.483170	0.150940	74
161.634109	0.104492	74
161.738602	0.243805	78
161.982407	0.255417	75
162.237823	0.243805	73
162.481628	0.243820	74
162.725449	0.255417	78
162.980865	0.174149	71
163.155014	0.081268	69
163.236282	0.243805	71
163.480087	0.174149	74
163.654236	0.081268	81
163.735504	0.255432	71
163.990936	0.243805	71
164.234741	0.255417	70
164.490158	0.243805	66
164.733963	0.255432	73
164.989395	0.243805	67
165.233200	0.243805	70
165.477005	0.255417	71
165.732422	0.255417	70
165.987839	0.243820	67
166.231659	0.243805	67
166.475464	0.255417	78
166.730881	0.208984	78
166.939865	0.046432	0
166.986298	0.232208	74
167.218506	0.267029	74
167.485535	0.243805	69
167.729340	0.139328	79
167.868668	0.116089	71
167.984756	0.139328	66
168.124084	0.359909	67
168.483994	0.255417	0
168.739410	0.243805	70
168.983215	0.220596	77
169.203812	0.278641	70
169.482452	0.220581	73
169.703033	0.278641	76
169.981674	0.255417	74
170.237091	0.243820	74
170.480911	0.255417	78
170.736328	0.243805	77
170.980133	0.255417	69
171.235550	0.255432	71
171.490982	0.232193	70
171.723175	0.267029	67
171.990204	0.243805	67
172.234009	0.243820	67
172.477829	0.255417	62
172.733246	0.243805	67
172.977051	0.255417	77
173.232468	0.255417	69
173.487885	0.232208	68
173.720093	0.267029	73
173.987122	0.243805	74
174.230927	0.243820	73
174.474747	0.255417	0
174.730164	0.255417	76
174.985580	0.255417	68
175.240997	0.243805	68
175.484802	0.243820	70
175.728622	0.255417	68
175.984039	0.243805	68
176.227844	0.267029	67
176.494873	0.243805	67
176.738678	0.243820	69
176.982498	0.243805	78
177.226303	0.255417	77
177.481720	0.220596	66
177.702316	0.278641	68
177.980957	0.255417	74
178.236374	0.243805	73
178.480179	0.255417	73
178.735596	0.255432	68
178.991028	0.243805	68
179.234833	0.255417	69
179.490250	0.243805	70
179.734055	0.255417	66
179.989471	0.243820	66
180.233292	0.243805	66
180.477097	0.255417	62
180.732513	0.150940	75
180.883453	0.104477	76
180.987930	0.243820	63
181.231750	0.255417	67
181.487167	0.243805	68
181.730972	0.255417	73
181.986389	0.243820	74
182.230209	0.255417	73
182.485626	0.243805	69
182.729431	0.197372	68
182.926804	0.058044	68
182.984848	0.220596	69
183.205444	0.278641	73
183.484085	0.243805	69
183.727890	0.267029	68
183.994919	11.619751	66
