0.185760	0.104490	57
0.290249	0.197370	55
0.487619	0.116100	55
0.603719	0.359909	55
0.963628	0.394739	60
1.358367	0.452789	58
1.811157	0.220590	0
2.031746	0.336689	60
2.368435	0.232199	60
2.600635	0.290250	61
2.890884	0.336689	56
3.227574	0.371519	55
3.599093	0.359909	61
3.959002	0.441179	61
4.400181	0.208980	0
4.609161	0.243810	60
4.852971	0.417959	56
5.270930	0.162539	54
5.433469	0.162540	0
5.596009	0.267029	67
5.863039	0.116100	65
5.979138	0.139320	61
6.118458	0.383129	63
6.501587	0.104490	62
6.606077	0.197370	61
6.803447	0.197370	56
7.000816	0.267029	56
7.267846	0.174150	54
7.441996	0.162539	64
7.604535	0.104490	64
7.709025	0.255420	66
7.964445	0.313469	65
8.277914	0.313469	64
8.591383	0.371519	66
8.962902	0.139320	64
9.102222	0.325079	67
9.427301	0.185760	70
9.613061	0.417959	69
10.031020	0.220590	65
10.251610	0.336690	66
10.588300	0.162539	58
10.750839	0.092879	0
10.843719	0.162540	66
11.006259	0.208980	65
11.215239	1.137777	61
12.353016	0.255420	58
12.608436	0.336689	58
12.945125	0.348299	70
13.293424	0.429569	67
13.722993	0.615329	67
14.338322	0.208980	66
14.547301	0.255420	70
14.802721	0.104490	70
14.907211	0.116099	72
15.023311	0.116099	71
15.139410	0.301860	69
15.441270	0.835917	67
16.277187	0.278641	66
16.555828	0.325079	69
16.880907	0.208979	68
17.089886	0.116100	67
17.205986	0.197371	68
17.403357	0.696598	66
18.099955	0.325079	66
18.425034	0.139320	0
18.564354	0.267029	58
18.831383	0.174150	62
19.005533	0.162539	66
19.168072	0.127710	62
19.295782	1.323538	62
20.619320	0.185759	59
20.805079	0.255421	57
21.060499	0.394739	70
21.455238	0.359909	70
21.815147	0.278639	66
22.093786	0.092880	65
22.186666	0.174150	66
22.360817	0.185759	66
22.546576	0.243811	70
22.790386	0.325079	71
23.115465	0.081270	69
23.196735	0.185759	69
23.382494	0.243811	67
23.626305	0.650158	66
24.276463	0.278639	67
24.555101	0.325081	70
24.880182	0.197369	68
25.077551	0.127710	67
25.205261	0.185759	68
25.391020	0.638550	67
26.029570	0.220589	68
26.250158	0.336689	67
26.586847	0.162540	59
26.749388	0.104490	0
26.853878	0.139318	66
26.993196	0.220591	65
27.213787	1.137777	61
28.351564	0.267029	58
28.618593	0.208981	58
28.827574	0.116100	0
28.943674	0.174149	69
29.117823	0.185760	70
29.303583	0.406349	67
29.709932	0.626938	66
30.336870	0.208981	66
30.545851	0.359909	70
30.905760	0.232199	71
31.137959	0.290251	70
31.428209	0.847528	67
32.275738	0.290249	66
32.565987	0.325081	70
32.891068	0.197369	68
33.088436	0.301857	67
33.390293	0.719822	67
34.110115	0.417957	66
34.528072	0.336689	59
34.864761	0.139320	0
35.004082	0.208981	65
35.213062	0.150928	62
35.363991	0.267029	62
35.631020	0.174152	61
35.805172	0.220589	62
36.025761	0.476009	61
36.501770	0.383129	58
36.884899	0.116100	0
37.000999	0.638546	70
37.639545	0.232201	68
37.871746	0.325081	66
38.196827	0.185757	69
38.382584	0.197372	66
38.579956	0.336689	70
38.916645	0.220589	71
39.137234	0.301861	69
39.439095	0.835918	66
40.275013	0.278637	66
40.553650	0.336689	70
40.890339	0.197372	68
41.087711	0.313469	67
41.401180	4.388569	67
45.789749	0.232201	0
46.021950	0.267029	0
46.288979	0.267029	58
46.556007	0.336693	58
46.892700	0.197369	58
47.090069	0.232201	0
47.322269	0.557278	58
47.879547	0.197369	58
48.076916	0.162540	0
48.239456	0.116100	57
48.355556	0.197369	58
48.552925	0.336689	58
48.889614	0.197369	58
49.086983	0.104492	0
49.191475	0.185760	58
49.377235	0.348297	58
49.725533	0.174149	56
49.899681	0.174152	0
50.073833	0.301857	59
50.375690	0.197372	58
50.573063	0.208977	58
50.782040	0.383129	58
51.165169	0.441181	56
51.606350	0.255417	0
51.861767	0.243813	0
52.105579	0.487617	56
52.593197	0.394741	54
52.987938	0.359909	60
53.347847	0.313469	58
53.661316	0.197369	71
53.858685	0.232201	59
54.090885	0.499229	58
54.590115	0.510838	58
55.100952	0.081268	56
55.182220	0.185760	57
55.367981	0.417961	58
55.785942	0.278637	73
56.064579	0.243813	72
56.308392	0.139317	58
56.447708	0.510841	58
56.958549	0.174149	58
57.132698	0.092880	56
57.225578	0.568890	59
57.794468	0.313469	62
58.107937	0.487617	58
58.595554	0.278641	59
58.874195	0.313469	58
59.187664	0.394741	57
59.582405	0.290249	56
59.872654	0.220589	56
60.093243	0.278641	56
60.371883	0.116100	0
60.487984	0.499226	55
60.987209	0.348301	60
61.335510	0.406349	58
61.741859	0.290249	0
62.032108	0.325081	59
62.357189	0.243809	61
62.600998	0.290249	61
62.891247	0.336689	56
63.227936	0.232201	54
63.460136	0.150928	59
63.611065	0.243809	61
63.854874	0.104492	0
63.959366	0.441177	61
64.400543	0.208984	0
64.609528	0.243805	60
64.853333	0.406349	56
65.259682	0.174149	54
65.433830	0.150932	0
65.584763	0.394737	67
65.979500	0.139320	61
66.118820	0.383133	63
66.501953	0.104485	65
66.606438	0.197372	61
66.803810	0.197372	56
67.001183	0.255417	56
67.256599	0.185760	54
67.442360	0.162537	59
67.604897	0.371521	66
67.976418	0.301857	65
68.278275	0.313469	64
68.591743	0.383133	66
68.974876	0.127708	63
69.102585	0.139320	66
69.241905	0.185760	68
69.427666	0.197365	70
69.625031	0.406349	70
70.031380	0.232201	68
70.263580	0.325081	66
70.588661	0.162544	58
70.751205	0.092873	0
70.844078	0.162544	66
71.006622	0.208977	67
71.215599	1.137779	72
72.353378	0.255417	0
72.608795	0.336693	83
72.945488	0.348297	73
73.293785	0.429573	67
73.723358	0.615326	66
74.338684	0.208977	66
74.547661	0.359909	70
74.907570	0.116104	72
75.023674	0.116096	71
75.139771	0.290253	69
75.430023	0.847527	67
76.277550	0.278641	66
76.556190	0.325081	69
76.881271	0.208977	68
77.090248	0.116104	67
77.206352	0.185753	68
77.392105	0.708214	66
78.100319	0.325081	66
78.425400	0.127708	0
78.553108	0.278641	58
78.831749	0.174149	62
79.005898	0.162537	66
79.168434	0.116104	62
79.284538	1.323532	62
80.608070	0.197372	59
80.805443	0.255417	57
81.060860	0.754654	70
81.815514	0.278633	66
82.094147	0.243813	65
82.337959	0.208977	66
82.546936	0.243813	70
82.790749	0.325081	71
83.115829	0.092880	69
83.208710	0.174149	69
83.382858	0.893967	67
84.276825	0.278641	66
84.555466	0.325081	70
84.880547	0.197365	68
85.077911	0.127708	67
85.205620	0.185760	68
85.391380	0.638550	67
86.029930	0.220589	65
86.250519	0.336693	66
86.587212	0.162537	0
86.749748	0.092880	0
86.842628	0.150932	66
86.993561	0.220589	65
87.214149	1.137779	61
88.351929	0.267029	58
88.618958	0.197372	58
88.816330	0.127708	0
88.944038	0.359909	70
89.303947	0.406349	67
89.710297	0.626938	66
90.337234	0.208977	66
90.546211	0.359909	70
90.906120	0.232201	71
91.138321	0.290253	70
91.428574	0.847527	67
92.276100	0.290253	66
92.566353	0.325073	69
92.891426	0.197372	68
93.088799	0.127708	67
93.216507	0.174149	68
93.390656	0.719818	67
94.110474	0.417961	66
94.528435	0.336693	59
94.865128	0.139320	66
95.004448	0.208977	65
95.213425	0.150932	62
95.364357	0.267029	62
95.631386	0.394737	62
96.026123	0.476006	61
96.502129	0.499229	58
97.001358	0.638550	70
97.639908	0.232201	68
97.872108	0.359909	66
98.232018	0.127708	66
98.359726	0.220589	66
98.580315	0.336693	70
98.917007	0.220589	71
99.137596	0.301857	69
99.439453	0.835922	66
100.275375	0.278641	66
100.554016	0.336685	70
100.890701	0.197372	68
101.088074	0.301857	67
101.389931	0.417961	67
101.807892	0.290245	73
102.098137	0.208984	70
102.307121	0.255417	69
102.562538	0.325081	68
102.887619	0.150932	67
103.038551	0.313469	68
103.352020	0.290245	63
103.642265	0.220589	64
103.862854	0.255424	62
104.118279	0.220589	61
104.338867	0.104492	0
104.443359	0.476006	69
104.919365	0.174149	68
105.093513	0.754646	66
105.848160	0.278641	61
106.126801	0.197372	61
106.324173	0.116096	0
106.440269	0.615334	68
107.055603	0.301857	66
107.357460	0.464401	66
107.821861	0.278641	61
108.100502	0.220589	61
108.321091	0.104485	0
108.425575	0.429573	68
108.855148	0.568886	68
109.424034	0.150932	69
109.574966	0.313469	66
109.888435	0.220589	68
110.109024	0.208977	70
110.318001	0.255424	69
110.573425	0.487617	67
111.061043	0.255417	67
111.316460	0.278641	63
111.595100	0.243813	62
111.838913	0.278641	62
112.117554	0.069656	61
112.187210	0.174149	61
112.361359	0.719818	68
113.081177	0.743042	66
113.824219	0.243805	61
114.068024	0.139320	61
114.207344	0.383133	62
114.590477	0.359909	68
114.950386	0.150932	68
115.101318	0.731422	66
115.832741	0.267029	62
116.099770	0.336693	73
116.436462	0.464401	68
116.900864	0.661766	71
117.562630	0.789482	67
118.352112	0.534058	0
118.886169	0.220589	0
119.106758	0.522446	85
119.629204	0.220589	0
119.849792	0.348305	85
120.198097	0.185760	0
120.383858	0.220589	0
120.604446	0.522446	0
121.126892	0.232201	0
121.359093	0.522446	0
121.881538	0.150932	0
122.032471	0.069664	0
122.102135	0.255417	0
122.357552	0.092880	0
122.450432	0.208977	0
122.659409	0.220589	0
122.879997	1.802452	0
