0.139320	0.104490	0
0.243810	0.139320	0
0.383129	0.116100	0
0.499229	0.092880	0
0.592109	0.116100	0
0.708209	0.127710	0
0.835918	0.232199	0
1.068118	0.116100	0
1.184218	0.127710	0
1.311927	0.127710	0
1.439637	0.116100	0
1.555737	0.104490	0
1.660227	0.116100	0
1.776327	0.116100	0
1.892426	0.116100	0
2.008526	0.116100	0
2.124626	0.127710	0
2.252336	0.127710	0
2.380045	0.220589	0
2.600635	0.162540	0
2.763175	0.197370	0
2.960544	0.255419	68
3.215964	0.243810	67
3.459773	0.208980	67
3.668753	0.046440	67
3.715193	0.208980	67
3.924172	0.243809	0
4.167982	0.255420	76
4.423401	0.127710	66
4.551111	0.104490	67
4.655601	0.139319	67
4.794920	0.127710	67
4.922630	0.127710	67
5.050340	0.104490	68
5.154830	0.243810	69
5.398640	0.243809	69
5.642449	0.267030	69
5.909479	0.232199	65
6.141678	0.267030	69
6.408708	0.243809	69
6.652517	0.116100	68
6.768617	0.116100	67
6.884717	0.243810	0
7.128526	0.243809	61
7.372335	0.255420	62
7.627755	0.150929	62
7.778685	0.104490	62
7.883174	0.116100	63
7.999274	0.104490	64
8.103765	0.243809	70
8.347573	0.069660	0
8.417233	0.092880	67
8.510114	0.104489	67
8.614603	0.139319	67
8.753922	0.104490	67
8.858413	0.046440	67
8.904853	0.220590	66
9.125443	0.220590	0
9.346032	0.034829	69
9.380861	0.232200	69
9.613061	0.232200	69
9.845261	0.139319	69
9.984580	0.116100	69
10.100680	0.232200	69
10.332880	0.139319	62
10.472199	0.116100	62
10.588300	0.127709	62
10.716009	0.104489	65
10.820498	0.255420	64
11.075918	0.232200	62
11.308118	0.081270	61
11.389388	0.220590	62
11.609978	0.255419	62
11.865396	0.290250	60
12.155646	0.208980	66
12.364626	0.150929	67
12.515555	0.092880	67
12.608436	0.255419	0
12.863854	0.255420	67
13.119274	0.255420	61
13.374694	0.243810	61
13.618504	0.243810	58
13.862313	0.255419	61
14.117732	0.243810	62
14.361542	0.255420	62
14.616961	0.255420	64
14.872381	0.243810	63
15.116191	0.197370	60
15.313560	0.348299	57
15.661860	0.278640	58
15.940499	0.208980	59
16.149479	0.487619	59
16.637098	0.139318	59
16.776417	0.162540	59
16.938957	0.208979	60
17.147936	0.499229	62
17.647165	0.255421	62
17.902586	0.232199	66
18.134785	0.255419	62
18.390203	0.255421	0
18.645624	0.255419	0
18.901043	0.243809	0
19.144852	0.232201	0
19.377052	0.278639	58
19.655691	0.255421	59
19.911112	0.232199	59
20.143311	0.487619	59
20.630930	0.162539	60
20.793468	0.116100	62
20.909569	0.232201	59
21.141769	0.243809	61
21.385578	0.255419	62
21.640997	0.232201	61
21.873198	0.243809	62
22.117006	0.243811	69
22.360817	0.243809	63
22.604626	0.243809	62
22.848434	0.174150	0
23.022585	0.104490	0
23.127075	0.150928	0
23.278004	0.336691	70
23.614695	0.232199	71
23.846893	0.255419	71
24.102312	0.267031	72
24.369343	0.255419	71
24.624762	0.255421	71
24.880182	0.208979	0
25.089161	0.499229	61
25.588390	0.232199	61
25.820589	0.232201	61
26.052790	0.243809	63
26.296598	0.243811	0
26.540409	0.255419	61
26.795828	0.243809	61
27.039637	0.522449	71
27.562086	0.255419	63
27.817505	0.243811	63
28.061316	0.255419	61
28.316734	0.232201	75
28.548935	0.243809	75
28.792744	0.243809	75
29.036552	0.267031	63
29.303583	0.243809	65
29.547392	0.267031	68
29.814423	0.232199	66
30.046621	0.267029	66
30.313650	0.127710	66
30.441360	0.104490	66
30.545851	0.243809	66
30.789660	0.255421	66
31.045080	0.510838	66
31.555918	0.278641	66
31.834558	0.104488	59
31.939047	0.267031	59
32.206078	0.267029	58
32.473106	0.116100	55
32.589207	0.406349	54
32.995556	0.371517	55
33.367073	0.963631	54
34.330704	0.278637	61
34.609341	0.220592	0
34.829933	0.290249	54
35.120182	0.150928	55
35.271111	0.336689	58
35.607800	0.243809	59
35.851608	0.220592	59
36.072201	0.510838	59
36.583038	0.150928	66
36.733967	0.162540	62
36.896507	0.185760	60
37.082268	0.243809	61
37.326077	0.232201	61
37.558277	0.255421	62
37.813698	0.243809	61
38.057507	0.243809	61
38.301315	0.162540	62
38.463856	0.092880	62
38.556736	0.243809	62
38.800545	0.243809	0
39.044353	0.197369	61
39.241722	0.325081	70
39.566803	0.232201	71
39.799004	0.243809	71
40.042812	0.267029	72
40.309841	0.243809	72
40.553650	0.267029	72
40.820679	0.220592	72
41.041271	0.452789	74
41.494061	0.290249	74
41.784309	0.139320	74
41.923630	0.104488	74
42.028118	0.243809	74
42.271927	0.243809	0
42.515736	0.255421	66
42.771156	0.139320	0
42.910477	0.104488	0
43.014965	0.150932	62
43.165897	0.348297	69
43.514194	0.255421	71
43.769615	0.243809	70
44.013424	0.255421	72
44.268845	0.162540	72
44.431385	0.092876	72
44.524261	0.139320	72
44.663582	0.325081	72
44.988663	0.487617	75
45.476280	0.255421	81
45.731701	0.232201	76
45.963902	0.243809	62
46.207710	0.255421	61
46.463131	0.255417	80
46.718548	0.243809	75
46.962357	0.185760	75
47.148117	0.313469	75
47.461586	0.267033	75
47.728619	0.243809	75
47.972427	0.487617	75
48.460045	0.255421	72
48.715466	0.092880	74
48.808346	0.150928	73
48.959274	0.243809	73
49.203083	0.255421	72
49.458504	0.255421	67
49.713924	0.220589	66
49.934513	0.255421	66
50.189934	0.232197	66
50.422131	0.278641	67
50.700771	0.243809	67
50.944580	0.476009	64
51.420589	0.301861	55
51.722450	0.127708	0
51.850159	0.127708	0
51.977867	0.139320	60
52.117188	0.267029	57
52.384216	0.092880	54
52.477097	0.464401	54
52.941498	0.232197	56
53.173695	0.185760	54
53.359455	0.719818	55
54.079273	0.255421	61
54.334694	0.208981	62
54.543674	0.313469	59
54.857143	0.255421	59
55.112564	0.243809	59
55.356373	0.243809	59
55.600182	0.267029	59
55.867210	0.243809	0
56.111019	0.255421	62
56.366440	0.255421	73
56.621861	0.243809	0
56.865669	0.267029	0
57.132698	0.243809	71
57.376507	0.255421	71
57.631927	0.232201	72
57.864128	0.267029	71
58.131157	0.104488	71
58.235645	0.139320	72
58.374966	0.243809	71
58.618774	0.255421	71
58.874195	0.255421	71
59.129616	0.255417	71
59.385033	0.232201	71
59.617233	0.150928	0
59.768162	0.104492	0
59.872654	0.255417	0
60.128071	0.255421	0
60.383492	0.267029	0
60.650520	0.127712	0
60.778233	0.104488	0
60.882721	0.255421	66
61.138142	0.150928	66
61.289070	0.116100	70
61.405170	0.452789	71
61.857960	0.290249	70
62.148209	0.232201	70
62.380409	0.255417	71
62.635826	0.255421	71
62.891247	0.267029	71
63.158276	0.232201	71
63.390476	0.267029	75
63.657505	0.092880	71
63.750385	0.139320	71
63.889706	0.267033	70
64.156738	0.255417	71
64.412155	0.255417	75
64.667572	0.243813	70
64.911385	0.267029	69
65.178413	0.243813	68
65.422226	0.243805	68
65.666031	0.220589	69
65.886620	0.278641	72
66.165260	0.127708	69
66.292969	0.127708	68
66.420677	0.255424	66
66.676102	0.139320	65
66.815422	0.092880	65
66.908302	0.232193	67
67.140495	0.278641	68
67.419136	0.290253	69
67.709389	0.208977	73
67.918365	0.243813	74
68.162178	0.278641	74
68.440819	0.255417	0
68.696236	0.243813	0
68.940048	0.243805	0
69.183853	0.243813	0
69.427666	0.255417	0
69.683083	0.243813	81
69.926895	0.255417	77
70.182312	0.255417	81
70.437729	0.127716	81
70.565445	0.359909	73
70.925354	0.278633	71
71.203987	0.232201	71
71.436188	0.278641	71
71.714828	0.232201	71
71.947029	0.243813	71
72.190842	0.255417	71
72.446259	0.255417	72
72.701675	0.243813	78
72.945488	0.267029	74
73.212517	0.267029	70
73.479546	0.255417	71
73.734962	0.232201	71
73.967163	0.150932	71
74.118095	0.116096	70
74.234192	0.232201	0
74.466393	0.267029	73
74.733421	0.069664	72
74.803085	0.429565	72
75.232651	0.139320	71
75.371971	0.127708	0
75.499680	0.510841	70
76.010521	0.243813	71
76.254333	0.243805	71
76.498138	0.255424	69
76.753563	0.255417	0
77.008980	0.243813	0
77.252792	0.127708	69
77.380501	0.127708	71
77.508209	0.267029	71
77.775238	0.232201	71
78.007439	0.267029	71
78.274467	0.092880	71
78.367348	0.150932	72
78.518280	0.243805	71
78.762085	0.243813	71
79.005898	0.255417	64
79.261314	0.127708	59
79.389023	0.127708	69
79.516731	0.255424	71
79.772156	0.243805	71
80.015961	0.220596	66
80.236557	0.290245	78
80.526802	0.255417	75
80.782219	0.243813	70
81.026031	0.243813	71
81.269844	0.232193	69
81.502037	0.267036	69
81.769073	0.243805	69
82.012878	0.243813	69
82.256691	0.255417	68
82.512108	0.232201	70
82.744308	0.267029	67
83.011337	0.174149	68
83.185486	0.336693	67
83.522179	0.243805	66
83.765984	0.255424	66
84.021408	0.243805	72
84.265213	0.255424	73
84.520638	0.255417	67
84.776054	0.232201	0
85.008255	0.267029	73
85.275284	0.243813	76
85.519096	0.243805	81
85.762901	0.267029	75
86.029930	0.255424	74
86.285355	0.243805	81
86.529160	0.255424	73
86.784584	0.255417	66
87.040001	0.162537	69
87.202538	0.348305	70
87.550842	0.267029	71
87.817871	0.243805	71
88.061676	0.255424	72
88.317101	0.255417	72
88.572517	0.232201	72
88.804718	0.220589	72
89.025307	0.267029	73
89.292336	0.267029	73
89.559364	0.255417	70
89.814781	0.232201	69
90.046982	0.255424	0
90.302406	0.232201	82
90.534607	0.267029	81
90.801636	0.243805	0
91.045441	0.174149	61
91.219589	0.174149	62
91.393738	0.162544	71
91.556282	0.255417	71
91.811699	0.243813	67
92.055511	0.243805	60
92.299316	0.267036	60
92.566353	0.162537	63
92.728889	0.336685	62
93.065575	0.255424	61
93.320999	0.255417	61
93.576416	0.232201	61
93.808617	0.243813	61
94.052429	0.255417	52
94.307846	0.243813	50
94.551659	0.243805	0
94.795464	0.162544	0
94.958008	0.081268	0
95.039276	0.185760	0
95.225037	0.313469	61
95.538506	0.267029	56
95.805534	0.220589	59
96.026123	0.406349	59
96.432472	0.092880	60
96.525352	0.499229	61
97.024582	0.243805	61
97.268387	0.278641	62
97.547028	0.220589	61
97.767616	0.243813	62
98.011429	0.243813	62
98.255241	0.150925	0
98.406166	0.104492	0
98.510658	0.243813	0
98.754471	0.139313	0
98.893784	0.116104	75
99.009888	0.499229	67
99.509117	0.255417	63
99.764534	0.232201	63
99.996735	0.255417	62
100.252151	0.255424	62
100.507576	0.394737	61
100.902313	0.394737	62
101.297050	0.116104	61
101.413155	0.116096	59
101.529251	0.243813	60
101.773064	0.243805	63
102.016869	0.255424	62
102.272293	0.243805	61
102.516098	0.267029	62
102.783127	0.243813	66
103.026939	0.510841	65
103.537781	0.290245	56
103.828026	0.116104	0
103.944130	0.162537	59
104.106667	0.127708	59
104.234375	0.359909	57
104.594284	0.220589	54
104.814873	0.139320	54
104.954193	0.510841	54
105.465034	0.278641	54
105.743675	0.545670	56
106.289345	0.278641	61
106.567986	0.243805	59
106.811790	0.267029	55
107.078819	0.534058	78
107.612877	0.255424	78
107.868301	0.243805	78
108.112106	0.267029	71
108.379135	0.243813	71
108.622948	0.255417	71
108.878365	0.255424	0
109.133789	0.255417	0
109.389206	0.267029	71
109.656235	0.290253	78
109.946487	0.220589	74
110.167076	0.255417	73
110.422493	0.116104	72
110.538597	0.139320	72
110.677917	0.232193	75
110.910110	0.278641	84
111.188751	0.267029	77
111.455780	0.232201	75
111.687981	0.267029	73
111.955009	0.267029	75
112.222038	0.232201	71
112.454239	0.255424	77
112.709663	0.255417	70
112.965080	0.243805	71
113.208885	0.278641	75
113.487526	0.232201	74
113.719727	0.278641	73
113.998367	0.243813	0
114.242180	0.255417	74
114.497597	0.255417	71
114.753014	0.267029	70
115.020042	0.243813	70
115.263855	0.255417	70
115.519272	0.243813	71
115.763084	0.557281	79
116.320366	0.243805	79
116.564171	0.243813	75
116.807983	0.510834	78
117.318817	0.243813	79
117.562630	0.255417	79
117.818047	0.499229	80
118.317276	0.267029	81
118.584305	0.255424	81
118.839729	0.510841	79
119.350571	0.243805	79
119.594376	0.243813	79
119.838188	0.267029	79
120.105217	0.243805	77
120.349022	0.243813	77
120.592834	0.243813	77
120.836647	0.290245	77
121.126892	0.232201	77
121.359093	0.243813	84
121.602905	0.267029	84
121.869934	0.243805	84
122.113739	0.255424	81
122.369164	0.255417	81
122.624580	0.243813	81
122.868393	0.255417	81
123.123810	0.232201	81
123.356010	0.255417	80
123.611427	0.278641	77
123.890068	0.243813	72
124.133881	0.243805	74
124.377686	0.255424	79
124.633110	0.232193	81
124.865303	0.255424	81
125.120728	0.267029	81
125.387756	0.243805	74
125.631561	0.267036	78
125.898598	0.232193	79
126.130791	0.278641	83
126.409431	0.255424	83
126.664856	0.267029	82
126.931885	0.243805	78
127.175690	0.267029	78
127.442719	0.243813	80
127.686531	0.232201	80
127.918732	0.278641	78
128.197372	0.255417	78
128.452789	0.243805	76
128.696594	0.243820	75
128.940414	0.267029	74
129.207443	0.243805	0
129.451248	0.267029	79
129.718277	0.243805	79
129.962082	0.267029	80
130.229111	0.255417	81
130.484528	0.522461	81
131.006989	0.243805	79
131.250793	0.255417	78
131.506210	0.255417	78
131.761627	0.243820	78
132.005447	0.267029	78
132.272476	0.220581	78
132.493057	0.034836	78
132.527893	0.243805	78
132.771698	0.243805	81
133.015503	0.290253	84
133.305756	0.220596	84
133.526352	0.267029	80
133.793381	0.139313	79
133.932693	0.139328	82
134.072021	0.487610	79
134.559631	0.255432	79
134.815063	0.267029	80
135.082092	0.267029	79
135.349121	0.243805	79
135.592926	0.255417	77
135.848343	0.255417	79
136.103760	0.267029	78
136.370789	0.243820	70
136.614609	0.278641	70
136.893250	0.267029	71
137.160278	0.232193	76
137.392471	0.348297	75
137.740768	0.174149	75
137.914917	0.232208	73
138.147125	0.267029	72
138.414154	0.243805	71
138.657959	0.243805	75
138.901764	0.243820	81
139.145584	0.255417	74
139.401001	0.267029	73
139.668030	0.162537	64
139.830566	0.336685	69
140.167252	0.499237	71
140.666489	0.499222	62
141.165710	0.278641	60
141.444351	0.208984	60
141.653336	0.034821	60
141.688156	0.394745	62
142.082901	0.116104	62
142.199005	0.232193	62
142.431198	0.243820	62
142.675018	0.243805	61
142.918823	0.139313	61
143.058136	0.104492	61
143.162628	0.267029	62
143.429657	0.243805	61
143.673462	0.197372	61
143.870834	0.348297	60
144.219131	0.197372	59
144.416504	0.278641	59
144.695145	0.255417	60
144.950562	0.267029	60
145.217590	0.243820	66
145.461411	0.243805	60
145.705215	0.267029	61
145.972244	0.243805	62
146.216049	0.220596	61
146.436646	0.174149	62
146.610794	0.092880	62
146.703674	0.255417	62
146.959091	0.139328	62
147.098419	0.092880	62
147.191299	0.255417	72
147.446716	0.243805	54
147.690521	0.197372	60
147.887894	0.058044	0
147.945938	0.255417	66
148.201355	0.243820	68
148.445175	0.255417	71
148.700592	0.243805	72
148.944397	0.255417	71
149.199814	0.267029	71
149.466843	0.220596	72
149.687439	0.278641	73
149.966080	0.116104	69
150.082184	0.116089	69
150.198273	0.243820	69
150.442093	0.243805	69
150.685898	0.267029	62
150.952927	0.220581	0
151.173508	0.243820	69
151.417328	0.243805	0
151.661133	0.220596	66
151.881729	0.301849	67
152.183578	0.255417	65
152.438995	0.243820	63
152.682816	0.475998	63
153.158813	0.406357	60
153.565170	0.127716	74
153.692886	0.232193	63
153.925079	0.232193	64
154.157272	0.243820	69
154.401093	0.255417	66
154.656509	0.243805	66
154.900314	0.150940	67
155.051254	0.104477	67
155.155731	0.255432	66
155.411163	0.139313	67
155.550476	0.104492	67
155.654968	0.255417	66
155.910385	0.127716	66
156.038101	0.116089	0
156.154190	0.267029	69
156.421219	0.127716	0
156.548935	0.127716	72
156.676651	0.139313	71
156.815964	0.116104	71
156.932068	0.127701	70
157.059769	0.116104	72
157.175873	0.232193	72
157.408066	0.139328	66
157.547394	0.116104	67
157.663498	0.243805	74
157.907303	0.150925	67
158.058228	0.104492	66
158.162720	0.243805	66
158.406525	0.150940	67
158.557465	0.104492	72
158.661957	0.255417	71
158.917374	0.243805	67
159.161179	0.243805	66
159.404984	0.127716	0
159.532700	0.116104	0
159.648804	0.267029	58
159.915833	0.139313	61
160.055145	0.104492	62
160.159637	0.255417	61
160.415054	0.255417	56
160.670471	0.232208	59
160.902679	0.267029	66
161.169708	0.243805	57
161.413513	0.255417	55
161.668930	0.255417	66
161.924347	0.243820	66
162.168167	0.267029	66
162.435196	0.243805	0
162.679001	0.255417	66
162.934418	0.255417	67
163.189835	0.255432	67
163.445267	0.243805	71
163.689072	0.267029	72
163.956100	0.220596	66
164.176697	0.267029	68
164.443726	0.220581	78
164.664307	0.278641	72
164.942947	0.243805	74
165.186752	0.255432	69
165.442184	0.255417	66
165.697601	0.464401	67
166.162003	0.568878	67
166.730881	0.661774	65
167.392654	0.789474	65
168.182129	0.905579	67
169.087708	0.406357	0
169.494064	3.488800	0
