1.102948	0.139320	60
1.242268	0.243809	62
1.486077	0.220590	65
1.706667	0.208980	69
1.915646	0.325079	67
2.240726	0.208980	64
2.449705	0.417959	66
2.867664	0.383129	63
3.250794	0.394739	63
3.645533	0.394739	62
4.040272	0.197370	58
4.237642	0.185760	58
4.423401	0.220590	60
4.643991	0.174150	64
4.818141	0.406349	65
5.224490	0.208980	0
5.433469	0.197370	63
5.630839	0.197370	60
5.828208	0.185760	59
6.013968	0.220589	59
6.234558	0.174150	59
6.408708	0.220590	63
6.629297	0.174150	63
6.803447	0.406349	61
7.209796	0.208980	0
7.418776	0.185760	60
7.604535	0.208980	60
7.813515	0.208980	64
8.022494	0.208980	60
8.231474	0.174150	60
8.405623	0.197370	66
8.602993	0.197370	63
8.800363	0.394739	63
9.195102	0.208980	63
9.404081	0.197370	65
9.601451	0.208980	55
9.810431	0.185760	63
9.996190	0.208980	57
10.205170	0.197370	61
10.402539	0.197370	62
10.599909	0.185760	62
10.785669	0.208980	60
10.994649	0.185760	58
11.180408	0.220590	54
11.400998	0.174150	53
11.575148	0.394739	59
11.969887	0.208980	58
12.178866	0.185760	55
12.364626	0.371519	59
12.736145	0.034830	60
12.770975	0.185760	61
12.956735	0.197370	62
13.154104	0.220590	56
13.374694	0.185760	55
13.560453	0.232200	60
13.792653	0.197370	59
13.990023	0.197370	60
14.187392	0.174150	62
14.361542	0.301860	62
14.663402	0.301859	59
14.965261	0.197370	62
15.162630	0.383129	57
15.545759	0.208980	0
15.754739	0.185760	0
15.940499	0.220590	56
16.161089	0.174149	56
16.335238	0.208981	0
16.544218	0.185759	0
16.729977	0.185760	46
16.915737	0.220589	60
17.136326	0.197371	62
17.333696	0.197369	62
17.531065	0.301861	61
17.832926	0.081268	59
17.914194	0.208981	59
18.123175	0.185760	60
18.308935	0.162539	59
18.471474	0.232201	59
18.703674	0.197369	57
18.901043	0.185760	48
19.086803	0.220589	0
19.307392	0.174150	0
19.481543	0.232199	60
19.713741	0.185760	67
19.899502	0.185759	0
20.085260	0.197371	59
20.282631	0.232199	60
20.514830	0.174150	55
20.688980	0.313469	62
21.002449	0.092880	63
21.095329	0.116098	62
21.211428	0.290251	62
21.501678	0.185759	60
21.687437	0.208981	61
21.896418	0.406349	58
22.302767	0.185759	53
22.488525	0.208981	59
22.697506	0.197369	0
22.894875	0.197371	60
23.092245	0.208979	58
23.301224	0.185760	58
23.486984	0.197369	58
23.684353	0.127710	58
23.812063	0.081270	60
23.893333	0.197369	60
24.090702	0.197371	60
24.288073	0.197371	59
24.485443	0.197369	60
24.682812	0.197371	60
24.880182	0.185759	55
25.065941	0.208981	57
25.274921	0.185759	60
25.460680	0.208981	59
25.669661	0.174149	60
25.843809	0.406349	60
26.250158	0.185760	50
26.435919	0.220589	53
26.656507	0.197371	55
26.853878	0.162539	55
27.016417	0.255421	59
27.271837	0.185759	58
27.457596	0.394739	57
27.852335	0.220591	56
28.072926	0.162539	56
28.235464	0.208981	57
28.444445	0.185759	0
28.630203	0.220591	56
28.850794	0.174149	56
29.024942	0.220591	56
29.245533	0.185759	44
29.431292	0.197371	46
29.628662	0.197371	57
29.826033	0.220589	61
30.046621	0.092880	57
30.139502	0.452789	58
30.592291	0.243809	62
30.836100	0.150930	58
30.987030	0.255419	62
31.242449	0.150930	60
31.393379	0.220589	60
31.613968	0.174150	48
31.788118	0.220591	53
32.008709	0.174149	55
32.182858	0.232201	59
32.415058	0.185757	0
32.600815	0.104492	48
32.705307	0.301857	61
33.007164	0.220592	62
33.227757	0.174149	60
33.401905	0.394737	61
33.796642	0.232201	60
34.028843	0.174149	62
34.202991	0.174152	0
34.377144	0.220589	59
34.597733	0.197369	60
34.795101	0.185760	58
34.980862	0.313469	52
35.294331	0.092880	59
35.387211	0.208981	59
35.596191	0.185760	60
35.781952	0.174149	58
35.956100	0.220589	59
36.176689	0.197369	60
36.374058	0.162540	60
36.536598	0.220589	58
36.757187	0.197372	58
36.954559	0.232197	59
37.186756	0.185760	57
37.372517	0.208981	48
37.581497	0.185760	47
37.767258	0.208977	0
37.976234	0.174152	48
38.150387	0.197369	61
38.347755	0.208981	61
38.556736	0.197369	60
38.754105	0.174149	60
38.928253	0.150932	58
39.079185	0.290249	62
39.369434	0.174149	62
39.543583	0.092880	0
39.636463	0.348297	62
39.984760	0.185760	60
40.170521	0.348301	62
40.518822	0.243809	47
40.762630	0.162540	46
40.925171	0.220589	65
41.145760	0.150928	0
41.296688	0.150932	58
41.447620	0.127708	58
41.575329	0.150928	61
41.726257	0.208981	56
41.935238	0.174149	62
42.109386	0.174152	57
42.283539	0.232197	59
42.515736	0.197372	59
42.713108	0.092876	60
42.805984	0.116100	0
42.922085	0.371521	61
43.293606	0.220589	56
43.514194	0.197369	60
43.711563	0.208981	58
43.920544	0.185760	55
44.106304	0.197369	54
44.303673	0.174149	55
44.477821	0.220592	62
44.698414	0.162540	61
44.860954	0.243809	60
45.104763	0.174149	55
45.278912	0.139320	58
45.418232	0.081268	60
45.499500	0.197369	62
45.696869	0.197372	62
45.894241	0.174149	0
46.068390	0.417961	60
46.486351	0.220589	62
46.706940	0.197369	62
46.904308	0.174149	48
47.078457	0.208981	46
47.287437	0.197369	45
47.484806	0.197372	53
47.682178	0.197369	53
47.879547	0.116100	57
47.995647	0.092880	58
48.088528	0.220589	62
48.309116	0.174149	62
48.483265	0.116100	44
48.599365	0.267029	49
48.866394	0.197369	60
49.063763	0.162540	60
49.226303	0.046440	60
49.272743	0.371521	58
49.644264	0.174149	57
49.818413	0.232201	57
50.050613	0.220589	50
50.271202	0.185760	48
50.456963	0.197369	0
50.654331	0.185760	48
50.840092	0.220589	53
51.060680	0.174149	0
51.234829	0.220589	48
51.455418	0.185760	46
51.641178	0.208981	48
51.850159	0.185760	48
52.035919	0.197369	47
52.233288	0.197369	48
52.430656	0.185760	55
52.616417	0.208981	55
52.825397	0.208981	55
53.034378	0.208977	56
53.243355	0.197372	56
53.440727	0.185757	0
53.626484	0.197372	0
53.823856	0.197369	0
54.021225	0.174149	56
54.195374	0.220589	58
54.415962	0.232201	60
54.648163	0.150928	60
54.799091	0.197372	58
54.996464	0.208977	58
55.205441	0.208981	58
55.414421	0.197369	58
55.611790	0.371521	57
55.983311	0.185760	53
56.169071	0.220589	0
56.389660	0.208981	0
56.598640	0.185760	60
56.784401	0.208977	51
56.993378	0.150932	0
57.144310	0.243809	57
57.388119	0.197369	55
57.585487	0.208981	59
57.794468	0.185760	63
57.980228	0.208977	60
58.189205	0.185760	60
58.374966	0.208981	58
58.583946	0.185760	60
58.769707	0.394737	55
59.164444	0.406349	56
59.570793	0.394741	56
59.965534	0.208977	60
60.174511	0.185760	60
60.360271	0.406349	60
60.766621	0.383129	53
61.149750	0.220589	57
61.370338	0.185760	53
61.556099	0.197369	56
61.753468	0.185760	47
61.939228	0.406349	53
62.345577	0.232201	53
62.577778	0.174149	53
62.751926	0.197372	48
62.949299	0.197369	54
63.146667	0.208981	48
63.355648	0.174149	48
63.529797	0.406349	60
63.936146	0.394741	59
64.330887	0.208977	60
64.539864	0.185760	60
64.725624	0.232201	55
64.957825	0.150925	55
65.108749	0.220596	61
65.329346	0.092880	60
65.422226	0.301857	62
65.724083	0.197365	60
65.921448	0.383133	62
66.304581	0.208977	63
66.513557	0.394745	58
66.908302	0.394737	59
67.303040	0.208977	59
67.512016	0.197372	57
67.709389	0.185760	56
67.895149	0.197365	56
68.092514	0.185760	54
68.278275	0.220589	60
68.498863	0.185760	62
68.684624	0.232201	62
68.916824	0.174149	59
69.090973	0.116104	55
69.207077	0.243805	55
69.450882	0.220589	62
69.671471	0.197372	62
69.868843	0.174149	62
70.042992	0.232201	63
70.275192	0.174149	62
70.449341	0.208984	61
70.658325	0.394737	55
71.053062	0.197365	59
71.250427	0.092880	60
71.343307	0.325081	60
71.668388	0.139320	58
71.807709	0.336693	55
72.144402	0.127708	55
72.272110	0.208977	58
72.481087	0.058052	59
72.539139	0.116096	58
72.655235	0.197372	56
72.852608	0.208977	59
73.061584	0.174156	59
73.235741	0.208977	58
73.444717	0.383125	58
73.827843	0.243813	59
74.071655	0.162537	58
74.234192	0.197372	54
74.431564	0.220589	54
74.652153	0.197372	54
74.849525	0.162537	51
75.012062	0.220589	51
75.232651	0.197372	54
75.430023	0.371521	48
75.801544	0.208977	60
76.010521	0.220589	51
76.231110	0.208984	0
76.440094	0.174149	54
76.614243	0.232201	61
76.846443	0.162537	60
77.008980	0.232201	60
77.241180	0.174149	59
77.415329	0.197372	61
77.612701	0.185753	57
77.798454	0.243813	61
78.042267	0.162537	60
78.204803	0.406349	61
78.611153	0.383133	59
78.994286	0.208977	62
79.203262	0.208984	63
79.412247	0.185760	62
79.598007	0.197365	63
79.795372	0.185760	62
79.981133	0.208984	59
80.190117	0.394737	56
80.584854	0.197365	56
80.782219	0.197372	54
80.979591	0.208977	60
81.188568	0.197372	62
81.385941	0.232201	62
81.618141	0.174149	60
81.792290	0.371521	56
82.163811	0.208977	62
82.372787	0.220589	62
82.593376	0.174149	63
82.767525	0.197372	63
82.964897	0.208977	60
83.173874	0.197372	60
83.371246	0.394737	62
83.765984	0.197372	74
83.963356	0.185760	67
84.149117	0.197372	67
84.346489	0.208977	62
84.555466	0.232201	64
84.787666	0.185760	61
84.973427	0.383125	65
85.356552	0.185760	65
85.542313	0.208977	66
85.751289	0.232201	64
85.983490	0.150932	61
86.134422	0.325081	64
86.459503	0.092880	63
86.552383	0.116096	62
86.668480	0.104492	0
86.772972	0.162537	65
86.935509	0.174149	65
87.109657	0.243813	65
87.353470	0.325081	64
87.678551	0.267029	63
87.945580	0.185760	60
88.131340	0.208977	60
88.340317	0.185760	60
88.526077	0.197372	59
88.723450	0.185753	66
88.909203	0.197372	63
89.106575	0.208977	64
89.315552	0.197372	60
89.512924	0.174149	60
89.687073	0.417961	60
90.105034	0.650162	70
90.755196	0.162537	70
90.917732	0.301857	0
91.219589	0.464401	68
91.683990	0.197372	68
91.881363	0.394737	69
92.276100	0.197372	67
92.473473	0.220589	62
92.694061	0.185760	64
92.879822	0.208977	64
93.088799	0.174149	63
93.262947	0.197372	64
93.460320	0.208977	56
93.669296	0.208977	56
93.878273	0.185760	61
94.064034	0.162544	62
94.226578	0.208977	64
94.435555	0.267029	51
94.702583	0.139320	46
94.841904	0.208984	0
95.050888	0.197365	46
95.248253	0.232201	53
95.480453	0.162537	53
95.642990	0.220596	54
95.863586	0.185753	60
96.049339	0.220596	61
96.269936	0.174149	59
96.444084	0.208977	56
96.653061	0.197372	50
96.850433	0.208977	54
97.059410	0.174149	58
97.233559	0.417961	53
97.651520	0.208977	48
97.860497	0.174149	48
98.034645	0.197372	60
98.232018	0.208977	62
98.440994	0.220596	0
98.661591	0.174149	55
98.835739	0.208977	51
99.044716	0.185760	65
99.230476	0.220589	64
99.451065	0.185760	63
99.636826	0.197372	0
99.834198	0.046440	65
99.880638	0.150925	65
100.031563	0.394737	64
100.426300	0.220596	56
100.646896	0.174149	0
100.821045	0.197365	0
101.018410	0.208984	62
101.227394	0.197365	59
101.424759	0.127716	57
101.552475	0.081268	61
101.633743	0.197365	62
101.831108	0.174156	65
102.005264	0.232193	66
102.237457	0.174156	61
102.411613	0.208977	60
102.620590	0.185760	60
102.806351	0.208977	59
103.015327	0.174149	69
103.189476	0.220589	75
103.410065	0.208984	74
103.619049	0.197365	74
103.816414	0.185760	60
104.002174	0.232201	59
104.234375	0.185760	59
104.420135	0.197372	60
104.617508	0.255417	62
104.872925	0.290253	63
105.163177	0.301857	60
105.465034	0.127708	63
105.592743	0.208977	63
105.801720	0.174156	56
105.975876	0.208977	0
106.184853	0.185760	0
106.370613	0.185760	51
106.556374	0.208977	55
106.765350	0.208984	56
106.974335	0.185753	56
107.160088	0.185760	46
107.345848	0.208984	47
107.554832	0.197365	62
107.752197	0.197372	46
107.949570	0.301857	62
108.251427	0.104492	58
108.355919	0.208977	59
108.564896	0.185760	59
108.750656	0.197372	48
108.948029	0.197365	48
109.145393	0.197372	47
109.342766	0.185760	47
109.528526	0.220589	0
109.749115	0.185760	0
109.934875	0.394737	59
110.329613	0.150932	59
110.480545	0.127708	59
110.608253	0.139320	60
110.747574	0.174149	60
110.921722	0.220589	62
111.142311	0.290253	63
111.432564	0.104485	62
111.537048	0.197372	62
111.734421	0.197372	62
111.931793	0.185760	62
112.117554	0.208977	55
112.326530	0.208977	58
112.535507	0.185760	56
112.721268	0.232201	59
112.953468	0.092880	59
113.046349	0.069664	59
113.116013	0.383125	59
113.499138	0.208977	58
113.708115	0.197372	58
113.905487	0.197372	58
114.102859	0.197365	55
114.300224	0.208984	58
114.509209	0.104485	58
114.613693	0.092880	59
114.706573	0.197372	58
114.903946	0.197372	59
115.101318	0.197365	58
115.298683	0.197372	55
115.496056	0.208977	53
115.705032	0.174149	48
115.879181	0.220589	50
116.099770	0.174156	50
116.273926	0.232193	0
116.506119	0.174156	0
116.680275	0.197365	65
116.877640	0.162544	54
117.040184	0.243805	55
117.283989	0.162544	55
117.446533	0.034828	0
117.481361	0.232201	59
117.713562	0.174149	58
117.887711	0.383125	56
118.270836	0.394745	55
118.665581	0.208977	51
118.874557	0.185760	46
119.060318	0.220589	55
119.280907	0.174149	56
119.455055	0.220589	57
119.675644	0.174149	56
119.849792	0.208984	57
120.058777	0.174149	0
120.232925	0.232201	62
120.465126	0.197365	47
120.662491	0.313477	60
120.975967	0.278633	60
121.254601	0.197372	62
121.451973	0.208977	62
121.660950	0.174149	59
121.835098	0.208984	56
122.044083	0.185760	48
122.229843	0.208977	46
122.438820	0.174149	0
122.612968	0.232201	67
122.845169	0.162544	58
123.007713	0.174149	48
123.181862	0.232201	61
123.414062	0.208977	63
123.623039	0.197372	63
123.820412	0.348297	61
124.168709	0.185760	61
124.354469	0.255417	60
124.609886	0.383133	62
124.993019	0.208977	62
125.201996	0.197372	60
125.399368	0.197365	56
125.596733	0.197372	60
125.794106	0.197365	60
125.991470	0.208984	60
126.200455	0.197365	49
126.397820	0.197372	59
126.595192	0.197372	60
126.792564	0.174149	47
126.966713	0.185760	56
127.152473	0.208977	58
127.361450	0.243813	59
127.605263	0.162537	59
127.767799	0.220589	55
127.988388	0.197372	54
128.185760	0.185760	0
128.371521	0.208984	0
128.580505	0.185760	60
128.766266	0.197357	60
128.963623	0.208984	60
129.172607	0.174149	59
129.346756	0.464401	62
129.811157	0.162537	0
129.973694	0.092880	0
130.066574	0.336685	61
130.403259	0.174149	59
130.577408	0.394745	62
130.972153	0.232208	58
131.204361	0.150925	64
131.355286	0.208984	64
131.564270	0.185745	0
131.750015	0.150940	58
131.900955	0.255417	60
132.156372	0.127716	60
132.284088	0.104477	46
132.388565	0.162552	61
132.551117	0.208969	49
132.760086	0.197372	59
132.957458	0.197372	60
133.154831	0.197372	56
133.352203	0.394730	51
133.746933	0.208984	58
133.955917	0.174149	44
134.130066	0.232208	54
134.362274	0.162537	54
134.524811	0.208969	50
134.733780	0.185760	48
134.919540	0.220596	55
135.140137	0.174149	58
135.314285	0.220596	59
135.534882	0.185760	58
135.720642	0.116089	58
135.836731	0.301865	61
136.138596	0.185760	60
136.324356	0.174149	55
136.498505	0.406342	61
136.904846	0.220596	62
137.125443	0.208984	62
137.334427	0.162537	59
137.496964	0.220581	57
137.717545	0.197372	53
137.914917	0.197372	47
138.112289	0.174149	53
138.286438	0.127716	53
138.414154	0.116089	57
138.530243	0.197372	62
138.727615	0.174149	62
138.901764	0.127716	59
139.029480	0.267029	58
139.296509	0.197372	60
139.493881	0.162537	60
139.656418	0.046432	56
139.702850	0.371521	58
140.074371	0.162552	58
140.236923	0.255417	57
140.492340	0.174149	56
140.666489	0.220581	56
140.887070	0.197372	56
141.084442	0.127716	47
141.212158	0.081268	48
141.293427	0.197372	43
141.490799	0.185760	57
141.676559	0.220581	47
141.897141	0.174149	46
142.071289	0.208984	48
142.280273	0.185760	48
142.466034	0.197372	0
142.663406	0.197357	48
142.860764	0.197372	55
143.058136	0.208984	55
143.267120	0.208984	55
143.476105	0.197357	55
143.673462	0.197372	47
143.870834	0.197372	44
144.068207	0.197372	56
144.265579	0.185760	56
144.451340	0.197372	51
144.648712	0.220581	58
144.869293	0.220596	59
145.089890	0.174149	60
145.264038	0.185760	0
145.449799	0.208984	57
145.658783	0.197357	58
145.856140	0.197372	58
146.053513	0.208984	57
146.262497	0.185760	56
146.448257	0.185760	53
146.634018	0.208969	59
146.842987	0.197372	57
147.040359	0.185760	55
147.226120	0.208984	51
147.435104	0.185760	48
147.620865	0.208969	65
147.829834	0.185760	67
148.015594	0.208984	66
148.224579	0.185760	63
148.410339	0.208984	60
148.619324	0.197372	60
148.816696	0.208969	62
149.025665	0.185760	48
149.211426	0.394745	54
149.606171	0.394730	57
150.000900	0.255432	60
150.256332	0.150925	60
150.407257	0.197372	60
150.604630	0.197372	0
150.802002	0.394730	51
151.196732	0.394745	57
151.591476	0.220581	48
151.812057	0.185760	46
151.997818	0.394745	50
152.392563	0.394745	53
152.787308	0.220581	58
153.007889	0.185760	59
153.193649	0.208984	55
153.402634	0.185760	60
153.588394	0.208969	55
153.797363	0.174149	55
153.971512	0.406357	55
154.377869	0.394745	57
154.772614	0.406342	60
155.178955	0.383133	55
155.562088	0.197372	58
155.759460	0.185760	55
155.945221	0.197357	63
156.142578	0.208984	63
156.351562	0.359909	62
156.711472	0.290253	64
157.001724	0.150925	63
157.152649	0.359909	66
157.512558	0.220596	65
157.733154	0.359909	64
158.093063	0.638550	63
158.731613	0.232193	59
158.963806	0.359909	67
159.323715	0.208984	0
159.532700	0.464401	65
159.997101	0.348297	65
160.345398	0.348297	66
160.693695	0.336685	65
161.030380	0.255432	65
161.285812	0.197357	63
161.483170	0.417969	63
161.901138	0.394730	0
162.295868	0.220596	59
162.516464	0.197372	67
162.713837	0.638550	65
163.352386	0.139313	65
163.491699	0.383133	70
163.874832	0.116104	0
163.990936	0.429565	64
164.420502	0.081268	62
164.501770	0.197372	62
164.699142	0.371521	0
165.070663	0.615326	56
165.685989	0.174149	0
165.860138	0.406342	65
166.266479	0.417969	63
166.684448	0.232193	62
166.916641	0.162537	65
167.079178	0.208984	57
167.288162	0.081268	66
167.369431	0.301865	63
167.671295	0.104492	63
167.775787	0.278641	60
168.054428	0.208969	63
168.263397	0.185760	62
168.449158	0.208984	65
168.658142	0.220581	65
168.878723	0.174164	64
169.052887	0.232193	65
169.285080	0.162537	67
169.447617	0.476013	63
169.923630	0.278641	66
170.202271	0.255417	66
170.457687	0.371521	65
170.829208	0.197372	63
171.026581	0.208969	60
171.235550	0.197372	60
171.432922	0.162537	60
171.595459	0.232208	60
171.827667	0.197372	60
172.025040	0.174149	65
172.199188	0.220581	65
172.419769	0.197372	67
172.617142	0.150925	67
172.768066	0.441193	64
173.209259	0.127701	55
173.336960	0.278641	63
173.615601	0.104492	66
173.720093	0.243805	66
173.963898	0.243805	60
174.207703	0.220596	63
174.428299	0.197372	60
174.625671	0.185760	60
174.811432	0.185760	60
174.997192	0.208969	60
175.206161	0.208984	64
175.415146	0.220596	67
175.635742	0.174149	67
175.809891	0.232193	67
176.042084	0.174149	67
176.216232	0.092880	66
176.309113	0.290253	66
176.599365	0.278641	65
176.878006	0.313461	64
177.191467	0.197372	62
177.388840	0.220596	59
177.609436	0.174149	54
177.783585	0.174149	55
177.957733	0.208984	62
178.166718	0.232193	64
178.398911	0.150925	63
178.549835	0.243820	64
178.793655	0.174149	62
178.967804	0.406342	64
179.374146	0.139328	63
179.513474	0.243805	65
179.757278	0.348297	65
180.105576	0.243805	65
180.349380	0.185760	63
180.535141	0.232208	62
180.767349	0.197372	63
180.964722	0.197357	63
181.162079	0.197372	66
181.359451	0.208984	64
181.568436	0.174149	59
181.742584	0.232193	64
181.974777	0.162552	63
182.137329	0.592102	65
182.729431	0.208984	66
182.938416	0.220581	65
183.158997	0.290253	64
183.449249	0.092880	63
183.542130	0.174149	62
183.716278	0.208984	59
183.925262	0.197372	60
184.122635	0.185760	0
184.308395	0.197357	60
184.505753	0.208984	67
184.714737	0.185760	66
184.900497	0.220596	65
185.121094	0.185760	66
185.306854	0.232193	64
185.539047	0.185760	65
185.724808	0.290253	65
186.015060	0.116089	65
186.131149	0.197372	65
186.328522	0.046448	66
186.374969	0.150925	65
186.525894	0.197372	63
186.723267	0.185760	61
186.909027	0.208984	66
187.118011	0.197357	63
187.315369	0.185760	60
187.501129	0.208984	60
187.710114	0.208984	60
187.919098	0.185760	61
188.104858	0.220581	66
188.325439	0.162537	65
188.487976	0.220596	64
188.708572	0.185760	63
188.894333	0.359909	64
189.254242	0.243805	65
189.498047	0.197372	65
189.695419	0.174149	64
189.869568	0.208984	62
190.078552	0.208969	62
190.287521	0.208984	65
190.496506	0.185760	62
190.682266	0.197372	64
190.879639	0.208984	63
191.088623	0.185760	63
191.274384	0.290237	63
191.564621	0.116104	63
191.680725	0.313477	65
191.994202	0.243805	63
192.238007	0.220581	66
192.458588	0.371521	66
192.830109	0.232208	65
193.062317	0.208969	63
193.271286	0.383133	60
193.654419	0.220596	62
193.875015	0.197372	71
194.072388	0.267029	67
194.339417	0.116089	56
194.455505	0.383133	63
194.838638	0.197372	65
195.036011	0.197372	60
195.233383	0.394730	58
195.628113	0.394745	64
196.022858	0.208984	56
196.231842	0.174149	56
196.405991	0.208969	56
196.614960	0.208984	55
196.823944	0.394745	55
197.218689	0.394730	56
197.613419	0.208984	55
197.822403	0.185760	55
198.008163	0.197372	62
198.205536	0.208969	60
198.414505	0.208984	60
198.623489	0.174149	60
198.797638	0.359909	55
199.157547	0.255417	57
199.412964	0.185760	60
199.598724	0.197372	59
199.796097	0.197372	51
199.993469	0.220596	50
200.214066	0.174149	0
200.388214	0.232193	53
200.620407	0.162537	55
200.782944	0.406357	56
201.189301	0.197372	55
201.386673	0.208969	55
201.595642	0.197372	55
201.793015	0.162537	55
201.955551	0.406357	52
202.361908	0.232193	50
202.594101	0.174149	50
202.768250	0.208984	49
202.977234	0.197372	58
203.174606	0.383133	59
203.557739	0.383118	55
203.940857	0.232208	59
204.173065	0.174149	60
204.347214	0.208969	59
204.556183	0.185760	59
204.741943	0.220596	62
204.962540	0.174149	62
205.136688	0.406357	66
205.543045	0.208969	60
205.752014	0.185760	60
205.937775	0.208984	71
206.146759	0.185760	72
206.332520	0.394730	70
206.727249	0.417969	55
207.145218	0.208984	65
207.354202	0.185745	65
207.539948	0.197372	64
207.737320	0.208984	60
207.946304	0.394745	67
208.341049	0.220581	64
208.561630	0.185760	65
208.747391	0.197372	65
208.944763	0.185760	65
209.130524	0.197372	62
209.327896	0.197357	55
209.525253	0.394745	55
209.919998	0.406357	60
210.326355	0.208969	63
210.535324	0.174149	63
210.709473	0.197372	62
210.906845	0.197372	59
211.104218	0.208984	60
211.313202	0.185760	59
211.498962	0.371521	53
211.870483	0.220581	55
212.091064	0.197372	55
212.288437	0.197372	55
212.485809	0.197372	51
212.683182	0.208969	0
212.892151	0.185760	0
213.077911	0.220596	55
213.298508	0.185760	55
213.484268	0.220581	56
213.704849	0.174149	56
213.878998	0.208984	56
214.087982	0.197372	48
214.285355	0.197372	48
214.482727	0.197357	48
214.680084	0.394745	53
215.074829	0.220596	50
215.295425	0.174149	50
215.469574	0.197357	50
215.666931	0.208984	58
215.875916	0.185760	59
216.061676	0.197372	59
216.259048	0.394745	55
216.653793	0.208969	59
216.862762	0.185760	62
217.048523	0.197372	64
217.245895	0.197372	66
217.443268	0.394730	62
217.837997	0.406357	62
218.244354	0.208984	59
218.453339	0.174149	59
218.627487	0.220581	62
218.848068	0.185760	63
219.033829	0.417969	66
219.451797	0.383118	63
219.834915	0.394745	65
220.229660	0.208984	65
220.438644	0.208969	65
220.647614	0.197372	65
220.844986	0.162537	65
221.007523	0.243820	63
221.251343	0.174149	61
221.425491	0.208969	62
221.634460	0.174164	62
221.808624	0.220581	62
222.029205	0.185760	62
222.214966	0.208984	65
222.423950	0.174149	66
222.598099	0.417953	65
223.016052	0.197372	65
223.213425	0.174149	65
223.387573	0.220596	65
223.608170	0.580490	65
224.188660	0.406357	55
224.595016	0.208969	48
224.803986	0.174149	48
224.978134	0.208984	63
225.187119	0.197372	67
225.384491	0.197372	55
225.581863	0.174149	55
225.756012	0.406342	59
226.162354	0.394745	56
226.557098	0.197372	56
226.754471	0.208969	60
226.963440	0.406357	60
227.369797	0.394745	51
227.764542	0.208969	50
227.973511	0.174149	50
228.147659	0.208984	53
228.356644	0.197372	54
228.554016	0.208984	54
228.763000	0.185745	54
228.948746	0.232208	55
229.180954	0.162537	55
229.343491	0.232208	48
229.575699	0.174149	48
229.749847	0.197357	0
229.947205	0.197372	51
230.144577	0.197372	55
230.341949	0.197372	58
230.539322	0.394730	58
230.934052	2.194290	56
233.128342	2.171066	0
235.299408	2.182678	0
237.482086	2.171066	0
239.653152	2.182678	0
241.835831	0.417953	66
242.253784	0.383133	65
242.636917	0.394745	65
243.031662	0.208969	65
243.240631	0.406357	65
243.646988	0.174149	64
243.821136	0.417953	62
244.239090	0.185760	55
244.424850	0.185760	68
244.610611	0.208984	66
244.819595	0.208969	72
245.028564	0.197372	65
245.225937	0.174149	67
245.400085	0.417969	69
245.818054	0.208969	65
246.027023	0.174149	65
246.201172	0.208984	65
246.410156	0.208984	65
246.619141	0.208984	65
246.828125	0.162537	65
246.990662	0.406342	64
247.397003	0.220596	67
247.617599	0.162537	67
247.780136	0.220596	62
248.000732	0.185745	62
248.186478	0.383133	62
248.569611	0.208984	61
248.778595	0.208984	63
248.987579	0.383118	60
249.370697	0.197372	56
249.568069	0.208984	55
249.777054	0.197372	59
249.974426	0.197372	60
250.171799	0.383118	55
250.554916	0.232208	62
250.787125	0.174149	62
250.961273	0.197372	62
251.158646	0.208969	54
251.367615	0.394745	54
251.762360	0.394745	62
252.157104	0.220581	60
252.377686	0.174149	60
252.551834	0.208984	59
252.760818	0.197372	56
252.958191	0.208969	66
253.167160	0.185760	62
253.352921	0.394745	60
253.747665	0.220581	62
253.968246	0.174164	63
254.142410	0.208969	66
254.351379	0.197372	66
254.548752	0.197372	67
254.746124	0.197372	66
254.943497	0.220581	59
255.164078	0.174149	55
255.338226	0.220596	56
255.558823	0.185760	56
255.744583	0.185760	56
255.930344	0.208969	55
256.139313	0.197388	60
256.336700	0.185760	60
256.522461	0.406342	56
256.928802	0.220581	62
257.149384	0.162537	62
257.311920	0.197388	62
257.509308	0.208954	61
257.718262	0.394745	54
258.113007	0.394745	51
258.507751	0.208984	48
258.716736	0.174133	58
258.890869	0.185760	63
259.076630	0.220612	66
259.297241	0.197357	58
259.494598	0.127716	57
259.622314	0.081268	63
259.703583	0.185760	63
259.889343	0.197357	63
260.086700	0.208984	64
260.295685	0.197388	65
260.493073	0.185760	65
260.678833	0.208954	63
260.887787	0.394745	71
261.282532	0.406372	66
261.688904	0.638519	56
262.327423	0.603729	59
262.931152	0.301849	62
263.233002	0.116119	63
263.349121	0.928802	60
264.277924	0.452789	54
264.730713	0.603699	56
265.334412	1.486084	62
266.820496	0.615326	54
267.435822	0.708221	54
268.144043	0.197357	55
268.341400	0.278656	55
268.620056	0.301849	0
268.921906	0.359894	0
269.281799	0.452789	0
269.734589	1.114563	0
270.849152	7.320099	0
