0.150930	0.383129	0
0.534059	0.208980	0
0.743039	0.174150	0
0.917188	0.185760	0
1.102948	0.174150	0
1.277097	0.383129	56
1.660227	0.208980	0
1.869206	0.081270	0
1.950476	0.069660	0
2.020136	0.197370	0
2.217506	0.162540	0
2.380045	0.197370	0
2.577415	0.174150	0
2.751565	0.197370	0
2.948934	0.185760	0
3.134694	0.348299	64
3.482993	0.197370	0
3.680363	0.174150	0
3.854512	0.185760	0
4.040272	0.174150	0
4.214422	0.197370	0
4.411791	0.174150	0
4.585941	0.371520	0
4.957460	0.197370	0
5.154830	0.185760	0
5.340590	0.174150	0
5.514739	0.185760	0
5.700499	0.197370	0
5.897869	0.174150	0
6.072018	0.301859	0
6.373878	0.069660	0
6.443537	0.185760	0
6.629297	0.174150	50
6.803447	0.197370	47
7.000816	0.174150	46
7.174966	0.208980	0
7.383945	0.174150	0
7.558095	0.359909	0
7.918005	0.185760	0
8.103765	0.185760	0
8.289524	0.185760	0
8.475284	0.174150	0
8.649433	0.197370	0
8.846803	0.185760	0
9.032562	0.359909	0
9.392471	0.197370	0
9.589841	0.185760	0
9.775600	0.197371	0
9.972971	0.162539	0
10.135510	0.208980	0
10.344490	0.174150	0
10.518640	0.197370	0
10.716009	0.162539	0
10.878549	0.185760	0
11.064308	0.185760	56
11.250068	0.174150	0
11.424217	0.197371	53
11.621588	0.197370	55
11.818957	0.174150	50
11.993107	0.359909	47
12.353016	0.197370	0
12.550385	0.185760	0
12.736145	0.162539	0
12.898685	0.197370	53
13.096054	0.208980	63
13.305034	0.174150	62
13.479183	0.197371	59
13.676554	0.092879	0
13.769433	0.081270	0
13.850703	0.185760	0
14.036463	0.174150	0
14.210612	0.185760	0
14.396372	0.185760	53
14.582131	0.197370	53
14.779501	0.174150	50
14.953650	0.348300	51
15.301950	0.197370	0
15.499320	0.197370	50
15.696690	0.348299	51
16.044989	0.208981	52
16.253969	0.185759	50
16.439728	0.325079	47
16.764807	0.220591	0
16.985397	0.185759	0
17.171156	0.174150	0
17.345306	0.185759	53
17.531065	0.208981	53
17.740046	0.185759	50
17.925804	0.336691	47
18.262495	0.208979	0
18.471474	0.185760	0
18.657234	0.174149	0
18.831383	0.185760	53
19.017143	0.197369	0
19.214512	0.185760	0
19.400272	0.208979	47
19.609251	0.127710	46
19.736961	0.208981	0
19.945942	0.185759	0
20.131701	0.174150	0
20.305851	0.185759	53
20.491610	0.208981	52
20.700590	0.174149	50
20.874739	0.348299	51
21.223038	0.208981	49
21.432018	0.185759	50
21.617777	0.197371	51
21.815147	0.139320	51
21.954468	0.197369	52
22.151836	0.197371	48
22.349207	0.243809	50
22.593016	0.058050	0
22.651066	0.069660	0
22.720726	0.185759	0
22.906485	0.185760	0
23.092245	0.150930	0
23.243176	0.150928	0
23.394104	0.267031	63
23.661135	0.174149	64
23.835283	0.359909	65
24.195192	0.197371	0
24.392563	0.174149	0
24.566711	0.174150	0
24.740862	0.185759	0
24.926620	0.208981	51
25.135601	0.185759	50
25.321360	0.313471	0
25.634830	0.243809	0
25.878639	0.197371	0
26.076010	0.162539	0
26.238548	0.185760	0
26.424309	0.394739	0
26.819048	0.162539	0
26.981586	0.174150	0
27.155737	0.208981	51
27.364717	0.174149	50
27.538866	0.150930	50
27.689796	0.197369	0
27.887165	0.220591	0
28.107756	0.104488	0
28.212244	0.278641	0
28.490885	0.092880	0
28.583765	0.243809	0
28.827574	0.185760	0
29.013334	0.127708	0
29.141043	0.243811	70
29.384853	0.208979	69
29.593832	0.104490	68
29.698322	0.255419	64
29.953741	0.139320	0
30.093061	0.220589	69
30.313650	0.174150	0
30.487801	0.174150	0
30.661951	0.185759	71
30.847710	0.208981	0
31.056690	0.185759	0
31.242449	0.336689	0
31.579138	0.197371	0
31.776508	0.208979	0
31.985487	0.104490	0
32.089977	0.243809	0
32.333786	0.197369	51
32.531155	0.174152	0
32.705307	0.359909	0
33.065216	0.197369	0
33.262585	0.174149	0
33.436733	0.185760	0
33.622494	0.127708	0
33.750202	0.255421	0
34.005623	0.174149	0
34.179771	0.208981	53
34.388752	0.371521	51
34.760273	0.197369	47
34.957642	0.081268	46
35.038910	0.092880	47
35.131790	0.208981	45
35.340771	0.058048	54
35.398819	0.127712	52
35.526531	0.116100	52
35.642632	0.406349	47
36.048981	0.197369	0
36.246349	0.174149	54
36.420498	0.162540	54
36.583038	0.197369	53
36.780407	0.383129	50
37.163536	0.185760	47
37.349297	0.174149	47
37.523445	0.208981	58
37.732426	0.174149	47
37.906574	0.185760	47
38.092335	0.174152	53
38.266487	0.383129	51
38.649616	0.348297	54
38.997913	0.232201	54
39.230114	0.162540	63
39.392654	0.348297	64
39.740952	0.383129	63
40.124081	0.359909	56
40.483990	0.197372	56
40.681362	0.174149	48
40.855511	0.185760	51
41.041271	0.185757	53
41.227028	0.197372	56
41.424400	0.185757	62
41.610157	0.220592	66
41.830750	0.139320	0
41.970070	0.208977	69
42.179047	0.174152	66
42.353199	0.174149	0
42.527348	0.185760	65
42.713108	0.371517	66
43.084625	0.220589	66
43.305214	0.139320	66
43.444534	0.208981	60
43.653515	0.162540	54
43.816055	0.185760	0
44.001816	0.185757	65
44.187572	0.383129	63
44.570702	0.348301	61
44.919003	0.383129	64
45.302132	0.359909	64
45.662041	0.383129	69
46.045170	0.359909	62
46.405079	0.197369	69
46.602448	0.174152	55
46.776600	0.127708	51
46.904308	0.243809	65
47.148117	0.197369	69
47.345486	0.174152	56
47.519638	0.208981	0
47.728619	0.069656	69
47.798275	0.092880	69
47.891155	0.208981	69
48.100136	0.162540	54
48.262676	0.104488	0
48.367165	0.267029	0
48.634193	0.359909	62
48.994102	0.208981	57
49.203083	0.162540	66
49.365623	0.197369	69
49.562992	0.174152	56
49.737144	0.174149	0
49.911293	0.197369	52
50.108662	0.278641	52
50.387302	0.406349	61
50.793652	0.243809	67
51.037460	0.185760	68
51.223221	0.174149	50
51.397369	0.092880	49
51.490250	0.104488	70
51.594738	0.197372	69
51.792110	0.174149	64
51.966259	0.197369	58
52.163628	0.162540	0
52.326168	0.197369	69
52.523537	0.174149	0
52.697685	0.185760	53
52.883446	0.174152	64
53.057598	0.383129	66
53.440727	0.359909	64
53.800636	0.208977	69
54.009613	0.162540	68
54.172153	0.162540	0
54.334694	0.174149	70
54.508842	0.243809	70
54.752651	0.174152	68
54.926804	0.197369	64
55.124172	0.162540	64
55.286713	0.208981	65
55.495693	0.162537	0
55.658230	0.185760	0
55.843990	0.185760	63
56.029751	0.371517	67
56.401268	0.174152	0
56.575420	0.174149	65
56.749569	0.208981	68
56.958549	0.174149	69
57.132698	0.197369	61
57.330067	0.174152	63
57.504219	0.208977	67
57.713196	0.174152	68
57.887348	0.197369	0
58.084717	0.174149	0
58.258865	0.185760	69
58.444626	0.174149	66
58.618774	0.162540	53
58.781315	0.208981	72
58.990295	0.359909	68
59.350204	0.383129	60
59.733334	0.185760	70
59.919094	0.185757	75
60.104851	0.371521	60
60.476372	0.220589	63
60.696960	0.150932	61
60.847893	0.359909	64
61.207802	0.208977	70
61.416779	0.162540	57
61.579319	0.185760	54
61.765079	0.185760	62
61.950840	0.255417	63
62.206257	0.127712	0
62.333969	0.359909	58
62.693878	0.197369	59
62.891247	0.185760	59
63.077007	0.162540	57
63.239548	0.174149	59
63.413696	0.383129	62
63.796825	0.359913	65
64.156738	0.208977	59
64.365715	0.174149	58
64.539864	0.185760	59
64.725624	0.069656	65
64.795280	0.127716	62
64.922997	0.185753	63
65.108749	0.174156	61
65.282906	0.220589	61
65.503494	0.150925	58
65.654419	0.185760	65
65.840179	0.174149	50
66.014328	0.197372	64
66.211700	0.185760	52
66.397461	0.208977	62
66.606438	0.150932	0
66.757370	0.220589	66
66.977959	0.162537	61
67.140495	0.197372	64
67.337868	0.174149	65
67.512016	0.185760	52
67.697777	0.104492	68
67.802269	0.255417	67
68.057686	0.185760	50
68.243446	0.208977	62
68.452423	0.162544	67
68.614967	0.208977	59
68.823944	0.162544	58
68.986488	0.197365	61
69.183853	0.162544	69
69.346397	0.197365	61
69.543762	0.174149	62
69.717911	0.197372	62
69.915283	0.174149	63
70.089432	0.208984	66
70.298416	0.174149	65
70.472565	0.185760	0
70.658325	0.174149	0
70.832474	0.185760	0
71.018234	0.162537	61
71.180771	0.383133	57
71.563904	0.185753	58
71.749657	0.185760	62
71.935417	0.220589	57
72.156006	0.162544	57
72.318550	0.185760	69
72.504311	0.174149	61
72.678459	0.208977	66
72.887436	0.174149	69
73.061584	0.185760	69
73.247345	0.174149	71
73.421494	0.174156	70
73.595650	0.185753	72
73.781403	0.197372	70
73.978775	0.185760	65
74.164536	0.359909	57
74.524445	0.197372	59
74.721817	0.185753	68
74.907570	0.371521	67
75.279091	0.371521	69
75.650612	0.359909	68
76.010521	0.208977	69
76.219498	0.162544	58
76.382042	0.174149	0
76.556190	0.359909	71
76.916100	0.185760	71
77.101860	0.371521	70
77.473381	0.197365	69
77.670746	0.185760	69
77.856506	0.185760	67
78.042267	0.185760	70
78.228027	0.208977	70
78.437004	0.162544	73
78.599548	0.220589	75
78.820137	0.150932	53
78.971069	0.197365	67
79.168434	0.174149	71
79.342583	0.197372	71
79.539955	0.162537	0
79.702492	0.383133	68
80.085625	0.371521	68
80.457146	0.185760	69
80.642906	0.185753	67
80.828659	0.197372	65
81.026031	0.174149	63
81.200180	0.197372	66
81.397552	0.162537	70
81.560089	0.197372	60
81.757462	0.174149	70
81.931610	0.197372	69
82.128983	0.174149	69
82.303131	0.197365	0
82.500496	0.174156	58
82.674652	0.185753	58
82.860405	0.185760	58
83.046165	0.208984	59
83.255150	0.174149	70
83.429298	0.162537	69
83.591835	0.185760	63
83.777596	0.197372	59
83.974968	0.174149	64
84.149117	0.197372	59
84.346489	0.174149	61
84.520638	0.174149	59
84.694786	0.197365	54
84.892151	0.197372	69
85.089523	0.174149	66
85.263672	0.185760	64
85.449432	0.185760	58
85.635193	0.220589	73
85.855782	0.150932	0
86.006714	0.348297	55
86.355011	0.383133	61
86.738144	0.185753	53
86.923897	0.185760	58
87.109657	0.208984	57
87.318642	0.162537	58
87.481178	0.197372	58
87.678551	0.174149	72
87.852699	0.371521	67
88.224220	0.174149	68
88.398369	0.197365	69
88.595734	0.174156	55
88.769890	0.185753	60
88.955643	0.371521	58
89.327164	0.197372	71
89.524536	0.185760	74
89.710297	0.174149	60
89.884445	0.185760	64
90.070206	0.371521	72
90.441727	0.208977	70
90.650703	0.150932	70
90.801636	0.185753	69
90.987389	0.197372	69
91.184761	0.174149	62
91.358910	0.185760	67
91.544670	0.371521	69
91.916191	0.371521	66
92.287712	0.185760	69
92.473473	0.197365	70
92.670837	0.197372	68
92.868210	0.162537	68
93.030746	0.208984	70
93.239731	0.162537	72
93.402267	0.185760	73
93.588028	0.185760	72
93.773788	0.197365	69
93.971153	0.162544	74
94.133698	0.185760	74
94.319458	0.185760	72
94.505219	0.185753	71
94.690971	0.174156	69
94.865128	0.383125	70
95.248253	0.185760	69
95.434013	0.174149	73
95.608162	0.185760	72
95.793922	0.185760	72
95.979683	0.197372	72
96.177055	0.185753	73
96.362808	0.359909	77
96.722717	0.197372	76
96.920090	0.174149	68
97.094238	0.185760	64
97.279999	0.185760	73
97.465759	0.185760	73
97.651520	0.185760	72
97.837280	0.325081	74
98.162361	0.394737	70
98.557098	0.197372	74
98.754471	0.197365	76
98.951836	0.185760	77
99.137596	0.162537	72
99.300133	0.394745	68
99.694878	0.359909	60
100.054787	0.162537	0
100.217323	0.116104	65
100.333427	0.092873	64
100.426300	0.162544	65
100.588844	0.208977	68
100.797821	0.301865	66
101.099686	0.255417	0
101.355103	0.185760	0
101.540863	0.150925	0
101.691788	0.208984	54
101.900772	0.371521	63
102.272293	0.301857	0
102.574150	0.058052	0
102.632202	0.185760	0
102.817963	0.185753	0
103.003716	0.185760	0
103.189476	0.185760	53
103.375237	0.208984	63
103.584221	0.150925	50
103.735146	0.383133	53
104.118279	0.197365	55
104.315643	0.185760	50
104.501404	0.208984	52
104.710388	0.139320	0
104.849709	0.220589	64
105.070297	0.174149	0
105.244446	0.348297	49
105.592743	0.220589	55
105.813332	0.174149	0
105.987480	0.162544	0
106.150024	0.208977	53
106.359001	0.197372	64
106.556374	0.174149	61
106.730522	0.348297	52
107.078819	0.197372	58
107.276192	0.197365	0
107.473557	0.162544	0
107.636101	0.197365	65
107.833466	0.197372	64
108.030838	0.174149	63
108.204987	0.278641	0
108.483627	0.081268	0
108.564896	0.185760	63
108.750656	0.185760	59
108.936417	0.185760	0
109.122177	0.174149	69
109.296326	0.383133	71
109.679459	0.359909	71
110.039368	0.197365	64
110.236732	0.185760	62
110.422493	0.348297	58
110.770790	0.208984	64
110.979774	0.185760	0
111.165535	0.197365	59
111.362900	0.162544	57
111.525444	0.197365	0
111.722809	0.185760	0
111.908569	0.162544	64
112.071114	0.208977	53
112.280090	0.359909	56
112.639999	0.348297	65
112.988297	0.185760	60
113.174057	0.197372	0
113.371429	0.162537	49
113.533966	0.232201	64
113.766167	0.185760	64
113.951927	0.162537	68
114.114464	0.348305	59
114.462769	0.197365	59
114.660133	0.185760	66
114.845894	0.174149	66
115.020042	0.197372	54
115.217415	0.197372	53
115.414787	0.174149	50
115.588936	0.359909	53
115.948845	0.197365	59
116.146210	0.185760	62
116.331970	0.359909	60
116.691879	0.197372	64
116.889252	0.185760	62
117.075012	0.220589	48
117.295601	0.127708	54
117.423309	0.208984	56
117.632294	0.185753	61
117.818047	0.174156	0
117.992203	0.197365	55
118.189568	0.197372	64
118.386940	0.174149	64
118.561089	0.359909	62
118.920998	0.197372	57
119.118370	0.185760	56
119.304131	0.174149	52
119.478279	0.185760	53
119.664040	0.197365	53
119.861404	0.185760	62
120.047165	0.197372	60
120.244537	0.150925	54
120.395462	0.197372	63
120.592834	0.185760	65
120.778595	0.185760	66
120.964355	0.185760	69
121.150116	0.220589	65
121.370705	0.150925	50
121.521629	0.348305	54
121.869934	0.208977	63
122.078911	0.185760	63
122.264671	0.336693	59
122.601364	0.208977	64
122.810341	0.185760	61
122.996101	0.545670	58
123.541771	0.174149	0
123.715919	0.197365	51
123.913284	0.174156	52
124.087440	0.185760	54
124.273201	0.197365	60
124.470566	0.383133	66
124.853699	0.208977	58
125.062675	0.174149	60
125.236824	0.162544	65
125.399368	0.185753	56
125.585121	0.371521	69
125.956642	0.197372	65
126.154015	0.174149	72
126.328163	0.197372	66
126.525536	0.185760	71
126.711296	0.150925	70
126.862221	0.127708	71
126.989929	0.452789	67
127.442719	0.185760	54
127.628479	0.185760	49
127.814240	0.197372	51
128.011612	0.174149	67
128.185760	0.208984	65
128.394745	0.150925	60
128.545670	0.208984	69
128.754654	0.174149	69
128.928802	0.197372	65
129.126175	0.174149	71
129.300323	0.197357	66
129.497681	0.185760	66
129.683441	0.162552	71
129.845993	0.185760	64
130.031754	0.371506	52
130.403259	0.197372	63
130.600632	0.162537	64
130.763168	0.208984	61
130.972153	0.174149	66
131.146301	0.185760	0
131.332062	0.092880	71
131.424942	0.104492	70
131.529434	0.174149	62
131.703583	0.174149	49
131.877731	0.371521	62
132.249252	0.197372	70
132.446625	0.185760	62
132.632385	0.174149	58
132.806534	0.185760	71
132.992294	0.197372	68
133.189667	0.162537	53
133.352203	0.197372	64
133.549576	0.174149	65
133.723724	0.197357	60
133.921082	0.185760	50
134.106842	0.220596	58
134.327438	0.150925	57
134.478363	0.371521	63
134.849884	0.371521	63
135.221405	0.185760	67
135.407166	0.185760	53
135.592926	0.162537	53
135.755463	0.197372	68
135.952835	0.185760	53
136.138596	0.174149	57
136.312744	0.208984	54
136.521729	0.162537	49
136.684265	0.197372	70
136.881638	0.185760	70
137.067398	0.116089	0
137.183487	0.243820	64
137.427307	0.371521	60
137.798828	0.232193	70
138.031021	0.139313	67
138.170334	0.197372	69
138.367706	0.162537	65
138.530243	0.174149	58
138.704391	0.185760	52
138.890152	0.208984	56
139.099136	0.162537	53
139.261673	0.232208	65
139.493881	0.139313	70
139.633194	0.197372	70
139.830566	0.185760	71
140.016327	0.162537	71
140.178864	0.185760	71
140.364624	0.208984	60
140.573608	0.162537	0
140.736145	0.197372	62
140.933517	0.185760	73
141.119278	0.197372	64
141.316650	0.185760	54
141.502411	0.150925	58
141.653336	0.208984	66
141.862320	0.174149	70
142.036469	0.127701	0
142.164169	0.429565	58
142.593735	0.371521	70
142.965256	0.383133	58
143.348389	0.208984	63
143.557373	0.162537	62
143.719910	0.208984	59
143.928894	0.150925	58
144.079819	0.208984	69
144.288803	0.162537	71
144.451340	0.150925	70
144.602264	0.046448	70
144.648712	0.034821	0
144.683533	0.150940	67
144.834473	0.174149	75
145.008621	0.174149	76
145.182770	0.243805	63
145.426575	0.127716	63
145.554291	0.208969	70
145.763260	0.162552	71
145.925812	0.185745	70
146.111557	0.545670	68
146.657227	0.197372	69
146.854599	0.174149	74
147.028748	0.208984	66
147.237732	0.174149	54
147.411880	0.139328	70
147.551208	0.197357	71
147.748566	0.220596	72
147.969162	0.092880	74
148.062042	0.092880	73
148.154922	0.197372	66
148.352295	0.081268	0
148.433563	0.081268	64
148.514832	0.197372	63
148.712204	0.174149	69
148.886353	0.359909	66
149.246262	0.208969	68
149.455231	0.162552	66
149.617783	0.197357	59
149.815140	0.185760	58
150.000900	0.197372	70
150.198273	0.185760	66
150.384033	0.116104	70
150.500137	0.197372	67
150.697510	0.232193	68
150.929703	0.081268	73
151.010971	0.290253	64
151.301224	0.185760	64
151.486984	0.197372	69
151.684357	0.174149	70
151.858505	0.220581	67
152.079086	0.150940	62
152.230026	0.197372	69
152.427399	0.162537	0
152.589935	0.197372	60
152.787308	0.185760	77
152.973068	0.208969	63
153.182037	0.046448	0
153.228485	0.267029	55
153.495514	0.197372	71
153.692886	0.174149	71
153.867035	0.174149	70
154.041183	0.394730	71
154.435913	0.185760	71
154.621674	0.208984	70
154.830658	0.162537	68
154.993195	0.174149	70
155.167343	0.220596	70
155.387939	0.162537	69
155.550476	0.197372	66
155.747849	0.162537	54
155.910385	0.197372	69
156.107758	0.174149	69
156.281906	0.197372	65
156.479279	0.174149	67
156.653427	0.208969	70
156.862396	0.174164	66
157.036560	0.208969	67
157.245529	0.162537	66
157.408066	0.185760	73
157.593826	0.185760	61
157.779587	0.197372	60
157.976959	0.162537	61
158.139496	0.197372	66
158.336868	0.174149	67
158.511017	0.185760	73
158.696777	0.185760	71
158.882538	0.371521	68
159.254059	0.185760	66
159.439819	0.174149	66
159.613968	0.197372	68
159.811340	0.162537	59
159.973877	0.383133	75
160.357010	0.197372	69
160.554382	0.162537	62
160.716919	0.197372	76
160.914291	0.174149	75
161.088440	0.197372	73
161.285812	0.185745	63
161.471558	0.150940	74
161.622498	0.197372	65
161.819870	0.208969	67
162.028839	0.162537	66
162.191376	0.197372	66
162.388748	0.185760	65
162.574509	0.185760	64
162.760269	0.174149	64
162.934418	0.208984	65
163.143402	0.139313	73
163.282715	0.383133	67
163.665848	0.185760	59
163.851608	0.197372	57
164.048981	0.197372	65
164.246353	0.162537	69
164.408890	0.197372	59
164.606262	0.185760	59
164.792023	0.197372	59
164.989395	0.185745	59
165.175140	0.174164	59
165.349304	0.185745	60
165.535049	0.185760	53
165.720810	0.174149	52
165.894958	0.371521	58
166.266479	0.185760	63
166.452240	0.208984	62
166.661224	0.162537	62
166.823761	0.197372	69
167.021133	0.208984	65
167.230118	0.150925	59
167.381042	0.220596	65
167.601639	0.150925	54
167.752563	0.197372	65
167.949936	0.197372	65
168.147308	0.162537	64
168.309845	0.185760	66
168.495605	0.185760	71
168.681366	0.197357	69
168.878723	0.348312	67
169.227036	0.208969	66
169.436005	0.174149	61
169.610153	0.208984	64
169.819138	0.150925	66
169.970062	0.197372	69
170.167435	0.185760	66
170.353195	0.197372	0
170.550568	0.162537	66
170.713104	0.197372	60
170.910477	0.185760	67
171.096237	0.162537	68
171.258774	0.208984	61
171.467758	0.185760	61
171.653519	0.162537	61
171.816055	0.383133	70
172.199188	0.185760	68
172.384949	0.185760	69
172.570709	0.162537	67
172.733246	0.197372	66
172.930618	0.185760	68
173.116379	0.185745	67
173.302124	0.371521	66
173.673645	0.197372	70
173.871017	0.174149	58
174.045166	0.185760	68
174.230927	0.185760	73
174.416687	0.197372	73
174.614059	0.162537	65
174.776596	0.336685	58
175.113281	0.406357	72
175.519638	0.383133	70
175.902771	0.197372	74
176.100143	0.162537	70
176.262680	0.220581	71
176.483261	0.162537	70
176.645798	0.197372	70
176.843170	0.162537	64
177.005707	0.185760	55
177.191467	0.174164	59
177.365631	0.174149	57
177.539780	0.197357	59
177.737137	0.383133	63
178.120270	0.185760	66
178.306030	0.197372	71
178.503403	0.174149	70
178.677551	0.185760	65
178.863312	0.185760	65
179.049072	0.197372	73
179.246445	0.185760	53
179.432205	0.150925	54
179.583130	0.197372	66
179.780502	0.197372	66
179.977875	0.185760	66
180.163635	0.185745	65
180.349380	0.185760	64
180.535141	0.185760	72
180.720901	0.185760	0
180.906662	0.185760	70
181.092422	0.185760	71
181.278183	0.197372	70
181.475555	0.162537	65
181.638092	0.174149	66
181.812241	0.197372	68
182.009613	0.185760	74
182.195374	0.185760	74
182.381134	0.185760	73
182.566895	0.185760	69
182.752655	0.185760	68
182.938416	0.185760	65
183.124176	0.185760	65
183.309937	0.185760	70
183.495697	0.185760	68
183.681458	0.185760	68
183.867218	0.162537	64
184.029755	0.208969	64
184.238724	0.185760	64
184.424484	0.174149	64
184.598633	0.185760	72
184.784393	0.185760	75
184.970154	0.197372	74
185.167526	0.174149	0
185.341675	0.162537	78
185.504211	0.208984	73
185.713196	0.185760	66
185.898956	0.185760	66
186.084717	0.162537	65
186.247253	0.197372	77
186.444626	0.185760	77
186.630386	0.383133	68
187.013519	0.197372	68
187.210892	0.162537	69
187.373428	0.371521	70
187.744949	0.208969	70
187.953918	0.162537	71
188.116455	0.359924	71
188.476379	0.359909	65
188.836288	0.185745	61
189.022034	0.208984	70
189.231018	0.150925	70
189.381943	0.185760	70
189.567703	0.383133	71
189.950836	0.185760	77
190.136597	0.197372	0
190.333969	0.150925	0
190.484894	0.208984	0
190.693878	0.383133	60
191.077011	0.359909	66
191.436920	0.197372	69
191.634293	0.185745	66
191.820038	0.174164	62
191.994202	0.185760	59
192.179962	0.197357	59
192.377319	0.174149	58
192.551468	0.371521	60
192.922989	0.185760	72
193.108749	0.197372	61
193.306122	0.197372	65
193.503494	0.150925	66
193.654419	0.220596	61
193.875015	0.139313	60
194.014328	0.255417	62
194.269745	0.127716	65
194.397461	0.197372	69
194.594833	0.174149	70
194.768982	0.174149	70
194.943130	0.197372	63
195.140503	0.197372	62
195.337875	0.174149	61
195.512024	0.371521	75
195.883545	0.185745	77
196.069290	0.174164	74
196.243454	0.197357	71
196.440811	0.185760	73
196.626572	0.208984	72
196.835556	0.174149	68
197.009705	0.348297	71
197.358002	0.197372	61
197.555374	0.174149	61
197.729523	0.185760	66
197.915283	0.197372	74
198.112656	0.185760	77
198.298416	0.150925	74
198.449341	0.359909	72
198.809250	0.383133	69
199.192383	0.371521	70
199.563904	0.197372	72
199.761276	0.162537	69
199.923813	0.383133	74
200.306946	0.208969	74
200.515915	0.174149	71
200.690063	0.371521	74
201.061584	0.162537	74
201.224121	0.197372	73
201.421494	0.371521	73
201.793015	0.185760	71
201.978775	0.197372	76
202.176147	0.150925	74
202.327072	0.208984	74
202.536057	0.197372	73
202.733429	0.162537	73
202.895966	0.383133	73
203.279099	0.174149	58
203.453247	0.197372	61
203.650620	0.174149	66
203.824768	0.197357	65
204.022125	0.197372	71
204.219498	0.174149	71
204.393646	0.348297	71
204.741943	0.197372	70
204.939316	0.197372	73
205.136688	0.185760	73
205.322449	0.162537	73
205.484985	0.208984	72
205.693970	0.174149	73
205.868118	0.208984	73
206.077103	0.162537	72
206.239639	0.185760	66
206.425400	0.197372	68
206.622772	0.174149	70
206.796921	0.185760	72
206.982681	0.197357	74
207.180038	0.162552	0
207.342590	0.371521	73
207.714111	0.197357	0
207.911469	0.185760	0
208.097229	0.150940	70
208.248169	0.208969	70
208.457138	0.185760	67
208.642899	0.197372	62
208.840271	0.359909	66
209.200180	0.185760	58
209.385941	0.174149	58
209.560089	0.197372	66
209.757462	0.197372	66
209.954834	0.174149	66
210.128983	0.162537	66
210.291519	0.348297	68
210.639816	0.383133	68
211.022949	0.197372	74
211.220322	0.208969	69
211.429291	0.174149	68
211.603439	0.174164	77
211.777603	0.220581	59
211.998184	0.348297	58
212.346481	0.174149	58
212.520630	0.185760	0
212.706390	0.185760	70
212.892151	0.174149	71
213.066299	0.185760	0
213.252060	0.383133	0
213.635193	0.197372	0
213.832565	0.185760	0
214.018326	0.174149	0
214.192474	0.174149	0
214.366623	0.220581	0
214.587204	0.162552	0
214.749756	0.197357	0
214.947113	0.162552	0
215.109665	0.197357	0
215.307022	0.185760	0
215.492783	0.185760	0
215.678543	0.174149	0
215.852692	0.208984	0
216.061676	0.174149	0
216.235825	0.371521	0
216.607346	0.197372	0
216.804718	0.174149	0
216.978867	0.359909	0
217.338776	0.371521	0
217.710297	0.208984	0
217.919281	0.162537	0
218.081818	0.197372	0
218.279190	0.174149	0
218.453339	0.185760	0
218.639099	0.174149	0
218.813248	0.174149	0
218.987396	0.197372	0
219.184769	0.371506	0
219.556274	0.197372	0
219.753647	0.185760	0
219.939407	0.174149	0
220.113556	0.174149	0
220.287704	0.220596	0
220.508301	0.162537	0
220.670837	0.208984	0
220.879822	0.162537	0
221.042358	0.220596	0
221.262955	0.162537	0
221.425491	0.371521	0
221.797012	0.371521	0
222.168533	5.671463	0
