0.626939	0.301859	52
0.928798	0.336689	50
1.265488	0.290249	59
1.555737	0.208979	57
1.764717	0.325079	0
2.089796	0.325079	52
2.414875	0.150930	50
2.565805	0.487619	53
3.053424	0.208980	58
3.262404	0.325079	0
3.587483	0.928798	63
4.516281	0.301859	62
4.818141	0.150930	62
4.969070	0.278639	63
5.247710	0.777868	63
6.025578	0.197370	57
6.222948	0.301859	0
6.524807	0.963628	64
7.488435	0.208980	0
7.697415	0.336689	0
8.034104	0.278640	64
8.312744	0.185760	62
8.498504	0.464398	62
8.962902	0.220590	0
9.183492	0.325080	0
9.508572	0.626939	63
10.135510	0.290249	63
10.425759	0.464399	60
10.890159	0.278640	51
11.168798	0.766258	52
11.935057	0.208980	56
12.144036	0.359909	0
12.503945	0.139320	0
12.643266	0.243809	51
12.887074	0.174150	59
13.061225	0.893968	46
13.955193	0.232200	53
14.187392	0.162539	51
14.349932	0.220590	49
14.570521	0.081270	46
14.651792	0.243810	53
14.895601	0.568889	58
15.464490	0.208980	52
15.673470	0.545670	52
16.219139	0.174149	50
16.393288	0.208981	51
16.602268	0.185759	50
16.788027	0.139320	55
16.927347	0.220589	69
17.147936	0.243811	70
17.391747	0.441179	58
17.832926	0.452789	58
18.285715	0.197369	0
18.483084	0.127710	53
18.610794	0.174149	51
18.784943	0.162540	50
18.947483	0.452789	51
19.400272	0.487619	50
19.887892	0.232199	53
20.120090	0.232201	51
20.352291	0.185759	49
20.538050	0.325079	51
20.863129	0.208981	49
21.072109	0.185759	0
21.257868	0.162540	52
21.420408	0.336689	52
21.757097	0.185760	50
21.942858	0.243809	51
22.186666	0.139320	50
22.325987	0.336689	51
22.662676	0.208979	51
22.871655	0.081270	0
22.952925	0.278641	52
23.231565	0.197369	49
23.428934	0.220591	50
23.649525	0.243809	57
23.893333	0.975239	0
24.868572	0.371519	67
25.240091	0.208979	0
25.449070	0.325079	0
25.774149	0.301861	52
26.076010	0.650158	55
26.726168	0.208981	58
26.935148	0.348299	0
27.283447	0.928797	51
28.212244	0.290251	51
28.502495	0.452789	51
28.955284	0.743038	49
29.698322	0.208979	44
29.907301	0.313471	0
30.220772	0.290249	52
30.511021	0.661768	48
31.172789	0.208981	45
31.381769	0.325079	0
31.706848	0.464397	52
32.171246	0.464401	48
32.635647	0.232201	47
32.867847	0.325077	0
33.192924	0.278641	52
33.471565	0.348297	50
33.819862	0.301861	51
34.121723	0.452789	51
34.574512	0.278641	52
34.853153	0.290249	51
35.143402	0.174149	49
35.317551	0.290249	46
35.607800	0.220589	64
35.828388	0.267033	0
36.095421	0.336689	53
36.432110	0.150928	51
36.583038	0.185760	49
36.768799	0.081268	46
36.850067	0.185760	46
37.035828	0.510838	44
37.546665	0.348301	53
37.894966	0.139320	51
38.034286	0.174149	49
38.208435	0.127708	46
38.336143	0.185760	46
38.521904	0.626938	44
39.148842	0.185760	51
39.334602	0.220589	51
39.555191	0.046440	49
39.601631	0.301861	51
39.903492	0.092880	49
39.996372	0.267029	50
40.263401	0.174149	49
40.437550	0.220592	51
40.658142	0.081268	50
40.739410	0.313469	51
41.052879	0.162540	49
41.215420	0.220589	46
41.436008	0.650158	47
42.086166	0.208981	52
42.295147	0.069660	51
42.364807	0.301861	49
42.666668	0.243809	51
42.910477	0.092880	51
43.003357	0.557278	49
43.560635	0.174149	53
43.734783	0.116100	53
43.850883	0.127712	52
43.978596	0.383129	50
44.361725	0.313469	50
44.675194	0.359909	49
45.035103	0.243809	52
45.278912	0.325081	50
45.603992	0.197369	51
45.801361	0.174149	62
45.975510	0.197369	51
46.172878	0.278641	50
46.451519	0.116100	50
46.567619	0.197369	49
46.764988	0.208981	50
46.973969	0.313469	47
47.287437	0.719818	45
48.007256	0.232201	53
48.239456	0.058048	54
48.297504	0.278641	54
48.576145	0.185760	62
48.761906	0.174149	0
48.936054	0.208981	58
49.145035	0.208981	55
49.354015	0.150928	53
49.504944	0.185760	53
49.690704	0.081268	51
49.771973	0.139320	48
49.911293	0.174149	49
50.085442	0.162540	51
50.247982	0.719818	47
50.967800	0.232201	53
51.200001	0.127708	50
51.327709	0.092880	49
51.420589	0.162540	0
51.583130	0.069660	45
51.652790	0.139320	47
51.792110	0.104488	46
51.896599	0.522449	48
52.419048	0.208981	52
52.628029	0.139317	51
52.767345	0.255421	49
53.022766	0.104488	46
53.127254	0.731430	46
53.858685	0.127708	0
53.986393	0.162540	52
54.148933	0.174152	51
54.323086	0.174149	50
54.497234	0.243809	51
54.741043	0.290249	51
55.031292	0.150928	49
55.182220	0.069660	51
55.251881	0.185760	51
55.437641	0.359909	50
55.797550	0.174152	50
55.971703	0.917187	57
56.888889	0.104488	0
56.993378	0.290249	50
57.283627	0.592110	50
57.875736	0.499229	50
58.374966	0.371521	52
58.746487	0.232197	49
58.978683	0.348301	50
59.326984	0.522449	50
59.849434	0.197369	52
60.046803	0.174149	50
60.220951	0.232201	49
60.453152	0.174149	0
60.627300	0.150932	0
60.778233	0.197369	51
60.975601	0.197369	49
61.172970	0.185760	50
61.358730	0.197369	50
61.556099	0.185760	51
61.741859	0.383129	52
62.124989	0.673378	58
62.798367	0.243809	53
63.042175	0.150932	53
63.193108	0.220589	54
63.413696	0.174149	60
63.587845	0.174152	61
63.761997	0.185757	58
63.947754	0.197372	55
64.145126	0.174149	53
64.319275	0.208977	53
64.528252	0.174149	51
64.702400	0.174156	54
64.876556	0.208977	62
65.085533	0.638550	61
65.724083	0.441177	58
66.165260	0.162537	59
66.327797	0.278641	58
66.606438	0.127708	58
66.734146	0.185760	62
66.919907	0.348305	62
67.268211	0.220589	58
67.488800	0.208977	58
67.697777	0.174149	58
67.871925	0.348305	58
68.220230	0.174149	60
68.394379	0.359909	56
68.754288	0.197365	53
68.951653	0.197372	54
69.149025	0.139320	54
69.288345	0.220589	54
69.508934	0.383133	52
69.892067	0.150925	54
70.042992	0.220589	58
70.263580	0.150932	50
70.414513	0.185760	54
70.600273	0.150932	54
70.751205	0.092873	55
70.844078	0.162544	54
71.006622	0.348297	54
71.354919	0.313469	54
71.668388	0.243813	58
71.912201	0.162537	58
72.074738	0.185760	58
72.260498	0.116104	58
72.376602	0.603714	59
72.980316	0.220589	58
73.200905	0.185760	59
73.386665	0.185760	61
73.572426	0.162537	61
73.734962	0.116104	62
73.851067	0.789474	62
74.640541	0.220596	0
74.861137	0.220589	65
75.081726	0.139320	66
75.221046	0.243805	68
75.464851	0.104492	70
75.569344	0.127708	68
75.697052	0.255417	68
75.952469	0.185760	70
76.138229	0.208984	70
76.347214	0.058044	0
76.405258	0.127716	77
76.532974	0.162537	77
76.695511	0.220589	77
76.916100	0.476006	71
77.392105	0.197372	71
77.589478	0.429573	68
78.019051	0.150925	71
78.169975	0.278641	59
78.448616	0.127708	58
78.576324	0.174149	59
78.750473	0.359909	63
79.110382	0.208984	58
79.319366	0.208977	58
79.528343	0.174149	58
79.702492	0.359909	58
80.062401	0.174156	59
80.236557	0.359909	61
80.596466	0.197365	53
80.793831	0.197372	54
80.991203	0.139320	54
81.130524	0.220589	54
81.351112	0.371521	53
81.722633	0.150925	47
81.873558	0.232201	48
82.105759	0.150932	49
82.256691	0.174149	54
82.430840	0.162537	54
82.593376	0.092880	55
82.686256	0.162544	54
82.848801	0.336685	54
83.185486	0.325081	54
83.510567	0.232201	58
83.742767	0.174149	59
83.916916	0.174149	58
84.091064	0.127708	58
84.218773	0.603722	59
84.822495	0.220589	58
85.043083	0.174149	59
85.217232	0.185760	61
85.402992	0.174149	63
85.577141	0.127708	62
85.704849	0.777870	60
86.482719	0.220589	53
86.703308	0.220589	53
86.923897	0.139320	53
87.063217	0.232201	55
87.295418	0.116104	57
87.411522	0.116096	68
87.527618	0.267029	56
87.794647	0.185760	57
87.980408	0.220589	58
88.200996	0.174149	57
88.375145	0.162544	58
88.537689	0.220589	59
88.758278	0.476006	59
89.234283	0.139320	60
89.373604	0.104492	60
89.478096	0.893967	54
90.372063	0.197372	57
90.569435	0.325081	0
90.894516	0.301857	64
91.196373	0.661766	63
91.858139	0.208984	58
92.067123	0.336685	0
92.403809	0.917191	63
93.320999	0.301857	61
93.622856	0.429573	54
94.052429	0.777863	51
94.830292	0.208984	57
95.039276	0.290245	0
95.329521	0.313469	52
95.642990	0.359909	49
96.002899	0.301865	46
96.304764	0.208977	0
96.513741	0.325081	0
96.838821	0.464401	52
97.303223	0.174149	49
97.477371	0.290245	47
97.767616	0.220589	47
97.988205	0.336693	0
98.324898	0.917191	51
99.242088	0.452789	51
99.694878	0.278641	51
99.973518	0.766258	52
100.739777	0.220589	57
100.960365	0.313469	0
101.273834	0.940407	53
102.214241	0.197372	57
102.411613	0.325073	0
102.736687	0.301865	53
103.038551	0.661766	52
103.700317	0.208977	58
103.909294	0.325081	0
104.234375	0.638550	51
104.872925	0.290253	52
105.163177	0.301857	51
105.465034	0.429565	51
105.894600	0.777870	63
106.672470	0.208984	57
106.881454	0.290245	0
107.171700	0.975243	64
108.146942	0.208977	0
108.355919	0.325081	0
108.681000	0.464394	64
109.145393	0.174156	62
109.319550	0.290245	0
109.609795	0.220589	0
109.830383	0.325081	0
110.155464	0.626938	51
110.782402	0.290253	51
111.072655	0.464394	51
111.537048	0.278641	51
111.815689	0.859138	49
112.674828	0.476013	48
113.150841	0.174149	53
113.324989	0.174149	51
113.499138	0.208977	49
113.708115	0.220596	46
113.928711	0.568886	44
114.497597	0.081268	45
114.578865	0.232201	52
114.811066	0.185760	51
114.996826	0.197372	48
115.194199	0.882355	45
116.076553	0.150932	0
116.227486	0.441177	50
116.668663	0.162537	50
116.831200	0.092880	49
116.924080	0.127708	50
117.051788	0.162544	51
117.214333	0.232201	50
117.446533	0.174149	51
117.620682	0.197365	50
117.818047	0.150932	51
117.968979	0.406349	48
118.375328	0.673378	45
119.048706	0.220589	53
119.269295	0.150932	51
119.420227	0.197372	49
119.617599	0.406349	52
120.023949	0.534058	49
120.558006	0.394737	50
120.952744	0.174149	49
121.126892	0.359909	51
121.486801	0.534058	50
122.020859	0.185760	50
122.206619	0.162544	51
122.369164	0.185760	49
122.554924	0.208977	50
122.763901	0.162537	51
122.926437	0.197372	52
123.123810	0.220589	50
123.344398	0.185760	52
123.530159	0.162537	51
123.692696	0.197372	62
123.890068	0.197372	62
124.087440	0.220589	0
124.308029	0.661766	0
124.969795	0.232201	53
125.201996	0.162537	53
125.364532	0.174149	55
125.538681	0.208984	61
125.747665	0.174149	61
125.921814	0.174149	58
126.095963	0.220589	55
126.316551	0.197372	53
126.513924	0.139320	53
126.653244	0.197365	54
126.850609	0.185760	61
127.036369	0.220589	62
127.256958	0.673386	57
127.930344	0.185760	52
128.116104	0.139313	51
128.255417	0.104492	50
128.359909	0.127716	49
128.487625	0.081268	58
128.568893	0.429565	58
128.998459	0.406342	0
129.404800	0.208984	51
129.613785	0.174149	52
129.787933	0.220596	48
130.008530	0.197372	46
130.205902	0.696594	44
130.902496	0.208984	52
131.111481	0.139313	51
131.250793	0.092880	0
131.343674	0.336685	50
131.680359	0.069656	49
131.750015	0.162552	51
131.912567	0.290237	50
132.202805	0.185760	51
132.388565	0.104492	53
132.493057	0.104492	63
132.597549	0.174149	50
132.771698	0.197372	52
132.969070	0.417953	62
133.387024	0.104492	0
133.491516	0.359909	0
133.851425	0.127716	0
133.979141	0.255417	0
134.234558	0.197372	62
134.431931	0.406342	62
134.838272	0.255417	59
135.093689	0.232208	0
135.325897	0.406342	70
135.732239	0.162552	67
135.894791	0.371506	69
136.266296	0.476013	67
136.742310	0.255417	69
136.997726	0.208984	64
137.206711	0.046448	61
137.253159	0.325073	69
137.578232	0.092880	68
137.671112	0.301865	62
137.972977	0.150925	0
138.123901	0.139313	63
138.263214	0.208984	73
138.472198	0.081268	78
138.553467	0.127716	76
138.681183	0.185760	63
138.866943	0.185760	58
139.052704	0.348297	80
139.401001	0.290253	81
139.691254	0.267029	65
139.958282	0.232193	68
140.190475	0.359909	73
140.550385	0.116104	72
140.666489	0.278641	71
140.945129	0.174149	71
141.119278	0.185760	71
141.305038	0.162537	72
141.467575	0.092880	79
141.560455	0.116104	79
141.676559	0.162537	61
141.839096	0.185760	72
142.024857	0.406342	78
142.431198	0.267029	78
142.698227	0.441177	68
143.139404	0.162552	71
143.301956	0.267029	77
143.568985	0.127701	71
143.696686	0.185760	66
143.882446	0.348297	61
144.230743	0.220596	58
144.451340	0.208984	58
144.660324	0.185760	58
144.846085	0.336685	59
145.182770	0.174149	58
145.356918	0.359909	66
145.716827	0.208984	54
145.925812	0.185745	54
146.111557	0.139328	54
146.250885	0.220596	54
146.471481	0.046432	53
146.517914	0.336685	53
146.854599	0.150940	47
147.005539	0.232193	51
147.237732	0.150925	58
147.388657	0.174149	54
147.562805	0.162552	54
147.725357	0.081268	55
147.806625	0.162537	54
147.969162	0.348297	54
148.317459	0.313477	54
148.630936	0.243805	58
148.874741	0.174149	59
149.048889	0.174149	58
149.223038	0.116104	58
149.339142	0.592102	59
149.931244	0.243820	58
150.175064	0.174149	59
150.349213	0.185760	60
150.534973	0.174149	61
150.709122	0.116089	61
150.825211	0.789490	60
151.614700	0.220581	53
151.835281	0.208984	53
152.044266	0.139313	53
152.183578	0.243820	55
152.427399	0.104477	55
152.531876	0.127716	55
152.659592	0.267029	56
152.926620	0.185760	57
153.112381	0.208984	58
153.321365	0.174149	58
153.495514	0.174149	58
153.669662	0.220581	59
153.890244	0.464401	59
154.354645	0.232208	58
154.586853	0.394730	57
154.981583	0.162552	59
155.144135	0.267029	58
155.411163	0.127701	58
155.538864	0.185760	59
155.724625	0.359909	59
156.084534	0.197372	58
156.281906	0.220581	58
156.502487	0.174164	58
156.676651	0.348297	58
157.024948	0.174149	58
157.199097	0.359909	60
157.559006	0.197372	53
157.756378	0.197357	54
157.953735	0.150940	54
158.104675	0.208969	54
158.313644	0.383133	52
158.696777	0.150940	54
158.847717	0.220581	60
159.068298	0.150925	61
159.219223	0.185760	0
159.404984	0.162552	54
159.567535	0.081268	55
159.648804	0.162537	54
159.811340	0.348297	54
160.159637	0.313477	54
160.473114	0.243805	58
160.716919	0.162537	58
160.879456	0.185760	58
161.065216	0.116104	58
161.181320	0.603714	58
161.785034	0.232193	58
162.017227	0.174149	59
162.191376	0.185760	61
162.377136	0.174164	61
162.551300	0.116089	61
162.667389	0.777878	77
163.445267	0.220581	71
163.665848	0.220596	65
163.886444	0.139313	66
164.025757	0.243805	72
164.269562	0.104492	75
164.374054	0.127716	75
164.501770	0.255417	68
164.757187	0.185760	69
164.942947	0.220596	76
165.163544	0.174149	77
165.337692	0.162537	73
165.500229	0.232193	71
165.732422	0.464401	71
166.196823	12.027939	73
178.224762	0.429565	74
178.654327	0.174149	72
178.828476	0.255417	70
179.083893	0.127716	71
179.211609	0.197372	0
179.408981	0.348297	70
179.757278	0.208984	70
179.966263	0.232193	73
180.198456	0.150925	72
180.349380	0.359909	70
180.709290	0.174164	67
180.883453	0.348297	66
181.231750	0.208969	57
181.440720	0.197372	59
181.638092	0.174149	59
181.812241	0.568893	59
182.381134	0.174149	65
182.555283	0.208984	64
182.764267	0.150925	60
182.915192	0.197372	61
183.112564	0.150925	61
183.263489	0.232208	61
183.495697	0.104477	61
183.600174	0.441193	58
184.041367	0.116089	0
184.157455	0.243820	61
184.401276	0.174149	62
184.575424	0.208969	63
184.784393	0.359909	69
185.144302	0.348312	75
185.492615	0.197357	62
185.689972	0.174149	70
185.864120	0.185760	63
186.049881	0.185760	60
186.235641	0.116104	62
186.351746	0.789474	66
187.141220	0.208984	71
187.350204	0.220596	71
187.570801	0.139313	71
187.710114	0.232193	61
187.942307	0.116104	68
188.058411	0.116104	63
188.174515	0.267029	60
188.441544	0.185760	61
188.627304	0.197372	61
188.824677	0.069656	60
188.894333	0.116104	61
189.010437	0.162537	60
189.172974	0.243805	61
189.416779	0.417953	61
189.834732	0.174164	0
190.008896	0.104477	0
190.113373	0.383133	61
190.496506	0.174149	60
190.670654	0.278641	62
190.949295	0.545670	59
191.494965	0.313477	61
191.808441	0.208969	62
192.017410	0.174149	61
192.191559	0.197372	62
192.388931	0.185760	59
192.574692	0.441177	57
193.015869	0.278641	57
193.294510	0.336685	59
193.631195	0.185760	61
193.816956	0.383133	58
194.200089	0.185760	53
194.385849	0.208984	53
194.594833	0.150925	55
194.745758	0.197372	62
194.943130	0.174149	61
195.117279	0.243805	62
195.361084	0.104492	62
195.465576	0.394745	58
195.860321	0.174149	71
196.034470	0.220581	61
196.255051	0.150940	62
196.405991	0.197372	61
196.603363	0.104477	62
196.707840	0.580505	64
197.288345	0.243805	68
197.532150	0.174149	70
197.706299	0.185760	75
197.892059	0.174149	72
198.066208	0.139328	76
198.205536	0.766251	64
198.971786	0.220596	68
199.192383	0.220581	66
199.412964	0.150940	66
199.563904	0.232193	68
199.796097	0.116104	74
199.912201	0.139313	55
200.051514	0.243820	68
200.295334	0.185760	68
200.481094	0.220581	58
200.701675	0.162537	58
200.864212	0.162552	58
201.026764	0.232193	59
201.258957	0.557281	58
201.816238	0.127701	70
201.943939	0.383133	59
202.327072	0.174149	59
202.501221	0.267029	58
202.768250	0.139328	59
202.907578	0.185760	59
203.093338	0.348297	60
203.441635	0.208984	57
203.650620	0.232193	58
203.882812	0.174149	58
204.056961	0.336685	58
204.393646	0.162537	58
204.556183	0.359924	64
204.916107	0.208969	65
205.125076	0.197372	0
205.322449	0.139313	0
205.461761	0.220596	54
205.682358	0.371521	53
206.053879	0.150925	53
206.204803	0.232208	60
206.437012	0.150925	59
206.587936	0.174149	54
206.762085	0.174149	54
206.936234	0.081268	55
207.017502	0.150940	54
207.168442	0.359909	54
207.528351	0.313461	0
207.841812	0.232208	58
208.074020	0.174149	58
208.248169	0.185760	65
208.433929	0.116089	70
208.550018	0.592117	58
209.142136	0.232193	57
209.374329	0.174149	59
209.548477	0.185760	61
209.734238	0.174149	61
209.908386	0.127716	62
210.036102	0.777863	60
210.813965	0.220596	0
211.034561	0.220581	65
211.255142	0.139328	69
211.394470	0.232193	75
211.626663	0.116104	75
211.742767	0.127716	74
211.870483	0.255417	61
212.125900	0.185760	57
212.311661	0.220581	58
212.532242	0.046448	57
212.578690	0.127701	58
212.706390	0.162537	58
212.868927	0.220596	59
213.089523	0.476013	59
213.565536	0.220581	58
213.786118	0.394745	58
214.180862	0.162537	59
214.343399	0.267029	59
214.610428	0.127716	59
214.738144	0.185760	58
214.923904	0.359909	58
215.283813	0.197372	58
215.481186	0.232193	58
215.713379	0.150925	58
215.864304	0.371521	59
216.235825	0.174149	53
216.409973	0.336700	49
216.746674	0.220581	57
216.967255	0.197372	59
217.164627	0.162537	59
217.327164	0.568893	59
217.896057	0.185760	52
218.081818	0.208969	53
218.290787	0.150940	59
218.441727	0.185760	61
218.627487	0.162537	61
218.790024	0.232193	61
219.022217	0.092880	62
219.115097	0.429581	58
219.544678	0.150925	0
219.695602	0.220581	58
219.916183	0.174164	59
220.090347	0.197357	57
220.287704	0.081268	0
220.368973	0.661774	63
221.030746	0.174149	71
221.204895	0.185760	70
221.390656	0.197372	66
221.588028	0.162537	64
221.750565	0.104492	65
221.855057	0.510834	68
222.365891	0.290253	70
222.656143	0.197372	66
222.853516	0.232193	65
223.085709	0.127716	66
223.213425	0.255417	70
223.468842	0.034836	70
223.503677	0.185760	0
223.689438	0.255417	0
223.944855	0.197372	69
224.142227	0.255417	69
224.397644	0.150925	60
224.548569	0.150940	0
224.699509	0.255417	74
224.954926	0.208969	74
225.163895	0.301865	74
225.465759	2.738510	74
