0.638549	0.127710	55
0.766258	0.185760	57
0.952018	0.719819	57
1.671837	0.499229	60
2.171066	0.104490	61
2.275556	0.197370	62
2.472925	0.197370	0
2.670295	0.150930	0
2.821224	0.371519	58
3.192744	0.081270	57
3.274014	0.162540	0
3.436553	0.116100	0
3.552653	0.127710	0
3.680363	0.568889	61
4.249252	0.522449	62
4.771701	0.383129	0
5.154830	0.139320	61
5.294150	0.162539	61
5.456689	0.359909	58
5.816598	0.301860	60
6.118458	0.731428	62
6.849886	0.255420	0
7.105306	0.267029	0
7.372335	0.267030	55
7.639365	0.267029	58
7.906394	0.394740	60
8.301134	0.116099	60
8.417233	0.139319	61
8.556553	0.243810	62
8.800363	0.162539	65
8.962902	0.220590	66
9.183492	0.197370	56
9.380861	0.197370	58
9.578231	0.417959	54
9.996190	0.267030	0
10.263220	0.267030	0
10.530250	0.162539	0
10.692789	0.313470	0
11.006259	0.278639	55
11.284898	0.162539	56
11.447437	0.092880	0
11.540318	0.243810	55
11.784127	0.267029	56
12.051156	0.267030	53
12.318186	0.383129	57
12.701315	0.116100	57
12.817415	0.290249	58
13.107664	0.267030	58
13.374694	0.185760	57
13.560453	0.313470	53
13.873923	0.301859	53
14.175782	0.243810	0
14.419592	0.255420	0
14.675012	0.476008	0
15.151020	0.290250	53
15.441270	0.185760	0
15.627029	0.069660	0
15.696690	0.290249	56
15.986938	0.232201	56
16.219139	0.267029	0
16.486168	0.313469	57
16.799637	0.185760	55
16.985397	0.150928	56
17.136326	0.150930	0
17.287256	0.278639	54
17.565895	0.232201	53
17.798096	0.534058	0
18.332153	0.267031	0
18.599184	0.232199	60
18.831383	0.568890	61
19.400272	0.232199	54
19.632471	0.255421	0
19.887892	0.267029	57
20.154921	0.267029	57
20.421949	0.290251	60
20.712200	0.208979	60
20.921179	0.313469	61
21.234648	0.243811	57
21.478458	0.267029	64
21.745487	0.150930	65
21.896418	0.058050	65
21.954468	0.313469	67
22.267937	0.208979	69
22.476915	0.464399	60
22.941315	0.069660	0
23.010975	0.557280	62
23.568254	0.255419	68
23.823673	0.092880	70
23.916553	0.162539	0
24.079092	0.278641	62
24.357733	0.243809	61
24.601542	0.255421	0
24.856962	0.116098	0
24.973061	0.568890	62
25.541950	0.116100	65
25.658051	0.267029	64
25.925079	0.255419	57
26.180498	0.255421	54
26.435919	0.255419	53
26.691338	0.232201	53
26.923538	0.290249	49
27.213787	0.499229	55
27.713017	0.267029	56
27.980045	0.278639	56
28.258684	0.243811	56
28.502495	0.278639	55
28.781134	0.243809	53
29.024942	0.139320	56
29.164263	0.371519	57
29.535782	0.267031	56
29.802813	0.278639	54
30.081451	0.197369	66
30.278820	0.325081	69
30.603901	0.174149	63
30.778049	0.092880	59
30.870930	0.278639	59
31.149569	0.243811	0
31.393379	0.510838	56
31.904217	0.243809	62
32.148026	0.267033	0
32.415058	0.278637	0
32.693695	0.255421	56
32.949116	0.267029	56
33.216145	0.522449	59
33.738594	0.255421	58
33.994015	0.267029	59
34.261044	0.174149	69
34.435192	0.336689	66
34.771881	0.092880	70
34.864761	0.174149	71
35.038910	0.139320	71
35.178230	0.638550	70
35.816780	0.267029	69
36.083809	0.243809	58
36.327618	0.290253	69
36.617870	0.104488	69
36.722359	0.406349	68
37.128708	0.290249	72
37.418957	0.267029	68
37.685986	0.069660	68
37.755646	0.197369	0
37.953014	0.232201	57
38.185215	0.232201	66
38.417416	0.534058	56
38.951473	0.522449	62
39.473923	0.267029	54
39.740952	0.510841	55
40.251793	0.301857	63
40.553650	0.325081	57
40.878731	0.406349	0
41.285080	0.452789	60
41.737869	0.069660	62
41.807529	0.452789	64
42.260319	0.510838	66
42.771156	0.313469	63
43.084625	0.139320	65
43.223946	0.684990	62
43.908936	0.267029	65
44.175964	0.232201	65
44.408165	0.278637	74
44.686802	0.162540	76
44.849342	0.127708	77
44.977051	0.243813	58
45.220863	0.255417	58
45.476280	0.510841	62
45.987122	0.464397	69
46.451519	0.069660	69
46.521179	0.406349	68
46.927528	0.359909	67
47.287437	0.278641	66
47.566078	0.267029	66
47.833107	0.267029	62
48.100136	0.452789	60
48.552925	0.301861	71
48.854786	0.174149	68
49.028934	0.348301	69
49.377235	0.232197	69
49.609432	0.557281	63
50.166714	0.534058	65
50.700771	0.255421	68
50.956192	0.162537	69
51.118729	0.104492	70
51.223221	0.220589	70
51.443810	0.812698	63
52.256508	0.510838	65
52.767345	0.278641	70
53.045986	0.150928	67
53.196915	0.116100	66
53.313015	0.220589	66
53.533604	0.255421	66
53.789024	0.534061	62
54.323086	0.417957	69
54.741043	0.058048	69
54.799091	0.325081	67
55.124172	0.278641	67
55.402813	0.243809	67
55.646622	0.267029	65
55.913651	0.290249	65
56.203899	0.162540	63
56.366440	0.081268	61
56.447708	0.267033	60
56.714741	0.208977	0
56.923717	0.278641	75
57.202358	0.185760	61
57.388119	0.336689	58
57.724808	0.232201	57
57.957008	0.255417	60
58.212425	0.313469	60
58.525894	0.406349	62
58.932243	0.116100	65
59.048344	0.232201	64
59.280544	0.290249	68
59.570793	0.255421	68
59.826214	0.499229	65
60.325443	1.044895	63
61.370338	0.127712	54
61.498051	0.104488	54
61.602539	0.243809	58
61.846348	0.568890	59
62.415237	1.230659	57
63.645897	0.592110	50
64.238007	0.278641	49
64.516647	0.267029	0
64.783676	0.290245	41
65.073921	0.208984	42
65.282906	0.557274	52
65.840179	0.255424	0
66.095604	0.243805	0
66.339409	0.278641	54
66.618050	0.255417	50
66.873466	0.510841	42
67.384308	0.278641	42
67.662949	0.127708	0
67.790657	0.348297	0
68.138954	0.267029	0
68.405983	0.267036	0
68.673019	0.290245	0
68.963264	0.510841	0
69.474106	0.139320	55
69.613426	0.197365	57
69.810791	0.336693	56
70.147484	0.255417	58
70.402901	0.116104	57
70.519005	0.336685	61
70.855690	0.034828	60
70.890518	0.034836	60
70.925354	0.104485	60
71.029839	0.371521	62
71.401360	0.429573	57
71.830933	0.092880	57
71.923813	0.417953	58
72.341766	0.116104	57
72.457870	0.139320	59
72.597191	0.278633	61
72.875824	0.232201	60
73.108025	0.336693	62
73.444717	0.208977	58
73.653694	0.243813	0
73.897507	0.185760	0
74.083267	0.348297	56
74.431564	0.243813	58
74.675377	0.522446	60
75.197823	0.301857	62
75.499680	0.069664	62
75.569344	0.174149	57
75.743492	0.267029	54
76.010521	0.232201	0
76.242722	0.278641	61
76.521362	0.255417	62
76.776779	0.522453	61
77.299232	0.406349	62
77.705582	0.127708	65
77.833290	0.220589	63
78.053879	0.197365	56
78.251244	0.104492	57
78.355736	0.255417	55
78.611153	0.255424	53
78.866577	0.267029	54
79.133606	0.255417	48
79.389023	0.464401	51
79.853424	0.441177	55
80.294601	0.104492	0
80.399094	0.278641	56
80.677734	0.267029	56
80.944763	0.255417	54
81.200180	0.278641	57
81.478821	0.232201	54
81.711021	0.290245	55
82.001266	0.232201	53
82.233467	0.150932	54
82.384399	0.394737	59
82.779137	0.267029	59
83.046165	0.267029	58
83.313194	0.255424	0
83.568619	0.267029	0
83.835648	0.197365	0
84.033012	0.557281	60
84.590294	0.278641	56
84.868935	0.255417	57
85.124352	0.267029	54
85.391380	0.476013	57
85.867393	0.162537	58
86.029930	0.139320	0
86.169250	0.243813	0
86.413063	0.127708	68
86.540771	0.406349	65
86.947121	0.267029	63
87.214149	0.220589	0
87.434738	0.557281	69
87.992020	0.220589	71
88.212608	0.301857	69
88.514465	0.534058	67
89.048523	0.255424	65
89.303947	0.545670	72
89.849617	0.197365	69
90.046982	0.278641	69
90.325623	0.267029	68
90.592651	0.255424	69
90.848076	0.278633	68
91.126709	0.522453	72
91.649162	0.267029	66
91.916191	0.441177	66
92.357368	0.348297	67
92.705666	0.243813	68
92.949478	0.255417	0
93.204895	0.255424	0
93.460320	0.290245	72
93.750565	0.208984	72
93.959549	0.476006	66
94.435555	0.476013	77
94.911568	0.325073	66
95.236641	0.139320	63
95.375961	0.534058	71
95.910019	0.139320	64
96.049339	0.534065	65
96.583405	0.255417	65
96.838821	0.220589	68
97.059410	0.092880	69
97.152290	0.232201	72
97.384491	0.255417	0
97.639908	0.522453	70
98.162361	0.522446	69
98.684807	0.255417	69
98.940224	0.185760	66
99.125984	0.104492	68
99.230476	0.232201	68
99.462677	0.278641	66
99.741318	0.267029	65
100.008347	0.267029	62
100.275375	0.487617	63
100.762993	0.267029	73
101.030022	0.162544	69
101.192566	0.116096	67
101.308662	0.255417	69
101.564079	0.243813	69
101.807892	0.290245	61
102.098137	0.197372	69
102.295509	0.580498	66
102.876007	0.243813	67
103.119820	0.174149	60
103.293968	0.116096	65
103.410065	0.243813	69
103.653877	0.255417	68
103.909294	0.290253	61
104.199547	0.220589	61
104.420135	0.301857	66
104.721992	0.208984	64
104.930977	0.278641	69
105.209618	0.174149	58
105.383766	0.301857	60
105.685623	0.278641	56
105.964264	0.534058	60
106.498322	0.534058	68
107.032379	0.278641	68
107.311020	0.185760	67
107.496780	0.313469	67
107.810249	0.278641	65
108.088890	0.267029	64
108.355919	0.267029	61
108.622948	0.267029	60
108.889977	0.232201	61
109.122177	0.243813	65
109.365990	0.185753	67
109.551743	0.348305	64
109.900047	0.232201	63
110.132248	0.301857	60
110.434105	0.267029	63
110.701134	0.406349	62
111.107483	0.116096	65
111.223579	0.777870	65
112.001450	0.278641	65
112.280090	0.243813	65
112.523903	0.777863	66
113.301765	0.255424	64
113.557190	0.127708	63
113.684898	0.058052	59
113.742950	0.290245	58
114.033195	0.313469	60
114.346664	0.255424	59
114.602089	0.267029	59
114.869118	0.522446	62
115.391563	0.429573	61
115.821136	0.510834	58
116.331970	0.104492	61
116.436462	0.510841	59
116.947304	0.534058	56
117.481361	0.417961	56
117.899323	0.116096	55
118.015419	0.510841	56
118.526260	0.499229	63
119.025490	0.522446	65
119.547935	0.452789	62
120.000725	0.510841	58
120.511566	0.104485	61
120.616051	0.290253	62
120.906303	0.220589	62
121.126892	0.510841	63
121.637733	0.545670	68
122.183403	0.510834	68
122.694237	0.522453	64
123.216690	0.522446	72
123.739136	0.417961	67
124.157097	0.127708	68
124.284805	0.499229	68
124.784035	0.278641	65
125.062675	0.232201	63
125.294876	0.441177	74
125.736053	0.092880	68
125.828934	0.429573	66
126.258507	0.104485	68
126.362991	0.255424	68
126.618416	0.243805	68
126.862221	0.534058	67
127.396278	0.510841	72
127.907120	0.429565	71
128.336685	0.127716	66
128.464401	0.487610	66
128.952011	0.534073	70
129.486084	0.499222	74
129.985306	0.534058	70
130.519363	0.267029	68
130.786392	0.510834	66
131.297226	0.766266	68
132.063492	0.243805	67
132.307297	0.313477	57
132.620773	0.220581	55
132.841354	0.301865	56
133.143219	0.232193	54
133.375412	0.510849	56
133.886261	0.278641	55
134.164902	0.255417	53
134.420319	0.162537	53
134.582855	0.359909	0
134.942764	0.278641	0
135.221405	0.092880	0
135.314285	0.417953	0
135.732239	0.150940	0
135.883179	0.336685	0
136.219864	0.255417	63
136.475281	0.301865	56
136.777145	0.255417	56
137.032562	0.267029	56
137.299591	0.255417	53
137.555008	0.522446	57
138.077454	0.290253	59
138.367706	0.243820	58
138.611526	0.162537	56
138.774063	0.336685	53
139.110748	0.092880	53
139.203629	0.185760	0
139.389389	0.139313	0
139.528702	0.626938	57
140.155640	0.278641	62
140.434280	0.255432	57
140.689713	0.278625	63
140.968338	0.104492	65
141.072830	0.696609	69
141.769440	0.255417	68
142.024857	0.116089	68
142.140945	0.383133	56
142.524078	0.255417	68
142.779495	0.150940	68
142.930435	0.104492	69
143.034927	0.267029	74
143.301956	0.522446	69
143.824402	0.267029	65
144.091431	0.348297	0
144.439728	0.116104	0
144.555832	0.046432	72
144.602264	1.567352	69
146.169617	0.348297	0
146.517914	0.348297	56
146.866211	0.313477	58
147.179688	0.383118	57
147.562805	0.127716	57
147.690521	0.476013	61
148.166534	0.081268	60
148.247803	0.986847	65
149.234650	0.267029	63
149.501678	0.139313	63
149.640991	0.673386	61
150.314377	0.313477	65
150.627853	0.232193	60
150.860046	0.243805	65
151.103851	0.185760	67
151.289612	0.336685	62
151.626297	0.243820	63
151.870117	0.325073	61
152.195190	0.232208	68
152.427399	0.510834	69
152.938232	0.429565	68
153.367798	0.127716	68
153.495514	0.220581	68
153.716095	0.278641	66
153.994736	0.278641	65
154.273376	0.255417	62
154.528793	0.464401	62
154.993195	0.301865	61
155.295059	0.197372	69
155.492432	0.069656	0
155.562088	0.267029	69
155.829117	0.220581	68
156.049698	0.301865	62
156.351562	0.255417	66
156.606979	0.255417	66
156.862396	0.197372	66
157.059769	0.081268	69
157.141037	0.754654	71
157.895691	0.789474	66
158.685165	0.499237	65
159.184402	0.301849	68
159.486252	0.255432	69
159.741684	0.232193	63
159.973877	0.255417	63
160.229294	0.325089	60
160.554382	0.208969	64
160.763351	0.429581	69
161.192932	0.383118	70
161.576050	0.429581	67
162.005630	0.081268	65
162.086899	0.267029	66
162.353928	0.232193	65
162.586121	0.290253	62
162.876373	0.255417	58
163.131790	0.243805	56
163.375595	0.267029	66
163.642624	0.162552	67
163.805176	0.371521	68
164.176697	0.255417	69
164.432114	0.232193	60
164.664307	0.290253	60
164.954559	0.394745	62
165.349304	0.127701	65
165.477005	0.220596	63
165.697601	0.220581	66
165.918182	0.092880	69
166.011063	0.267029	67
166.278091	0.255417	65
166.533508	0.243820	66
166.777328	0.789474	58
167.566803	0.267029	57
167.833832	0.127716	58
167.961548	0.359909	58
168.321457	0.290237	60
168.611694	0.510849	59
169.122543	0.534058	58
169.656601	0.290253	59
169.946854	0.116089	66
170.062943	0.359909	61
170.422852	0.267029	61
170.689880	0.267029	68
170.956909	0.243820	66
171.200729	0.232193	68
171.432922	0.301865	59
171.734787	0.243805	57
171.978592	0.162537	57
172.141129	0.150940	60
172.292068	0.139313	66
172.431381	0.325089	66
172.756470	0.545654	61
173.302124	0.952026	66
174.254150	0.429565	65
174.683716	0.476013	65
175.159729	0.197372	67
175.357101	0.301849	66
175.658951	0.243820	63
175.902771	0.267029	68
176.169800	0.278641	67
176.448441	0.243805	58
176.692245	0.243805	58
176.936050	0.301865	60
177.237915	0.220581	71
177.458496	0.522461	69
177.980957	0.417953	68
178.398911	0.127716	68
178.526627	0.243805	65
178.770432	0.267029	65
179.037460	0.278641	67
179.316101	0.243805	64
179.559906	0.301865	62
179.861771	0.197372	67
180.059143	0.267029	68
180.326172	0.208969	69
180.535141	0.058060	68
180.593201	0.278641	69
180.871841	0.243805	66
181.115646	0.174149	61
181.289795	0.116104	60
181.405899	0.127701	63
181.533600	0.116104	67
181.649704	0.522446	64
182.172150	0.243820	72
182.415970	0.174149	78
182.590118	0.104492	78
182.694611	0.255417	71
182.950027	0.092880	77
183.042908	0.162537	73
183.205444	0.499222	67
183.704666	0.313477	65
184.018143	0.208984	61
184.227127	0.290237	64
184.517365	0.150940	68
184.668304	0.325073	73
184.993378	0.278641	65
185.272018	0.325073	60
185.597092	0.220596	61
185.817688	0.267029	69
186.084717	0.232193	66
186.316910	0.301865	68
186.618774	0.139328	66
186.758102	0.139313	68
186.897415	0.232193	65
187.129608	0.255432	65
187.385040	0.278641	66
187.663681	0.243805	64
187.907486	0.301849	62
188.209335	0.208984	56
188.418320	0.267029	65
188.685349	0.185760	61
188.871109	0.081268	0
188.952377	0.255417	62
189.207794	0.255432	72
189.463226	0.534058	61
189.997284	0.406342	62
190.403625	0.116104	65
190.519730	0.301865	64
190.821594	0.232193	69
191.053787	0.255417	68
191.309204	0.267029	65
191.576233	0.243805	65
191.820038	0.777878	63
192.597916	0.162537	58
192.760452	0.371521	60
193.131973	0.232193	62
193.364166	0.232208	0
193.596375	0.208984	62
193.805359	0.104477	61
193.909836	0.162552	60
194.072388	0.116089	60
194.188477	0.371521	62
194.559998	0.139328	65
194.699326	0.185760	69
194.885086	0.348297	69
195.233383	0.243805	70
195.477188	0.290253	70
195.767441	0.220581	68
195.988022	0.348297	76
196.336319	0.441193	80
196.777512	0.243805	79
197.021317	0.174149	71
197.195465	0.359909	73
197.555374	0.208984	73
197.764359	0.290237	74
198.054596	0.290253	72
198.344849	0.522446	77
198.867294	0.545670	68
199.412964	0.243820	68
199.656784	0.510834	65
200.167618	0.824310	61
200.991928	0.243805	57
201.235733	0.116104	57
201.351837	0.336685	58
201.688522	0.568893	59
202.257416	0.139313	59
202.396729	0.150940	58
202.547668	0.475998	58
203.023666	0.301865	58
203.325531	0.499237	50
203.824768	0.510834	50
204.335602	0.278641	53
204.614243	0.499222	54
205.113464	0.278641	0
205.392105	0.476013	45
205.868118	0.092880	65
205.960999	0.232193	65
206.193192	0.232208	0
206.425400	0.267029	0
206.692429	0.510834	0
207.203262	0.290253	0
207.493515	0.499222	0
207.992737	0.487625	0
208.480362	0.313477	0
208.793839	0.510834	0
209.304672	0.255417	0
209.560089	0.267029	0
209.827118	0.255417	59
210.082535	0.522461	75
210.604996	4.063492	62
214.668488	0.139313	0
214.807800	5.301025	0
