0.104490	8.951293	0
9.055782	0.499229	0
9.555012	0.081269	0
9.636281	0.452789	0
10.089070	0.452789	0
10.541860	0.464399	0
11.006259	0.476008	0
11.482267	0.429569	60
11.911837	0.557279	59
12.469115	0.371520	60
12.840635	0.092879	59
12.933515	0.336690	58
13.270205	0.452788	59
13.722993	0.499229	58
14.222222	0.220590	54
14.442812	0.081269	52
14.524081	0.406349	0
14.930430	0.255420	0
15.185850	0.232200	52
15.418050	0.220590	50
15.638639	0.267030	53
15.905669	0.429568	53
16.335238	0.081270	0
16.416508	0.255419	0
16.671926	0.232201	54
16.904127	0.348299	54
17.252426	0.150930	56
17.403357	0.464399	55
17.867756	0.499228	54
18.366983	0.487619	0
18.854603	0.499229	0
19.353832	0.359909	0
19.713741	0.615330	60
20.329071	0.510838	60
20.839909	0.220591	60
21.060499	0.232199	59
21.292698	0.371519	58
21.664217	0.150930	59
21.815147	0.638548	56
22.453695	0.348301	50
22.801996	0.243809	50
23.045805	0.232199	50
23.278004	0.255421	50
23.533424	0.208979	52
23.742403	0.336689	52
24.079092	0.197371	53
24.276463	0.069660	54
24.346123	0.255419	53
24.601542	0.429569	53
25.031111	0.383129	49
25.414240	0.301861	51
25.716101	0.510838	52
26.226938	0.359909	53
26.586847	0.615330	48
27.202177	0.325079	47
27.527256	0.185760	46
27.713017	0.487617	60
28.200634	0.476009	0
28.676643	0.359909	0
29.036552	0.127710	0
29.164263	0.510839	0
29.675102	0.336689	0
30.011791	0.150930	0
30.162722	0.464399	0
30.627121	0.487617	0
31.114738	0.522449	0
31.637188	0.499229	0
32.136417	0.429569	0
32.565987	0.359909	67
32.925896	0.661770	0
33.587666	0.429569	0
34.017235	0.371517	0
34.388752	0.336689	74
34.725441	0.174152	74
34.899593	0.197369	72
35.096962	0.267029	65
35.363991	0.174149	58
35.538139	1.010071	59
36.548210	0.301857	58
36.850067	0.197369	58
37.047436	0.058052	72
37.105488	0.441177	62
37.546665	0.336689	56
37.883354	0.243813	54
38.127167	0.394737	50
38.521904	0.499229	51
39.021133	0.081268	0
39.102402	0.371521	53
39.473923	0.429569	53
39.903492	0.336689	54
40.240181	0.557278	54
40.797459	0.162540	55
40.959999	0.313469	54
41.273468	0.162540	55
41.436008	0.522449	55
41.958458	0.476009	52
42.434467	0.499229	43
42.933697	0.313469	43
43.247166	0.092880	0
43.340046	0.592110	59
43.932156	0.359909	59
44.292065	0.476009	62
44.768074	0.174149	0
44.942223	0.092880	0
45.035103	0.371517	62
45.406620	0.336689	61
45.743309	0.162540	0
45.905849	0.116100	0
46.021950	0.220589	60
46.242538	0.638550	55
46.881088	0.150928	52
47.032017	0.301861	0
47.333878	0.545670	51
47.879547	0.801086	47
48.680634	0.150932	50
48.831566	0.429569	47
49.261135	0.127708	0
49.388844	0.452789	0
49.841633	0.464397	0
50.306030	0.313473	0
50.619503	0.162537	0
50.782040	0.301861	50
51.083900	0.208981	49
51.292881	0.499229	52
51.792110	0.197369	53
51.989479	0.278641	52
52.268120	0.336689	52
52.604809	0.185757	52
52.790565	0.104492	50
52.895058	0.197369	53
53.092426	0.208981	53
53.301407	0.232197	52
53.533604	0.731430	50
54.265034	0.220589	50
54.485622	0.290249	53
54.775871	0.406349	56
55.182220	0.499229	52
55.681450	0.046440	53
55.727890	0.278641	55
56.006531	0.580498	55
56.587029	0.464401	55
57.051430	0.162537	55
57.213966	0.464401	55
57.678368	0.290249	55
57.968616	0.510838	50
58.479454	0.197372	50
58.676826	0.290249	55
58.967075	0.162540	56
59.129616	0.464397	62
59.594013	0.174149	59
59.768162	0.661770	59
60.429932	0.301861	64
60.731792	0.243809	66
60.975601	0.185760	53
61.161362	0.267029	54
61.428391	0.731426	66
62.159817	0.232201	51
62.392017	0.313469	65
62.705486	0.383129	69
63.088615	0.301861	64
63.390476	0.220589	64
63.611065	0.290249	66
63.901314	0.696602	59
64.597916	0.441177	66
65.039093	0.359909	68
65.399002	0.487617	68
65.886620	0.174149	67
66.060768	0.150932	68
66.211700	0.150932	67
66.362633	0.162537	68
66.525169	0.325081	68
66.850250	0.708206	75
67.558456	0.185760	75
67.744217	0.290253	75
68.034470	0.150925	0
68.185394	0.336693	0
68.522087	0.127708	0
68.649796	0.371521	75
69.021317	0.232201	75
69.253517	0.267029	75
69.520546	0.185760	55
69.706306	0.243805	0
69.950111	0.232201	69
70.182312	0.313469	54
70.495781	0.417961	54
70.913742	0.603722	57
71.517464	0.278633	54
71.796097	0.290253	57
72.086349	0.464401	57
72.550751	0.417953	54
72.968704	0.534065	57
73.502769	0.940407	55
74.443176	0.975235	57
75.418411	0.371521	0
75.789932	0.127708	0
75.917641	0.208984	57
76.126625	0.464394	57
76.591019	0.127708	55
76.718727	0.243813	56
76.962540	0.278641	55
77.241180	0.150925	56
77.392105	0.267036	56
77.659142	0.719818	0
78.378960	0.174149	0
78.553108	0.301857	0
78.854965	0.417961	55
79.272926	0.371521	55
79.644447	0.185760	50
79.830208	0.243805	50
80.074013	0.429573	50
80.503586	0.325073	53
80.828659	0.197372	55
81.026031	0.301857	54
81.327888	0.243813	52
81.571701	1.729889	54
83.301590	0.441177	0
83.742767	0.510841	0
84.253609	0.487617	0
84.741226	0.464394	0
85.205620	0.545670	0
85.751289	0.452789	0
86.204079	0.476013	0
86.680092	0.487617	0
87.167709	0.522446	0
87.690155	0.301865	0
87.992020	0.174149	0
88.166168	0.278641	50
88.444809	0.243805	51
88.688614	0.487625	52
89.176239	0.185753	53
89.361992	0.290253	51
89.652245	0.325081	52
89.977325	0.185760	52
90.163086	0.104485	57
90.267570	0.197372	62
90.464943	0.208977	53
90.673920	0.243813	52
90.917732	0.719818	50
91.637550	0.220589	60
91.858139	0.290253	53
92.148392	0.429565	49
92.577957	0.476013	52
93.053970	0.081268	54
93.135239	0.267029	54
93.402267	0.220589	55
93.622856	0.348297	55
93.971153	0.116104	55
94.087257	0.487617	55
94.574875	0.452789	55
95.027664	0.510841	50
95.538506	0.301857	48
95.840363	0.185760	49
96.026123	0.058052	0
96.084175	0.243805	0
96.327980	0.197372	0
96.525352	0.476006	62
97.001358	0.162544	59
97.163902	0.336685	59
97.500587	0.313469	59
97.814056	0.174149	64
97.988205	0.127716	66
98.115921	0.232201	67
98.348122	0.185753	66
98.533875	0.267029	67
98.800903	0.719826	67
99.520729	0.243805	66
99.764534	0.290253	65
100.054787	0.255417	67
100.310204	0.116096	66
100.426300	0.522453	68
100.948753	0.313469	54
101.262222	0.220589	66
101.482811	0.476013	66
101.958824	0.487617	63
102.446442	0.197365	66
102.643806	0.626945	64
103.270752	0.174149	61
103.444901	0.104485	66
103.549385	0.232201	62
103.781586	0.150932	67
103.932518	0.336685	60
104.269203	0.139320	59
104.408524	1.335152	60
105.743675	0.162537	65
105.906212	0.325081	62
106.231293	0.638550	61
106.869843	0.116096	57
106.985939	0.255424	56
107.241364	0.127708	58
107.369072	0.301857	59
107.670929	0.174149	59
107.845078	0.313469	59
108.158546	0.174149	59
108.332695	0.510841	59
108.843536	0.452789	59
109.296326	0.383133	61
109.679459	0.673378	63
110.352837	0.290245	64
110.643082	0.139320	60
110.782402	0.139320	60
110.921722	0.232201	60
111.153923	0.174149	59
111.328072	0.290253	59
111.618324	0.174149	59
111.792473	0.325081	61
112.117554	0.162537	65
112.280090	0.487617	66
112.767708	0.499229	66
113.266937	0.290253	64
113.557190	0.174149	64
113.731339	0.534058	62
114.265396	0.464401	62
114.729797	0.104485	69
114.834282	0.220596	62
115.054878	0.464394	61
115.519272	0.197372	61
115.716644	0.220589	73
115.937233	0.267029	66
116.204262	0.081268	61
116.285530	0.267029	62
116.552559	0.174156	61
116.726715	0.232193	61
116.958908	0.754654	70
117.713562	0.348297	71
118.061859	0.150932	71
118.212791	0.801086	71
119.013878	0.162537	71
119.176414	0.348305	71
119.524719	0.150925	71
119.675644	0.336693	72
120.012337	0.150932	72
120.163269	1.462852	72
121.626122	0.476013	75
122.102135	0.499229	75
122.601364	0.510834	75
123.112198	0.290253	77
123.402451	0.197365	75
123.599815	0.290253	76
123.890068	0.069656	77
123.959724	0.162544	78
124.122269	0.313469	67
124.435738	0.139320	65
124.575058	0.986847	72
125.561905	0.499229	74
126.061134	0.487617	75
126.548752	0.499229	75
127.047981	0.336693	76
127.384674	0.162537	75
127.547211	0.348297	76
127.895508	0.174149	73
128.069656	1.428024	73
129.497681	0.499237	72
129.996918	0.476013	74
130.472931	0.510834	75
130.983765	0.325073	76
131.308838	0.150940	75
131.459778	0.313461	76
131.773239	0.208984	67
131.982224	0.301865	68
132.284088	0.162537	72
132.446625	0.998459	72
133.445084	0.487610	76
133.932693	0.185760	76
134.118454	0.626938	75
134.745392	0.174149	75
134.919540	0.092880	75
135.012421	0.243820	76
135.256241	0.139313	75
135.395554	0.336685	75
135.732239	0.162552	72
135.894791	1.462845	69
137.357635	0.476013	66
137.833649	0.522446	70
138.356094	0.522461	71
138.878555	0.290237	71
139.168793	0.162552	71
139.331345	0.290237	71
139.621582	0.545670	71
140.167252	0.139328	71
140.306580	1.010071	71
141.316650	0.510834	71
141.827484	0.476013	71
142.303497	0.963623	74
143.267120	0.371521	76
143.638641	0.162537	73
143.801178	1.416412	68
145.217590	0.499237	67
145.716827	0.499222	67
146.216049	1.010071	66
147.226120	0.452789	63
147.678909	0.069656	66
147.748566	0.255432	67
148.003998	0.197357	72
148.201355	0.952026	71
149.153381	0.510834	74
149.664215	0.185760	69
149.849976	0.313477	68
150.163452	0.325073	68
150.488525	0.162537	68
150.651062	0.336700	67
150.987762	0.150925	62
151.138687	0.336685	65
151.475372	0.661774	66
152.137146	0.476013	0
152.613159	0.475998	0
153.089157	0.139328	0
153.228485	0.383118	0
153.611603	0.058060	0
153.669662	0.452789	0
154.122452	0.476013	0
154.598465	0.487610	0
155.086075	0.499237	0
155.585312	0.081268	0
155.666580	0.429565	0
156.096146	0.487625	0
156.583771	0.475998	0
157.059769	0.476013	0
157.535782	0.499237	0
158.035019	0.081268	0
158.116287	0.406342	0
158.522629	0.499237	0
159.021866	0.475998	0
159.497864	0.487625	52
159.985489	0.185760	53
160.171249	0.150925	0
160.322174	0.150940	50
160.473114	0.348297	52
160.821411	0.150925	52
160.972336	0.104492	50
161.076828	0.267029	60
161.343857	0.243805	61
161.587662	0.174149	0
161.761810	1.079727	0
162.841537	0.116104	0
162.957642	4.931335	0
