1.149388	0.406349	0
1.555737	0.348299	0
1.904036	0.174150	0
2.078186	0.174150	0
2.252336	0.185760	0
2.438095	0.801088	0
3.239184	0.150930	0
3.390113	0.220590	0
3.610703	0.313469	0
3.924172	0.127710	0
4.051882	0.441179	0
4.493061	0.476009	0
4.969070	0.928798	0
5.897869	0.325079	47
6.222948	0.081270	57
6.304218	0.255419	57
6.559637	0.197370	57
6.757007	0.243810	58
7.000816	0.301859	55
7.302676	0.116100	56
7.418776	0.406349	55
7.825125	0.174150	55
7.999274	0.301860	55
8.301134	0.162539	0
8.463674	0.104489	0
8.568163	0.278640	0
8.846803	0.197370	56
9.044172	0.301860	56
9.346032	0.092879	0
9.438911	0.092880	56
9.531792	0.232200	56
9.763991	0.220589	56
9.984580	0.464399	56
10.448979	0.092880	0
10.541860	0.162539	0
10.704399	0.243810	46
10.948209	0.278639	46
11.226848	1.160998	46
12.387846	0.278639	52
12.666485	0.069660	55
12.736145	0.301860	0
13.038005	0.255419	55
13.293424	0.046440	56
13.339864	0.034830	56
13.374694	0.116099	55
13.490793	0.267030	57
13.757823	0.243810	53
14.001633	0.197370	54
14.199002	0.232200	54
14.431202	0.255420	53
14.686622	0.603719	50
15.290340	0.267029	49
15.557369	0.139320	50
15.696690	0.232200	49
15.928889	0.510839	50
16.439728	0.150930	50
16.590658	0.116098	51
16.706757	0.406349	51
17.113106	0.452789	0
17.565895	0.092880	0
17.658775	1.172607	0
18.831383	0.325079	58
19.156462	0.139320	57
19.295782	0.139320	57
19.435102	0.185759	57
19.620861	0.174150	57
19.795012	0.127710	58
19.922722	0.278639	55
20.201361	0.162540	55
20.363901	0.801088	55
21.164989	0.220589	0
21.385578	0.092880	56
21.478458	0.348299	56
21.826757	0.081270	55
21.908028	0.429569	56
22.337597	0.092880	56
22.430477	0.684988	56
23.115465	0.092880	0
23.208345	0.162539	58
23.370884	0.406349	57
23.777233	0.754648	0
24.531881	0.383129	52
24.915010	0.243811	54
25.158821	0.383129	52
25.541950	0.325079	52
25.867029	0.104490	53
25.971519	0.150930	50
26.122450	0.174149	48
26.296598	0.301859	48
26.598457	0.208981	50
26.807438	0.777868	52
27.585306	0.406349	50
27.991655	0.696598	50
28.688253	0.708210	50
29.396463	0.290249	0
29.686712	0.232199	0
29.918911	0.185760	0
30.104671	0.081270	0
30.185942	0.545668	0
30.731609	0.325081	0
31.056690	0.197369	59
31.254059	0.116100	62
31.370159	0.069660	62
31.439819	0.313469	62
31.753288	0.139320	62
31.892609	0.162540	62
32.055149	0.150928	62
32.206078	0.185760	59
32.391838	0.185757	58
32.577595	0.185760	60
32.763355	0.499229	62
33.262585	0.359909	62
33.622494	0.162540	63
33.785034	0.185760	62
33.970795	0.162540	62
34.133335	0.336689	62
34.470024	0.185757	62
34.655781	0.162540	0
34.818321	0.174149	0
34.992470	0.162540	50
35.155010	0.185760	0
35.340771	0.174149	0
35.514919	0.174152	0
35.689072	0.162537	0
35.851608	0.185760	0
36.037369	0.162540	0
36.199909	0.162540	0
36.362450	0.174149	60
36.536598	0.174149	60
36.710747	0.185760	60
36.896507	0.162540	61
37.059048	0.046440	62
37.105488	0.116100	62
37.221588	0.313469	61
37.535057	0.232201	0
37.767258	0.150928	62
37.918186	0.185760	61
38.103947	0.116100	60
38.220047	0.058048	60
38.278095	0.185760	61
38.463856	0.150928	62
38.614784	0.185760	62
38.800545	0.104488	62
38.905033	0.220589	60
39.125622	0.174152	60
39.299774	0.185760	60
39.485535	0.162537	60
39.648071	0.336689	60
39.984760	0.185760	59
40.170521	0.162540	58
40.333061	0.185760	66
40.518822	0.150928	0
40.669750	0.185760	0
40.855511	0.174149	0
41.029659	0.197369	0
41.227028	0.139320	0
41.366348	0.185760	0
41.552109	0.162540	0
41.714649	0.150928	0
41.865578	0.197369	61
42.062946	0.174152	61
42.237099	0.162537	60
42.399635	0.208981	0
42.608616	0.034832	0
42.643448	0.116100	59
42.759548	0.522446	58
43.281994	0.150932	58
43.432926	0.185760	58
43.618687	0.162537	59
43.781223	0.208981	58
43.990204	0.139320	58
44.129524	0.185760	58
44.315285	0.081268	58
44.396553	0.092880	57
44.489433	0.174149	57
44.663582	0.150932	57
44.814514	0.174149	57
44.988663	0.185760	57
45.174423	0.336689	57
45.511112	0.185757	45
45.696869	0.162540	45
45.859409	0.174152	44
46.033562	0.162537	0
46.196098	0.174152	0
46.370251	0.174149	46
46.544399	0.197369	50
46.741768	0.139320	50
46.881088	0.185760	58
47.066849	0.162540	58
47.229389	0.116096	52
47.345486	0.232201	57
47.577686	0.313469	57
47.891155	0.232201	55
48.123356	0.139320	55
48.262676	0.185760	55
48.448437	0.139317	56
48.587753	0.174152	55
48.761906	0.197369	51
48.959274	0.174149	51
49.133423	0.104492	52
49.237915	0.069660	0
49.307575	0.336689	55
49.644264	0.185757	57
49.830021	0.174152	58
50.004173	0.162540	58
50.166714	0.162537	58
50.329250	0.185760	57
50.515011	0.162540	57
50.677551	0.174149	57
50.851700	0.185760	57
51.037460	0.220589	57
51.258049	0.325081	57
51.583130	0.162540	57
51.745670	0.174149	57
51.919819	0.092880	57
52.012699	0.081268	58
52.093967	0.476009	57
52.569977	0.208981	57
52.778957	0.650158	56
53.429115	0.545670	0
53.974785	0.162540	51
54.137325	0.127708	55
54.265034	0.383129	0
54.648163	0.185760	60
54.833923	0.348297	62
55.182220	0.104492	62
55.286713	0.139320	63
55.426033	0.116100	61
55.542133	0.139317	61
55.681450	0.313469	62
55.994919	0.197372	62
56.192291	0.174149	62
56.366440	0.348301	63
56.714741	0.081268	63
56.796009	0.116100	63
56.912109	0.301857	61
57.213966	0.406353	58
57.620319	0.348297	61
57.968616	0.174149	63
58.142765	0.510841	63
58.653606	0.197369	62
58.850975	0.162540	62
59.013515	0.185760	54
59.199276	0.150928	0
59.350204	0.185760	0
59.535965	0.336689	62
59.872654	0.174149	62
60.046803	0.185760	61
60.232563	0.150928	61
60.383492	0.197369	62
60.580860	0.162540	63
60.743401	0.174149	62
60.917549	0.325081	62
61.242630	0.185760	63
61.428391	0.208981	62
61.637371	0.150928	61
61.788300	0.174149	61
61.962448	0.174152	62
62.136600	0.139317	63
62.275917	0.383129	61
62.659046	0.127712	59
62.786758	0.046440	60
62.833199	0.174149	59
63.007347	0.162540	59
63.169888	0.290249	56
63.460136	0.069660	54
63.529797	0.185760	55
63.715557	0.162537	55
63.878094	0.174152	52
64.052246	0.162537	48
64.214783	0.185760	48
64.400543	0.162544	0
64.563087	0.185753	48
64.748840	0.162544	48
64.911385	0.197365	43
65.108749	0.139320	48
65.248070	0.139320	48
65.387390	0.220589	49
65.607979	0.185760	55
65.793739	0.139320	60
65.933060	0.197372	60
66.130432	0.185760	62
66.316193	0.162537	61
66.478729	0.185760	60
66.664490	0.116096	60
66.780586	0.220596	62
67.001183	0.336685	54
67.337868	0.197372	60
67.535240	0.162537	62
67.697777	0.174149	62
67.871925	0.185760	61
68.057686	0.174149	58
68.231834	0.174149	55
68.405983	0.336693	57
68.742676	0.197372	61
68.940048	0.150925	62
69.090973	0.162544	62
69.253517	0.185760	62
69.439278	0.197365	62
69.636642	0.162544	62
69.799187	0.336685	61
70.135872	0.197372	0
70.333244	0.150925	0
70.484169	0.174156	0
70.658325	0.116096	53
70.774422	0.232201	62
71.006622	0.162537	61
71.169159	0.185760	54
71.354919	0.162544	55
71.517464	0.348297	59
71.865761	0.359909	58
72.225670	0.150932	58
72.376602	0.185753	62
72.562355	0.162544	61
72.724899	0.197365	60
72.922264	0.185760	60
73.108025	0.150932	58
73.258957	0.185760	57
73.444717	0.174149	57
73.618866	0.150932	57
73.769798	0.185760	57
73.955559	0.185753	56
74.141312	0.174156	55
74.315468	0.174149	55
74.489616	0.162537	54
74.652153	0.185760	54
74.837914	0.162537	54
75.000450	0.185760	54
75.186211	0.174149	54
75.360359	0.185760	54
75.546120	0.162544	0
75.708664	0.336685	0
76.045349	0.336693	52
76.382042	0.359909	55
76.741951	0.313469	58
77.055420	0.406349	0
77.461769	0.162537	63
77.624306	0.313469	62
77.937775	0.197372	62
78.135147	0.185760	61
78.320908	0.162537	62
78.483444	0.174149	63
78.657593	0.174156	63
78.831749	0.162537	62
78.994286	0.359909	62
79.354195	0.162537	59
79.516731	0.174156	60
79.690887	0.174149	61
79.865036	0.301857	62
80.166893	0.580498	62
80.747391	0.174149	60
80.921539	0.162544	59
81.084084	0.185760	62
81.269844	0.325073	62
81.594917	0.150932	63
81.745850	0.058052	63
81.803902	0.336685	62
82.140587	0.174156	62
82.314743	0.336685	62
82.651428	0.336693	61
82.988121	0.185753	0
83.173874	0.174156	66
83.348030	0.139320	69
83.487350	0.220589	60
83.707939	0.116096	60
83.824036	0.220589	61
84.044624	0.208984	61
84.253609	0.139313	60
84.392921	0.150932	61
84.543854	0.197372	61
84.741226	0.034828	61
84.776054	0.325081	61
85.101135	0.185760	60
85.286896	0.150925	60
85.437820	0.348305	60
85.786125	0.174149	60
85.960274	0.394737	57
86.355011	0.116096	0
86.471107	0.162544	58
86.633652	0.174149	60
86.807800	0.359909	61
87.167709	0.185760	61
87.353470	0.325081	63
87.678551	0.197365	64
87.875916	0.139320	64
88.015236	0.208984	63
88.224220	0.336685	63
88.560905	0.185760	64
88.746666	0.174149	64
88.920815	0.162544	64
89.083359	0.162537	64
89.245895	0.185760	63
89.431656	0.174149	61
89.605804	0.325081	59
89.930885	0.208977	59
90.139862	0.116104	60
90.255966	0.208977	59
90.464943	0.185760	59
90.650703	0.197372	59
90.848076	0.150925	58
90.999001	0.174149	0
91.173149	0.162544	0
91.335693	0.174149	55
91.509842	0.174149	50
91.683990	0.208977	55
91.892967	0.127716	68
92.020683	0.208977	58
92.229660	0.162537	58
92.392197	0.348305	59
92.740501	0.162537	58
92.903038	0.197372	59
93.100410	0.127708	0
93.228119	0.208977	55
93.437096	0.174149	57
93.611244	0.185760	58
93.797005	0.336693	59
94.133698	0.174149	59
94.307846	0.185760	59
94.493607	0.174149	58
94.667755	0.116096	55
94.783852	0.359909	57
95.143761	0.325081	59
95.468842	0.208984	0
95.677826	0.197365	61
95.875191	0.174149	63
96.049339	0.116104	62
96.165443	0.441177	61
96.606621	0.116096	0
96.722717	0.208984	0
96.931702	0.162537	0
97.094238	0.371521	63
97.465759	0.069664	62
97.535423	0.081268	61
97.616692	0.696594	58
98.313286	0.185760	56
98.499046	0.162544	0
98.661591	0.162537	56
98.824127	0.174149	57
98.998276	0.185760	57
99.184036	0.174149	0
99.358185	0.336693	0
99.694878	0.185760	0
99.880638	0.081268	57
99.961906	0.092880	58
100.054787	0.162537	61
100.217323	0.162544	59
100.379868	0.185753	54
100.565620	0.174156	55
100.739777	0.290245	58
101.030022	0.058052	59
101.088074	0.174149	60
101.262222	0.174149	59
101.436371	0.174149	57
101.610519	0.127708	51
101.738228	0.232201	57
101.970428	0.162544	58
102.132973	0.348297	57
102.481270	0.174149	57
102.655418	0.174149	55
102.829567	0.197372	54
103.026939	0.150932	51
103.177872	0.162537	56
103.340408	0.185760	55
103.526169	0.348297	55
103.874466	0.348297	56
104.222763	0.127716	57
104.350479	0.220589	67
104.571068	0.185760	0
104.756828	0.162537	52
104.919365	0.185760	51
105.105125	0.162537	52
105.267662	0.185760	56
105.453423	0.162544	62
105.615967	0.185753	62
105.801720	0.150932	61
105.952652	0.185760	56
106.138412	0.162537	46
106.300949	0.174156	0
106.475105	0.162537	0
106.637642	0.197372	0
106.835014	0.162537	53
106.997551	0.174149	54
107.171700	0.162544	55
107.334244	0.197365	57
107.531609	0.127708	58
107.659317	0.394745	62
108.054062	0.162537	62
108.216599	0.174149	62
108.390747	0.150932	62
108.541679	0.185760	62
108.727440	0.336685	61
109.064125	0.197372	62
109.261497	0.162537	63
109.424034	0.174149	62
109.598183	0.301865	61
109.900047	0.208977	59
110.109024	0.185760	57
110.294785	0.127708	58
110.422493	0.394737	62
110.817230	0.162544	63
110.979774	0.522446	62
111.502220	0.185760	62
111.687981	0.162544	62
111.850525	0.336685	0
112.187210	0.174149	61
112.361359	0.174149	63
112.535507	0.174156	62
112.709663	0.162537	62
112.872200	0.185760	61
113.057961	0.162537	61
113.220497	0.185760	62
113.406258	0.174149	63
113.580406	0.174149	62
113.754555	0.325081	62
114.079636	0.185760	62
114.265396	0.336693	61
114.602089	0.185760	61
114.787849	0.162537	63
114.950386	0.174149	62
115.124535	0.185760	61
115.310295	0.174149	60
115.484444	0.150932	60
115.635376	0.197365	59
115.832741	0.139320	60
115.972061	0.232201	57
116.204262	0.139320	55
116.343582	0.174149	55
116.517731	0.185760	59
116.703491	0.162544	54
116.866035	0.162537	55
117.028572	0.185760	57
117.214333	0.162537	0
117.376869	0.185760	0
117.562630	0.150932	0
117.713562	0.197365	0
117.910927	0.127716	62
118.038643	0.208977	64
118.247620	0.162537	69
118.410156	0.197372	75
118.607529	0.127708	0
118.735237	0.197372	67
118.932610	0.185760	0
119.118370	0.174149	60
119.292519	0.174149	60
119.466667	0.139320	60
119.605988	0.185760	61
119.791748	0.348297	60
120.140045	0.185760	61
120.325806	0.174149	62
120.499954	0.162537	61
120.662491	0.197372	66
120.859863	0.162537	76
121.022400	0.162544	74
121.184944	0.313469	68
121.498413	0.208977	63
121.707390	0.185760	62
121.893150	0.150932	62
122.044083	0.197365	62
122.241447	0.197372	62
122.438820	0.150932	62
122.589752	0.336685	61
122.926437	0.185760	0
123.112198	0.150932	0
123.263130	0.174149	61
123.437279	0.174149	62
123.611427	0.185760	61
123.797188	0.162537	61
123.959724	0.185760	60
124.145485	0.139320	60
124.284805	0.208984	60
124.493790	0.162537	58
124.656326	0.174149	58
124.830475	0.174149	58
125.004623	0.139320	58
125.143944	0.208984	62
125.352928	0.174149	60
125.527077	0.174149	59
125.701225	0.185760	59
125.886986	0.150925	58
126.037910	0.174156	58
126.212067	0.336685	58
126.548752	0.185760	58
126.734512	0.185760	67
126.920273	0.150932	68
127.071205	0.197365	68
127.268570	0.162544	66
127.431114	0.185753	66
127.616867	0.325081	66
127.941948	0.185768	66
128.127716	0.197357	66
128.325073	0.150940	67
128.476013	0.336685	65
128.812698	0.336685	65
129.149384	0.348297	67
129.497681	0.336700	70
129.834381	0.116089	0
129.950470	0.255432	0
130.205902	0.185760	63
130.391663	0.290237	62
130.681900	0.208984	62
130.890884	0.185760	61
131.076645	0.162537	61
131.239182	0.348297	62
131.587479	0.162537	62
131.750015	0.359924	63
132.109940	0.162537	59
132.272476	0.150925	59
132.423401	0.197372	61
132.620773	0.301865	0
132.922638	0.580490	62
133.503128	0.162537	59
133.665665	0.174149	59
133.839813	0.174149	62
134.013962	0.336700	62
134.350662	0.197372	63
134.548035	0.150925	62
134.698959	0.185760	62
134.884720	0.162537	62
135.047256	0.174149	62
135.221405	0.174149	62
135.395554	0.174149	61
135.569702	0.162537	0
135.732239	0.174149	0
135.906387	0.127716	64
136.034103	0.232193	74
136.266296	0.174164	0
136.440460	0.139313	0
136.579773	0.197372	61
136.777145	0.174149	60
136.951294	0.174149	60
137.125443	0.174149	60
137.299591	0.255417	60
137.555008	0.267029	61
137.822037	0.185760	60
138.007797	0.150940	60
138.158737	0.348297	61
138.507034	0.174149	60
138.681183	0.510834	57
139.192017	0.150925	59
139.342941	0.197372	61
139.540314	0.348297	61
139.888611	0.185760	61
140.074371	0.174149	63
140.248520	0.162552	63
140.411072	0.162537	65
140.573608	0.162537	64
140.736145	0.197372	64
140.933517	0.336685	63
141.270203	0.197372	64
141.467575	0.162537	64
141.630112	0.174149	64
141.804260	0.139328	64
141.943588	0.197357	62
142.140945	0.174164	60
142.315109	0.197357	59
142.512466	0.150940	59
142.663406	0.185760	59
142.849167	0.325073	60
143.174240	0.174149	59
143.348389	0.336685	59
143.685074	0.185760	0
143.870834	0.150940	51
144.021774	0.197357	51
144.219131	0.174164	52
144.393295	0.185745	55
144.579041	0.104492	56
144.683533	0.232208	58
144.915741	0.150925	53
145.066666	0.359909	58
145.426575	0.162537	59
145.589111	0.197372	56
145.786484	0.116104	55
145.902588	0.220581	55
146.123169	0.185760	58
146.308929	0.162552	58
146.471481	0.336685	59
146.808167	0.185760	58
146.993927	0.348297	58
147.342224	0.104492	53
147.446716	0.371521	58
147.818237	0.243805	59
148.062042	0.127701	59
148.189743	0.185760	61
148.375504	0.359909	62
148.735413	0.162552	62
148.897964	0.208969	61
149.106934	0.162552	61
149.269485	0.336685	61
149.606171	0.162537	0
149.768707	0.441177	63
150.209885	0.081268	0
150.291153	0.336700	58
150.627853	0.174149	57
150.802002	0.174149	57
150.976151	0.522446	57
151.498596	0.162537	57
151.661133	0.185760	57
151.846893	0.162537	0
152.009430	0.208984	0
152.218414	0.139313	0
152.357727	0.185760	0
152.543488	0.081268	54
152.624756	0.092880	58
152.717636	0.174149	52
152.891785	0.150940	52
153.042725	0.185760	55
153.228485	0.174149	54
153.402634	0.185760	55
153.588394	0.116089	48
153.704483	0.220596	60
153.925079	0.185760	0
154.110840	0.174149	0
154.284988	0.139313	0
154.424301	0.208984	57
154.633286	0.174149	57
154.807434	0.359909	57
155.167343	0.162537	57
155.329880	0.185760	55
155.515640	0.336700	52
155.852341	0.185760	52
156.038101	0.162537	55
156.200638	0.185760	55
156.386398	0.162537	55
156.548935	0.348297	56
156.897232	0.185760	57
157.082993	0.174149	56
157.257141	0.185760	51
157.442902	0.162537	52
157.605438	0.232208	51
157.837646	0.116089	52
157.953735	0.185760	51
158.139496	0.162552	50
158.302048	0.174149	50
158.476196	0.162537	50
158.638733	0.359909	50
158.998642	0.336685	51
159.335327	0.185760	45
159.521088	0.174149	46
159.695236	0.174149	0
159.869385	0.150940	0
160.020325	0.197357	58
160.217682	0.174149	58
160.391830	0.348312	0
160.740143	0.185760	0
160.925903	0.162537	46
161.088440	0.174149	46
161.262589	0.174149	45
161.436737	0.174149	0
161.610886	0.174149	51
161.785034	0.185760	50
161.970795	0.150925	51
162.121719	0.185760	51
162.307480	0.174149	0
162.481628	0.174149	0
162.655777	0.162552	0
162.818329	0.174149	44
162.992477	0.174149	43
163.166626	0.174149	53
163.340775	0.104492	57
163.445267	0.278641	57
163.723907	0.127701	57
163.851608	0.208984	57
164.060593	0.116104	59
164.176697	0.220581	58
164.397278	0.174149	56
164.571426	0.127716	56
164.699142	0.174149	56
164.873291	0.208969	55
165.082260	0.185760	55
165.268021	0.174164	55
165.442184	0.162537	55
165.604721	0.174149	55
165.778870	0.174149	51
165.953018	0.185760	44
166.138779	0.162537	44
166.301315	0.185760	45
166.487076	0.162537	51
166.649612	0.174149	51
166.823761	0.174149	0
166.997910	0.174149	0
167.172058	0.174149	0
167.346207	0.174149	0
167.520355	0.162552	0
167.682907	0.185760	0
167.868668	0.174149	53
168.042816	0.174149	0
168.216965	0.162537	0
168.379501	0.185760	0
168.565262	0.139313	48
168.704575	0.220596	53
168.925171	0.104492	55
169.029663	0.232193	55
169.261856	0.174149	55
169.436005	0.185760	55
169.621765	0.150940	55
169.772705	0.336685	52
170.109390	0.208984	53
170.318375	0.150925	53
170.469299	0.197372	52
170.666672	0.336685	50
171.003357	0.162537	50
171.165894	0.185760	50
171.351654	0.162537	50
171.514191	0.185760	50
171.699951	0.162537	48
171.862488	0.185760	0
172.048248	0.174149	0
172.222397	0.162552	0
172.384949	0.174149	0
172.559097	0.174149	58
172.733246	0.174149	58
172.907394	0.174149	58
173.081543	0.162537	0
173.244080	0.197372	45
173.441452	0.174149	46
173.615601	0.162537	46
173.778137	0.174149	46
173.952286	0.174149	0
174.126434	0.162552	0
174.288986	0.313461	0
174.602448	0.232208	57
174.834656	0.174149	57
175.008804	0.162537	57
175.171341	0.174149	57
175.345490	0.185760	58
175.531250	0.359909	56
175.891159	0.139313	55
176.030472	0.185760	55
176.216232	0.174149	55
176.390381	0.185760	55
176.576141	0.162537	54
176.738678	0.174164	54
176.912842	0.174149	50
177.086990	0.185760	43
177.272751	0.150925	44
177.423676	0.185760	55
177.609436	0.174149	50
177.783585	0.174149	50
177.957733	0.162537	51
178.120270	0.185760	0
178.306030	0.174149	0
178.480179	0.185760	46
178.665939	0.150925	46
178.816864	0.185760	46
179.002625	0.174149	53
179.176773	0.174164	53
179.350937	0.162537	0
179.513474	0.174149	0
179.687622	0.174149	0
179.861771	0.197372	0
180.059143	0.081268	0
180.140411	0.069656	55
180.210068	0.174149	54
180.384216	0.185760	53
180.569977	0.162537	52
180.732513	0.174149	52
180.906662	0.174149	53
181.080811	0.185760	50
181.266571	0.174149	50
181.440720	0.185760	50
181.626480	0.162552	51
181.789032	0.174149	52
181.963181	0.162537	52
182.125717	0.174149	52
182.299866	0.174149	53
182.474014	0.174149	52
182.648163	0.325073	50
182.973236	0.208984	50
183.182220	0.185760	50
183.367981	0.127716	50
183.495697	0.034821	49
183.530518	0.150940	50
183.681458	0.197357	50
183.878815	0.162552	0
184.041367	0.174149	51
184.215515	0.162537	51
184.378052	0.185760	50
184.563812	0.174149	45
184.737961	0.127701	44
184.865662	0.220596	61
185.086258	0.139313	62
185.225571	0.162552	62
185.388123	0.232193	62
185.620316	0.150925	62
185.771240	0.174164	62
185.945404	0.150925	62
186.096329	0.139313	62
186.235641	0.232208	58
186.467850	0.150925	59
186.618774	0.185760	61
186.804535	0.220596	61
187.025131	0.150925	62
187.176056	0.336685	62
187.512741	0.185760	62
187.698502	0.162537	62
187.861038	0.185760	62
188.046799	0.174149	62
188.220947	0.336700	62
188.557648	0.185760	50
188.743408	0.162537	50
188.905945	0.174149	0
189.080093	0.174149	56
189.254242	0.185760	57
189.440002	0.150925	0
189.590927	0.197372	49
189.788300	0.150925	49
189.939224	0.185760	50
190.124985	0.174149	56
190.299133	0.139328	0
190.438461	0.208969	60
190.647430	0.185760	60
190.833191	0.127716	61
190.960907	0.174149	60
191.135056	0.197372	62
191.332428	0.174149	62
191.506577	0.197372	60
191.703949	0.162537	61
191.866486	0.139313	62
192.005798	0.220596	62
192.226395	0.150925	61
192.377319	0.150940	61
192.528259	0.197357	62
192.725616	0.197372	62
192.922989	0.174149	61
193.097137	0.185760	60
193.282898	0.139328	60
193.422226	0.185760	60
193.607986	0.185760	60
193.793747	0.325073	60
194.118820	0.185760	60
194.304581	0.348297	57
194.652878	0.162537	0
194.815414	0.185760	0
195.001175	0.162537	46
195.163712	0.185760	48
195.349472	0.150940	0
195.500412	0.185760	0
195.686172	0.174149	0
195.860321	0.162537	58
196.022858	0.197372	61
196.220230	0.185760	63
196.405991	0.150925	0
196.556915	0.185760	60
196.742676	0.162537	56
196.905212	0.162537	58
197.067749	0.162552	58
197.230301	0.150925	55
197.381226	0.220581	58
197.601807	0.150940	58
197.752747	0.197372	58
197.950119	0.348297	59
198.298416	0.197372	58
198.495789	0.336685	57
198.832474	0.162537	58
198.995010	0.185760	57
199.180771	0.162537	57
199.343307	0.348297	57
199.691605	0.174149	0
199.865753	0.174149	0
200.039902	0.174164	0
200.214066	0.162537	0
200.376602	0.174149	0
200.550751	0.185760	0
200.736511	0.174149	0
200.910660	0.162537	0
201.073196	0.185760	50
201.258957	0.174149	50
201.433105	0.162537	50
201.595642	0.185760	56
201.781403	0.174149	57
201.955551	0.174149	0
202.129700	0.185760	55
202.315460	0.162552	56
202.478012	0.174149	55
202.652161	0.174149	55
202.826309	0.162537	56
202.988846	0.185760	54
203.174606	0.174149	53
203.348755	0.174149	56
203.522903	0.185760	56
203.708664	0.150925	58
203.859589	0.185760	59
204.045349	0.336685	58
204.382034	0.174149	57
204.556183	0.348312	57
204.904495	0.336685	57
205.241180	0.290253	57
205.531433	0.371521	57
205.902954	0.150925	57
206.053879	0.081268	57
206.135147	0.092880	57
206.228027	0.081268	57
206.309296	1.369980	57
207.679276	0.174149	0
207.853424	0.174149	0
208.027573	0.174149	0
208.201721	0.116104	0
208.317825	0.267029	64
208.584854	0.394745	0
208.979599	0.441177	61
209.420776	0.139313	62
209.560089	0.185760	63
209.745850	0.185760	62
209.931610	0.092880	62
210.024490	0.267029	62
210.291519	0.139313	61
210.430832	0.243820	61
210.674652	0.255417	62
210.930069	0.208984	62
211.139053	0.301849	61
211.440903	0.232208	59
211.673111	0.174149	57
211.847260	0.359909	62
212.207169	0.150925	63
212.358093	0.197372	63
212.555466	0.325073	63
212.880539	0.348297	62
213.228836	0.174164	0
213.403000	0.174149	0
213.577148	0.174149	0
213.751297	0.348297	63
214.099594	0.162537	62
214.262131	0.185760	61
214.447891	0.127716	60
214.575607	0.383118	62
214.958725	0.139328	63
215.098053	0.336685	62
215.434738	0.197372	62
215.632111	0.336685	61
215.968796	0.359909	62
216.328705	0.127716	62
216.456421	0.406342	62
216.862762	0.174149	59
217.036911	0.197372	59
217.234283	0.139328	59
217.373611	0.359909	56
217.733521	0.197357	55
217.930878	0.499237	55
218.430115	0.174149	54
218.604263	0.162537	48
218.766800	0.197372	47
218.964172	0.150925	0
219.115097	0.185760	64
219.300858	0.139328	46
219.440186	0.150925	47
219.591110	0.220596	48
219.811707	0.174149	55
219.985855	0.139313	56
220.125168	0.208984	59
220.334152	0.162537	61
220.496689	0.174149	61
220.670837	0.336685	60
221.007523	0.185760	62
221.193283	0.336700	60
221.529984	0.185760	60
221.715744	0.174149	62
221.889893	0.162537	62
222.052429	0.185760	61
222.238190	0.174149	58
222.412338	0.162537	66
222.574875	0.185760	67
222.760635	0.139313	60
222.899948	0.371521	61
223.271469	0.162552	62
223.434021	0.197357	62
223.631378	0.325089	62
223.956467	0.185760	61
224.142227	0.185760	61
224.327988	0.174149	0
224.502136	0.150925	0
224.653061	0.185760	65
224.838821	0.104492	65
224.943314	0.243805	62
225.187119	0.150925	60
225.338043	0.197372	52
225.535416	0.150940	54
225.686356	0.313461	60
225.999817	0.394745	57
226.394562	0.150925	58
226.545486	0.185760	61
226.731247	0.139313	60
226.870560	0.208984	60
227.079544	0.185760	60
227.265305	0.162537	58
227.427841	0.174149	57
227.601990	0.174149	57
227.776138	0.174164	57
227.950302	0.150925	57
228.101227	0.359909	56
228.461136	0.197372	0
228.658508	0.162537	0
228.821045	0.174149	0
228.995193	0.162537	0
229.157730	0.174149	0
229.331879	0.174149	73
229.506027	0.185760	71
229.691788	0.162537	0
229.854324	0.336700	0
230.191025	0.313461	63
230.504486	0.383133	63
230.887619	0.336685	58
231.224304	0.383133	60
231.607437	0.162537	63
231.769974	0.313477	62
232.083450	0.197372	62
232.280823	0.185760	61
232.466583	0.150925	62
232.617508	0.359909	63
232.977417	0.139313	63
233.116730	0.383133	62
233.499863	0.150925	59
233.650787	0.174149	59
233.824936	0.185760	61
234.010696	0.348312	62
234.359009	0.534058	62
234.893066	0.150925	59
235.043991	0.174149	59
235.218140	0.174149	62
235.392288	0.174149	63
235.566437	0.162537	62
235.728973	0.150940	63
235.879913	0.208969	62
236.088882	0.185760	62
236.274643	0.150940	63
236.425583	0.174149	62
236.599731	0.185760	62
236.785492	0.162537	0
236.948029	0.174149	0
237.122177	0.174149	50
237.296326	0.139328	51
237.435654	0.220581	57
237.656235	0.162537	60
237.818771	0.127716	59
237.946487	0.220581	61
238.167068	0.185760	60
238.352829	0.150940	60
238.503769	0.174149	60
238.677917	0.255417	61
238.933334	0.267029	61
239.200363	0.348297	60
239.548660	0.348297	58
239.896957	0.174149	61
240.071106	0.510849	57
240.581955	0.162537	58
240.744492	0.185760	61
240.930252	0.348297	61
241.278549	0.162537	61
241.441086	0.313477	63
241.754562	0.220581	64
241.975143	0.139328	64
242.114471	0.208969	63
242.323441	0.336700	63
242.660141	0.174149	64
242.834290	0.185760	65
243.020050	0.325073	65
243.345123	0.185760	63
243.530884	0.162537	61
243.693420	0.348297	59
244.041718	0.174149	59
244.215866	0.150940	60
244.366806	0.197372	59
244.564178	0.174149	60
244.738327	0.348297	59
245.086624	0.174149	0
245.260773	0.162537	0
245.423309	0.185760	0
245.609070	0.174149	63
245.783218	0.174149	67
245.957367	0.150940	68
246.108307	0.197357	58
246.305664	0.139328	57
246.444992	0.220581	58
246.665573	0.139328	58
246.804901	0.174149	59
246.979050	0.197372	59
247.176422	0.116089	56
247.292511	0.208984	55
247.501495	0.185760	57
247.687256	0.174149	58
247.861404	0.336685	58
248.198090	0.174149	59
248.372238	0.185760	58
248.557999	0.162552	0
248.720551	0.139313	57
248.859863	0.174149	58
249.034012	0.174149	53
249.208160	0.232208	58
249.440369	0.081268	58
249.521637	0.232193	61
249.753830	0.185760	61
249.939590	0.092880	62
250.032471	0.092880	63
250.125351	0.162537	63
250.287888	0.197372	61
250.485260	0.150925	61
250.636185	0.359909	0
250.996094	0.174149	0
251.170242	0.441193	63
251.611435	0.220581	0
251.832016	0.185760	58
252.017776	0.174149	57
252.191925	0.174149	57
252.366074	0.185760	57
252.551834	0.162537	57
252.714371	0.162552	56
252.876923	0.162537	58
253.039459	0.185760	58
253.225220	0.174149	0
253.399368	0.348297	46
253.747665	0.185760	51
253.933426	0.069656	50
254.003082	0.104492	51
254.107574	0.162537	57
254.270111	0.150925	61
254.421036	0.185760	53
254.606796	0.185760	53
254.792557	0.174149	56
254.966705	0.116104	48
255.082809	0.220596	59
255.303406	0.174149	59
255.477554	0.185760	59
255.663315	0.127701	51
255.791016	0.232208	56
256.023224	0.162537	57
256.185760	0.092865	0
256.278625	0.267029	57
256.545654	0.174164	56
256.719818	0.499237	54
257.219055	0.174133	55
257.393188	0.185760	55
257.578949	0.325073	55
257.904022	0.371521	56
258.275543	0.162567	57
258.438110	0.197357	54
258.635468	0.220581	47
258.856049	0.116119	52
258.972168	0.174133	51
259.146301	0.162537	52
259.308838	0.174164	50
259.483002	0.185760	50
259.668762	0.197357	50
259.866119	0.139313	50
260.005432	0.174164	51
260.179596	0.174133	50
260.353729	0.348297	54
260.702026	0.185760	51
260.887787	0.162567	0
261.050354	0.162537	0
261.212891	0.174133	0
261.387024	0.185760	51
261.572784	0.174164	50
261.746948	0.417938	51
262.164886	0.441193	51
262.606079	0.464386	46
263.070465	0.603729	59
263.674194	0.812714	58
264.486908	0.777863	58
265.264771	1.033264	58
266.298035	1.741516	58
268.039551	0.220581	0
268.260132	0.208984	0
268.469116	0.127716	0
268.596832	0.359894	0
268.956726	0.197388	0
269.154114	0.684967	53
269.839081	0.650177	61
270.489258	0.243805	0
270.733063	0.046448	0
270.779510	0.267029	0
271.046539	0.104492	0
271.151031	0.092865	0
271.243896	0.301849	61
271.545746	0.417969	61
271.963715	0.197388	61
272.161102	0.545654	64
272.706757	0.487610	64
273.194366	0.197388	64
273.391754	0.162537	64
273.554291	0.197357	64
273.751648	0.150940	64
273.902588	0.185760	64
274.088348	0.174133	64
274.262482	0.162567	64
274.425049	0.150909	64
274.575958	0.208984	63
274.784943	0.162537	63
274.947479	0.359924	62
275.307404	0.174133	62
275.481537	0.174164	62
275.655701	0.174133	62
275.829834	0.162537	63
275.992371	0.185760	62
276.178131	0.150940	63
276.329071	0.208984	63
276.538055	0.139313	62
276.677368	0.197357	63
276.874725	0.092896	63
276.967621	0.243805	62
277.211426	0.139313	62
277.350739	0.197388	63
277.548126	0.185760	62
277.733887	0.267029	62
278.000916	0.394745	0
278.395660	1.335144	53
279.730804	0.116089	0
279.846893	0.139313	0
279.986206	5.585480	0
