1.428027	0.580499	0
2.008526	0.267030	0
2.275556	0.267030	44
2.542585	0.290249	45
2.832834	0.336689	46
3.169524	0.255419	51
3.424943	0.290250	51
3.715193	0.278639	52
3.993832	0.301859	52
4.295691	0.255420	52
4.551111	0.626939	61
5.178050	0.603719	50
5.781769	0.243809	0
6.025578	0.313469	50
6.339047	0.290250	50
6.629297	0.267029	50
6.896327	0.278639	50
7.174966	0.626939	59
7.801905	0.243810	52
8.045714	0.325079	53
8.370793	0.255420	0
8.626213	0.336689	51
8.962902	0.150930	52
9.113832	0.092879	0
9.206712	0.255420	52
9.462132	0.058050	52
9.520182	0.313469	43
9.833651	0.267030	51
10.100680	0.313469	0
10.414149	0.255420	45
10.669569	0.174150	45
10.843719	0.162540	45
11.006259	0.313469	0
11.319728	0.278640	45
11.598368	0.267029	45
11.865396	0.893969	45
12.759365	0.278640	52
13.038005	0.290249	52
13.328254	0.278640	55
13.606894	0.290249	55
13.897142	0.162540	62
14.059683	0.383129	62
14.442812	0.092879	60
14.535691	0.232200	60
14.767891	0.220590	0
14.988481	0.301860	0
15.290340	0.313469	56
15.603809	0.336690	57
15.940499	0.255420	57
16.195919	0.267029	56
16.462948	0.267029	57
16.729977	0.499229	55
17.229206	0.127710	0
17.356916	0.267029	0
17.623945	0.325079	51
17.949024	0.116100	49
18.065125	0.464399	55
18.529524	0.301859	51
18.831383	0.255421	51
19.086803	0.290249	0
19.377052	0.092880	0
19.469933	0.243809	0
19.713741	0.267029	0
19.980770	0.290251	49
20.271021	0.301859	48
20.572880	0.325079	49
20.897959	0.255421	49
21.153379	0.278639	48
21.432018	0.290249	54
21.722267	0.301859	48
22.024126	0.255421	54
22.279547	0.243809	53
22.523355	0.127710	52
22.651066	0.058050	51
22.709116	0.197369	54
22.906485	0.081270	52
22.987755	0.232201	52
23.219955	0.476007	53
23.695963	0.267031	58
23.962994	0.406349	57
24.369343	0.150928	0
24.520271	0.116100	0
24.636372	0.290249	57
24.926620	0.162540	56
25.089161	0.150930	56
25.240091	0.139318	47
25.379410	0.150930	47
25.530340	0.267029	56
25.797369	0.150930	55
25.948299	0.139320	55
26.087620	0.592108	51
26.679728	0.290249	0
26.969976	0.325081	51
27.295057	0.069660	47
27.364717	0.325079	53
27.689796	0.174149	51
27.863945	0.208981	51
28.072926	0.092880	64
28.165806	0.116098	62
28.281904	0.476009	53
28.757914	0.278639	50
29.036552	0.185760	0
29.222313	0.325079	49
29.547392	0.313469	46
29.860861	0.336691	49
30.197552	0.394739	49
30.592291	0.650158	50
31.242449	0.092880	0
31.335329	0.301859	41
31.637188	0.255421	0
31.892609	0.116100	51
32.008709	0.499229	51
32.507938	0.290249	59
32.798187	0.290249	47
33.088436	0.208981	43
33.297417	0.104488	0
33.401905	0.278641	44
33.680546	0.290249	41
33.970795	0.313469	52
34.284264	0.267029	53
34.551292	0.278641	0
34.829933	0.290249	52
35.120182	0.267029	62
35.387211	0.301861	43
35.689072	0.893967	42
36.583038	0.116100	0
36.699139	0.116100	0
36.815239	0.325077	49
37.140316	0.325081	0
37.465397	0.534058	50
37.999454	0.069660	52
38.069115	0.278641	56
38.347755	0.255421	45
38.603176	0.313469	45
38.916645	0.278637	0
39.195282	0.255421	44
39.450703	0.325081	45
39.775784	0.301857	52
40.077641	0.278641	44
40.356281	0.267029	44
40.623310	0.325081	52
40.948391	0.290249	55
41.238640	0.278641	52
41.517281	0.290249	60
41.807529	0.301857	60
42.109386	0.174152	62
42.283539	0.267029	60
42.550568	0.139320	60
42.689888	0.568886	57
43.258774	0.267033	46
43.525806	0.255417	48
43.781223	0.348301	56
44.129524	0.290249	56
44.419773	0.278641	56
44.698414	0.336689	55
45.035103	0.278637	52
45.313740	0.174152	0
45.487892	0.116100	0
45.603992	0.313469	0
45.917461	0.116100	53
46.033562	0.162537	55
46.196098	0.290253	51
46.486351	0.290249	50
46.776600	0.232197	50
47.008797	0.069660	51
47.078457	0.150932	50
47.229389	0.139317	0
47.368706	0.267033	49
47.635738	0.290249	50
47.925987	0.278637	49
48.204624	0.290253	0
48.494877	0.325077	48
48.819954	0.290249	53
49.110203	0.290249	49
49.400452	0.290253	54
49.690704	0.290249	50
49.980953	0.278637	0
50.259590	0.313473	53
50.573063	0.104488	53
50.677551	0.185760	55
50.863312	0.243809	54
51.107121	0.325081	61
51.432201	0.313469	53
51.745670	0.069660	54
51.815331	0.162537	56
51.977867	0.162540	57
52.140408	0.441181	57
52.581589	0.301857	56
52.883446	0.290249	56
53.173695	0.301861	56
53.475555	0.290249	56
53.765804	0.278641	56
54.044445	0.313469	58
54.357914	0.290249	58
54.648163	0.278641	53
54.926804	0.150928	55
55.077732	0.139320	58
55.217052	0.220589	58
55.437641	0.046440	58
55.484081	0.325081	59
55.809162	0.267029	61
56.076191	0.301861	59
56.378052	0.313469	51
56.691521	0.185757	50
56.877277	0.069660	49
56.946938	0.301861	50
57.248798	0.290249	48
57.539047	0.290249	45
57.829296	0.255421	49
58.084717	0.208981	50
58.293697	0.139320	49
58.433018	0.243809	50
58.676826	0.336689	49
59.013515	0.278637	50
59.292152	0.290253	50
59.582405	0.267029	0
59.849434	0.325077	51
60.174511	0.290253	49
60.464764	0.290249	0
60.755013	0.278637	47
61.033649	0.301861	0
61.335510	0.267029	53
61.602539	0.313469	53
61.916008	0.301861	53
62.217869	0.267029	0
62.484898	0.220589	0
62.705486	0.371521	67
63.077007	0.278641	68
63.355648	0.325077	55
63.680725	0.197369	0
63.878094	0.069660	0
63.947754	0.301857	49
64.249611	0.290253	52
64.539864	0.278641	66
64.818504	0.278641	50
65.097145	0.301857	55
65.399002	0.278641	72
65.677643	0.301857	71
65.979500	0.301857	56
66.281357	0.278641	57
66.559998	0.290253	63
66.850250	0.290245	0
67.140495	0.232201	0
67.372696	0.069664	0
67.442360	0.290245	63
67.732605	0.290253	62
68.022858	0.290253	66
68.313110	0.197365	66
68.510475	0.383133	49
68.893608	0.290245	0
69.183853	0.290253	62
69.474106	0.301857	62
69.775963	0.267029	65
70.042992	0.197372	52
70.240364	0.278641	53
70.519005	0.104485	52
70.623489	0.580498	55
71.203987	0.313477	62
71.517464	0.278633	57
71.796097	0.139320	68
71.935417	0.069664	68
72.005081	0.394737	56
72.399818	0.278641	56
72.678459	0.290245	55
72.968704	0.255424	54
73.224129	0.336685	54
73.560814	0.278641	55
73.839455	0.313469	58
74.152924	0.255424	60
74.408348	0.325073	59
74.733421	0.267029	70
75.000450	0.278641	56
75.279091	0.267029	58
75.546120	0.336693	57
75.882812	0.313469	56
76.196281	0.255417	52
76.451698	0.139320	52
76.591019	0.441177	55
77.032196	0.290253	57
77.322449	0.313469	56
77.635918	0.301857	58
77.937775	0.278641	61
78.216415	0.278641	59
78.495056	0.139320	61
78.634377	0.197372	62
78.831749	0.267029	61
79.098778	0.290245	66
79.389023	0.278641	63
79.667664	0.232201	50
79.899864	0.650162	56
80.550026	0.290245	54
80.840271	0.301857	55
81.142128	0.116104	52
81.258232	0.406349	55
81.664581	0.348297	61
82.012878	0.267029	68
82.279907	0.267029	0
82.546936	0.325081	58
82.872017	0.255424	59
83.127441	0.336685	58
83.464127	0.290253	61
83.754379	0.301857	61
84.056236	0.255417	62
84.311653	0.267029	62
84.578682	0.278641	58
84.857323	0.348297	56
85.205620	0.290253	57
85.495872	0.278641	56
85.774513	0.139320	64
85.913834	0.441177	58
86.355011	0.290253	52
86.645264	0.290245	50
86.935509	0.243813	49
87.179321	0.348297	62
87.527618	0.243813	62
87.771431	0.220589	54
87.992020	0.336685	54
88.328705	0.069664	0
88.398369	0.127708	0
88.526077	0.150932	0
88.677010	0.278633	49
88.955643	0.162544	49
89.118187	0.116096	50
89.234283	0.626938	56
89.861221	0.290253	59
90.151474	0.278641	52
90.430115	0.220589	53
90.650703	0.383125	54
91.033829	0.278641	55
91.312469	1.137779	45
92.450249	0.208977	0
92.659225	0.092880	0
92.752106	0.325081	49
93.077187	0.278641	51
93.355827	0.557281	49
93.913109	0.336685	49
94.249794	0.267029	45
94.516823	0.290253	44
94.807076	0.290245	44
95.097321	0.174156	45
95.271477	0.081268	45
95.352745	0.313469	44
95.666214	0.313469	51
95.979683	0.348297	47
96.327980	0.139320	0
96.467300	0.046440	0
96.513741	0.325081	52
96.838821	0.313469	52
97.152290	0.267029	55
97.419319	0.301857	51
97.721176	0.278641	51
97.999817	0.185760	43
98.185577	0.394737	49
98.580315	0.568893	45
99.149208	0.278641	56
99.427849	0.348297	56
99.776146	0.092880	57
99.869026	0.476006	56
100.345032	0.243813	56
100.588844	0.162537	52
100.751381	0.185760	52
100.937141	0.255424	57
101.192566	0.301857	52
101.494423	0.301857	58
101.796280	0.116104	58
101.912384	0.174149	59
102.086533	0.116096	58
102.202629	0.162544	58
102.365173	0.197365	55
102.562538	0.104492	53
102.667030	0.290245	55
102.957275	0.290253	51
103.247528	0.185760	49
103.433289	0.116096	50
103.549385	0.232201	50
103.781586	0.301865	52
104.083450	0.313469	51
104.396919	0.220589	53
104.617508	0.359909	51
104.977417	0.290245	53
105.267662	0.301865	51
105.569527	0.290245	48
105.859772	0.150932	63
106.010704	0.162537	54
106.173241	0.290253	53
106.463493	0.116096	66
106.579590	0.174149	61
106.753738	0.220596	55
106.974335	0.058044	54
107.032379	0.290253	51
107.322632	0.197365	50
107.519997	0.243813	54
107.763809	0.150932	62
107.914742	0.267029	56
108.181770	0.301857	0
108.483627	0.278641	60
108.762268	0.185760	56
108.948029	0.116096	56
109.064125	0.278641	48
109.342766	0.301857	56
109.644623	0.220596	56
109.865219	0.081268	55
109.946487	0.243805	59
110.190292	0.069664	59
110.259956	0.139320	59
110.399277	0.162537	0
110.561813	0.255417	57
110.817230	0.301865	59
111.119095	0.267029	58
111.386124	0.243805	59
111.629929	0.104492	57
111.734421	0.034828	56
111.769249	0.220589	57
111.989838	0.290253	58
112.280090	0.127708	50
112.407799	0.162544	57
112.570343	0.290245	56
112.860588	0.267029	0
113.127617	0.232201	53
113.359818	0.092880	56
113.452698	0.081268	56
113.533966	0.150932	56
113.684898	0.197372	56
113.882271	0.417953	55
114.300224	0.185760	57
114.485985	0.348297	56
114.834282	0.441185	63
115.275467	0.197365	62
115.472832	0.255424	61
115.728256	0.313469	62
116.041725	0.255417	62
116.297142	0.220589	60
116.517731	0.127708	0
116.645439	0.290253	58
116.935692	0.278641	53
117.214333	0.301857	65
117.516190	0.301857	60
117.818047	0.290253	53
118.108299	0.290253	0
118.398552	0.243805	61
118.642357	0.325081	53
118.967438	0.267029	63
119.234467	0.580498	57
119.814964	0.325081	59
120.140045	0.290253	58
120.430298	0.267029	59
120.697327	0.278641	61
120.975967	0.336685	62
121.312653	0.290253	61
121.602905	0.267029	59
121.869934	0.313469	61
122.183403	0.278641	60
122.462044	0.301857	63
122.763901	0.220589	0
122.984489	0.081268	0
123.065758	0.278641	63
123.344398	0.290253	61
123.634651	0.290245	71
123.924896	0.290253	62
124.215149	0.232201	62
124.447350	0.069656	61
124.517006	0.278641	62
124.795647	0.290253	71
125.085899	0.174149	66
125.260048	0.139320	66
125.399368	0.162537	65
125.561905	0.127708	66
125.689613	0.278641	65
125.968254	0.174149	65
126.142403	0.267029	52
126.409431	0.127708	52
126.537140	0.568893	0
127.106033	0.325081	56
127.431114	0.267029	51
127.698143	0.116096	56
127.814240	0.464401	53
128.278641	0.290253	59
128.568893	0.290237	55
128.859131	0.267044	55
129.126175	0.325073	55
129.451248	0.278641	53
129.729889	0.267029	52
129.996918	0.034836	52
130.031754	0.255417	59
130.287170	0.336685	60
130.623856	0.255417	0
130.879272	0.290253	55
131.169525	0.336685	71
131.506210	0.255417	0
131.761627	0.580505	63
132.342133	0.150925	52
132.493057	0.441177	52
132.934235	0.278641	0
133.212875	0.325089	51
133.537964	0.267029	57
133.804993	0.290253	67
134.095245	0.290237	68
134.385483	0.139328	66
134.524811	0.116089	66
134.640900	0.290253	53
134.931152	0.046448	49
134.977600	0.290253	50
135.267853	0.278625	63
135.546478	0.267044	53
135.813522	0.592102	62
136.405624	0.313461	52
136.719086	0.290253	56
137.009338	0.127716	56
137.137054	0.371521	55
137.508575	0.081268	56
137.589844	0.290253	65
137.880096	0.290237	63
138.170334	0.278641	54
138.448975	0.325089	58
138.774063	0.278641	63
139.052704	0.220581	51
139.273285	0.092880	0
139.366165	0.267029	59
139.633194	0.301865	59
139.935059	0.278641	63
140.213699	0.267029	59
140.480728	0.348297	58
140.829025	0.267029	57
141.096054	0.278641	63
141.374695	0.290253	62
141.664948	0.127701	63
141.792648	0.104492	64
141.897141	0.359909	63
142.257050	0.278641	62
142.535690	0.301865	0
142.837555	0.290253	66
143.127808	0.278625	61
143.406433	0.290253	63
143.696686	0.568893	57
144.265579	0.313461	51
144.579041	0.290253	50
144.869293	0.255417	53
145.124710	0.626938	59
145.751648	0.290253	56
146.041901	0.290253	48
146.332153	0.290253	51
146.622406	0.278641	0
146.901047	0.301849	0
147.202896	0.301865	0
147.504761	0.243805	0
147.748566	0.336700	61
148.085266	0.185760	61
148.271027	0.116089	59
148.387115	0.092880	52
148.479996	0.487625	59
148.967621	0.290253	62
149.257874	0.278641	61
149.536514	0.278625	60
149.815140	0.615341	59
150.430481	0.267029	62
150.697510	0.290253	47
150.987762	0.255417	63
151.243179	0.325073	56
151.568253	0.290253	51
151.858505	0.290253	47
152.148758	0.267029	67
152.415787	0.325073	62
152.740860	0.290253	59
153.031113	0.104492	55
153.135605	0.766251	61
153.901855	0.278641	61
154.180496	0.278641	53
154.459137	0.603714	58
155.062851	0.301865	57
155.364716	0.278641	47
155.643356	0.301865	52
155.945221	0.278641	53
156.223862	0.301849	56
156.525711	0.301865	0
156.827576	0.255417	0
157.082993	0.313477	54
157.396469	0.301849	58
157.698318	0.069656	52
157.767975	0.487625	59
158.255600	0.301865	59
158.557465	0.290253	60
158.847717	0.267029	58
159.114746	0.603714	57
159.718460	0.301865	67
160.020325	0.267029	48
160.287354	0.301849	59
160.589203	0.301865	59
160.891068	0.290253	56
161.181320	0.278641	62
161.459961	0.301849	62
161.761810	0.301865	66
162.063675	0.278641	70
162.342316	0.081268	52
162.423584	0.499222	68
162.922806	0.290253	72
163.213058	0.278641	64
163.491699	0.278641	65
163.770340	0.603714	68
164.374054	0.301865	69
164.675919	0.301865	69
164.977783	0.278641	68
165.256424	0.301849	69
165.558273	0.290253	58
165.848526	0.301865	62
166.150391	0.290237	60
166.440628	0.278641	62
166.719269	0.290253	67
167.009521	0.290253	60
167.299774	0.301865	68
167.601639	0.301849	67
167.903488	0.278641	66
168.182129	0.290253	63
168.472382	0.290253	63
168.762634	0.290253	63
169.052887	0.278625	63
169.331512	0.290253	47
169.621765	0.301865	63
169.923630	0.278641	58
170.202271	0.301849	56
170.504120	0.290253	46
170.794373	0.290253	46
171.084625	0.081268	56
171.165894	0.208984	61
171.374878	0.290253	58
171.665131	0.081268	52
171.746399	0.789474	54
172.535873	0.278641	55
172.814514	0.290253	54
173.104767	0.592102	65
173.696869	0.313477	53
174.010345	0.232193	67
174.242538	0.336685	68
174.579224	0.290253	53
174.869476	0.301865	55
175.171341	0.267029	0
175.438370	0.336685	68
175.775055	0.255417	0
176.030472	0.313477	54
176.343948	0.278641	51
176.622589	0.522446	51
177.145035	0.058044	55
177.203079	0.313477	54
177.516556	0.290253	63
177.806808	0.278641	0
178.085449	0.220581	57
178.306030	0.046448	57
178.352478	0.313461	53
178.665939	0.197372	47
178.863312	0.104492	47
178.967804	0.278641	56
179.246445	0.197372	57
179.443817	0.092865	56
179.536682	0.290253	56
179.826935	0.220596	47
180.047531	0.081268	56
180.128799	0.278641	58
180.407440	0.301849	64
180.709290	0.174164	57
180.883453	0.104477	55
180.987930	0.870758	58
181.858688	0.278641	60
182.137329	0.255417	53
182.392746	0.638550	66
183.031296	0.301849	69
183.333145	0.278641	47
183.611786	0.313477	52
183.925262	0.255417	53
184.180679	0.301865	56
184.482544	0.278641	62
184.761185	0.313461	63
185.074646	0.278641	63
185.353287	0.290253	55
185.643539	0.220581	51
185.864120	0.081284	66
185.945404	0.197357	63
186.142761	0.313477	58
186.456238	0.069656	54
186.525894	0.290253	53
186.816147	0.290253	57
187.106400	0.580490	57
187.686890	0.278641	58
187.965530	0.185760	48
188.151291	0.034836	48
188.186127	0.092880	65
188.279007	0.290237	64
188.569244	0.255432	63
188.824677	0.325073	56
189.149750	0.278641	62
189.428391	0.301865	0
189.730255	0.278641	67
190.008896	0.290237	71
190.299133	0.081268	52
190.380402	0.510849	61
190.891251	0.139313	67
191.030563	0.162537	67
191.193100	0.267029	62
191.460129	0.290253	72
191.750381	0.092880	74
191.843262	0.510849	72
192.354111	0.290237	0
192.644348	0.290253	64
192.934601	0.185760	63
193.120361	0.092880	64
193.213242	0.278641	64
193.491882	0.208984	56
193.700867	0.081268	0
193.782135	0.313461	0
194.095596	0.150940	0
194.246536	0.127701	63
194.374237	0.290253	63
194.664490	0.150925	66
194.815414	0.150940	58
194.966354	0.081268	56
195.047623	0.801086	57
195.848709	0.278641	57
196.127350	0.255417	55
196.382767	0.615326	56
196.998093	0.290253	60
197.288345	0.278641	47
197.566986	0.220581	48
197.787567	0.081284	50
197.868851	0.290237	60
198.159088	0.278641	56
198.437729	0.301865	0
198.739594	0.185760	46
198.925354	0.058044	46
198.983398	0.348297	55
199.331696	0.139328	60
199.471024	0.139313	59
199.610336	0.081268	53
199.691605	0.197372	52
199.888977	0.603714	60
200.492691	0.290253	56
200.782944	0.267029	44
201.049973	0.615341	56
201.665314	0.278625	59
201.943939	0.290253	47
202.234192	0.208984	47
202.443176	0.081268	48
202.524445	0.290253	59
202.814697	0.301849	56
203.116547	0.278641	0
203.395187	0.185760	46
203.580948	0.092880	48
203.673828	0.325089	54
203.998917	0.127701	57
204.126617	0.139328	67
204.265945	0.893967	61
205.159912	0.278641	56
205.438553	0.232193	61
205.670746	0.650162	61
206.320908	0.290253	62
206.611160	0.278641	71
206.889801	0.243805	61
207.133606	0.058044	59
207.191650	0.290253	60
207.481903	0.278641	56
207.760544	0.313477	0
208.074020	0.174149	0
208.248169	0.058044	0
208.306213	0.046432	57
208.352646	0.290253	57
208.642899	0.232208	0
208.875107	0.348297	51
209.223404	0.174149	52
209.397552	0.104492	51
209.502045	0.301849	59
209.803894	0.197372	61
210.001266	0.092880	62
210.094147	0.301865	62
210.396011	0.290253	60
210.686264	0.197357	59
210.883621	0.092880	60
210.976501	0.267029	65
211.243530	0.313477	66
211.557007	0.220596	60
211.777603	0.058044	60
211.835648	0.290253	62
212.125900	0.278641	56
212.404541	0.301849	62
212.706390	0.208984	63
212.915375	0.081268	63
212.996643	0.278641	65
213.275284	0.197372	71
213.472656	0.092880	71
213.565536	0.325073	68
213.890610	0.185760	67
214.076370	0.383133	67
214.459503	0.301865	66
214.761368	0.290237	67
215.051605	0.185760	68
215.237366	0.383133	60
215.620499	0.313477	60
215.933975	0.208969	66
216.142944	0.069656	0
216.212601	0.220596	60
216.433197	0.058044	60
216.491241	0.301865	59
216.793106	0.185760	63
216.978867	0.104492	63
217.083359	0.290253	62
217.373611	0.197357	62
217.570969	0.081284	62
217.652252	0.313461	62
217.965714	0.139328	60
218.105042	0.139313	71
218.244354	0.081268	62
218.325623	0.441177	61
218.766800	0.359909	60
219.126709	0.232208	64
219.358917	0.058044	63
219.416962	0.267029	62
219.683990	0.603714	57
220.287704	0.290253	60
220.577957	0.290253	47
220.868210	0.243805	48
221.112015	0.336685	63
221.448700	0.290253	62
221.738953	0.313477	60
222.052429	0.243805	46
222.296234	0.325089	46
222.621323	0.278625	46
222.899948	0.313477	59
223.213425	0.174149	51
223.387573	0.406357	62
223.793930	0.197357	62
223.991287	0.104492	60
224.095779	0.267029	59
224.362808	0.325089	61
224.687897	0.255417	60
224.943314	0.290253	57
225.233566	0.232193	57
225.465759	0.081268	60
225.547028	0.267029	62
225.814056	0.290253	59
226.104309	0.290253	56
226.394562	0.301849	47
226.696411	0.220596	46
226.917007	0.034836	47
226.951843	0.325073	54
227.276917	0.139313	58
227.416229	0.127716	67
227.543945	0.882355	55
228.426300	0.290253	55
228.716553	0.255417	56
228.971970	0.592117	56
229.564087	0.325073	69
229.889160	0.301865	68
230.191025	0.220581	60
230.411606	0.325089	60
230.736694	0.313461	56
231.050156	0.313477	46
231.363632	0.174149	46
231.537781	0.058044	47
231.595825	0.104492	47
231.700317	0.208984	48
231.909302	0.278641	0
232.187943	0.325073	52
232.513016	0.232193	51
232.745209	0.058060	51
232.803268	0.290253	51
233.093521	0.278625	0
233.372147	0.301865	63
233.674011	0.301865	63
233.975876	0.267029	0
234.242905	0.313461	63
234.556366	0.313477	64
234.869843	0.174149	64
235.043991	0.104492	64
235.148483	0.278641	63
235.427124	0.290253	60
235.717377	0.301849	63
236.019226	0.267029	0
236.286255	0.313477	55
236.599731	0.139313	56
236.739044	0.150940	59
236.889984	0.046432	52
236.936417	0.812698	58
237.749115	0.313477	55
238.062592	0.243805	61
238.306396	0.592102	60
238.898499	0.301865	66
239.200363	0.301865	62
239.502228	0.290237	60
239.792465	0.290253	0
240.082718	0.278641	61
240.361359	0.336685	0
240.698044	0.220596	0
240.918640	0.058044	0
240.976685	0.290253	0
241.266937	0.278641	0
241.545578	0.313477	0
241.859055	0.278625	0
242.137680	0.290253	0
242.427933	0.278641	0
242.706573	0.313477	0
243.020050	0.278641	0
243.298691	0.278641	0
243.577332	0.301849	0
243.879181	0.278641	0
244.157822	0.301865	0
244.459686	0.290253	0
244.749939	0.290237	0
245.040176	0.568893	0
245.609070	0.313477	0
245.922546	0.150925	0
246.073471	0.139313	0
246.212784	0.870758	0
247.083542	0.290237	0
247.373779	0.267044	0
247.640823	0.592102	0
248.232925	1.474472	0
249.707397	0.568878	70
250.276276	1.462860	69
251.739136	1.741501	65
253.480637	2.124619	0
255.605255	1.079742	0
256.684998	0.278625	0
256.963623	5.018433	0
