0.789478	0.278639	0
1.068118	0.220590	0
1.288707	0.267030	0
1.555737	1.219048	0
2.774785	0.255419	0
3.030204	0.220590	0
3.250794	0.255419	0
3.506213	0.917188	73
4.423401	0.336689	0
4.760091	0.267029	0
5.027120	0.243810	0
5.270930	0.255419	0
5.526349	0.534059	0
6.060408	0.278639	0
6.339047	0.232200	0
6.571247	0.255420	0
6.826667	0.255419	0
7.082086	0.267030	0
7.349116	0.267029	0
7.616145	0.452789	0
8.068934	0.127709	0
8.196644	0.104490	57
8.301134	0.220590	57
8.521724	0.243809	0
8.765532	0.510839	57
9.276372	0.267030	68
9.543402	0.255419	54
9.798820	0.255420	50
10.054240	0.232200	0
10.286440	0.243810	0
10.530250	0.232200	0
10.762449	0.267029	52
11.029478	0.220590	0
11.250068	0.267030	0
11.517097	0.255420	45
11.772517	0.255420	45
12.027937	0.232199	45
12.260136	0.243810	45
12.503945	0.220590	0
12.724535	0.267030	45
12.991565	0.232200	45
13.223764	0.255419	45
13.479183	0.255420	50
13.734603	0.243810	0
13.978413	0.232200	0
14.210612	0.243810	0
14.454422	0.232200	0
14.686622	0.278639	0
14.965261	0.197370	0
15.162630	0.267030	0
15.429660	0.255420	57
15.685080	0.220590	57
15.905669	0.290250	57
16.195919	0.220589	57
16.416508	0.174150	57
16.590658	0.058050	57
16.648708	0.255419	60
16.904127	0.127710	61
17.031837	0.510838	62
17.542675	0.383129	61
17.925804	0.081270	59
18.007074	0.162540	0
18.169615	0.232199	58
18.401814	0.139320	59
18.541134	0.603718	64
19.144852	0.220591	61
19.365442	0.243809	58
19.609251	0.301861	59
19.911112	0.232199	57
20.143311	0.232199	56
20.375509	0.267031	57
20.642540	0.220589	57
20.863129	0.255421	56
21.118549	0.255419	0
21.373968	0.243809	56
21.617777	0.232201	54
21.849977	0.255419	0
22.105396	0.243811	0
22.349207	0.232199	0
22.581406	0.232201	52
22.813606	0.243809	56
23.057415	0.278639	59
23.336054	0.220591	0
23.556644	0.220589	61
23.777233	0.185760	60
23.962994	0.325079	63
24.288073	0.208979	57
24.497051	0.267031	0
24.764082	0.255419	61
25.019501	0.243811	75
25.263311	0.255419	62
25.518730	0.232199	60
25.750929	0.069660	0
25.820589	0.406349	58
26.226938	0.185760	0
26.412699	0.313469	63
26.726168	0.232199	64
26.958366	0.464399	62
27.422766	0.278641	59
27.701406	0.243809	57
27.945215	0.232201	57
28.177416	0.127708	57
28.305124	0.359909	57
28.665033	0.069660	57
28.734694	0.174150	57
28.908844	0.267029	57
29.175873	0.232201	57
29.408073	0.243809	54
29.651882	0.243809	0
29.895691	0.255421	0
30.151112	0.243809	0
30.394920	0.232201	0
30.627121	0.243809	56
30.870930	0.150930	58
31.021860	0.104488	59
31.126348	0.220591	0
31.346939	0.464399	54
31.811338	0.255419	65
32.066757	0.150928	63
32.217686	0.568890	64
32.786575	0.220589	64
33.007164	0.313473	66
33.320637	0.208977	0
33.529613	0.116100	0
33.645714	0.603718	65
34.249432	0.278641	65
34.528072	0.208981	64
34.737053	0.185760	64
34.922813	0.325077	66
35.247890	0.208981	57
35.456871	0.232201	57
35.689072	0.255417	68
35.944489	0.139320	76
36.083809	0.139320	65
36.223129	0.255421	77
36.478550	0.232197	71
36.710747	0.127712	63
36.838459	0.359909	61
37.198368	0.116100	61
37.314468	0.359909	64
37.674377	0.510838	64
38.185215	0.255421	62
38.440636	0.208981	57
38.649616	0.267029	0
38.916645	0.139320	52
39.055965	0.104488	0
39.160454	0.104488	0
39.264942	0.371521	62
39.636463	0.267029	62
39.903492	0.220589	62
40.124081	0.232201	62
40.356281	0.255421	53
40.611702	0.208977	0
40.820679	0.290253	59
41.110931	0.197369	57
41.308300	0.278637	57
41.586937	0.255421	57
41.842358	0.220589	57
42.062946	0.185760	64
42.248707	0.185760	64
42.434467	0.371517	0
42.805984	0.150932	57
42.956917	0.092880	57
43.049797	0.243809	57
43.293606	0.220589	57
43.514194	0.255421	0
43.769615	0.232201	58
44.001816	0.255417	57
44.257233	0.232201	0
44.489433	0.243809	56
44.733242	0.243809	55
44.977051	0.255421	50
45.232471	0.220589	50
45.453060	0.267029	50
45.720089	0.243813	50
45.963902	0.232197	52
46.196098	0.255421	52
46.451519	0.232201	0
46.683720	0.243809	0
46.927528	0.267029	57
47.194557	0.104492	0
47.299049	0.394737	57
47.693787	0.069660	57
47.763447	0.185760	0
47.949207	0.150928	0
48.100136	0.185760	0
48.285896	0.243809	0
48.529705	0.603718	62
49.133423	0.174152	59
49.307575	0.325077	59
49.632652	0.255421	59
49.888073	0.267029	64
50.155102	0.232201	64
50.387302	0.243809	58
50.631111	0.185760	61
50.816872	0.139320	0
50.956192	0.267029	57
51.223221	0.232197	57
51.455418	0.232201	54
51.687618	0.255421	54
51.943039	0.232201	0
52.175240	0.243809	0
52.419048	0.267029	0
52.686077	0.232201	0
52.918278	0.255417	54
53.173695	0.232201	50
53.405895	0.243809	50
53.649704	0.243813	0
53.893517	0.232197	52
54.125713	0.243809	56
54.369522	0.278641	59
54.648163	0.220589	56
54.868752	0.232201	60
55.100952	0.255421	57
55.356373	0.243809	57
55.600182	0.232201	57
55.832382	0.267029	60
56.099411	0.232201	61
56.331612	0.278637	63
56.610249	0.243809	62
56.854057	0.232201	55
57.086258	0.243809	59
57.330067	0.127712	0
57.457779	0.255417	58
57.713196	0.104492	57
57.817688	0.232197	65
58.049885	0.243813	63
58.293697	0.278637	58
58.572334	0.232201	58
58.804535	0.267029	61
59.071564	0.208981	57
59.280544	0.243809	57
59.524353	0.255421	57
59.779774	0.232201	0
60.011974	0.243809	0
60.255783	0.267029	63
60.522812	0.232201	0
60.755013	0.243809	54
60.998821	0.243809	50
61.242630	0.255421	0
61.498051	0.232201	0
61.730251	0.232197	0
61.962448	0.243809	56
62.206257	0.162540	58
62.368797	0.127712	58
62.496510	0.139317	55
62.635826	0.081272	0
62.717098	0.476009	0
63.193108	0.267029	65
63.460136	0.243809	64
63.703945	0.452793	64
64.156738	0.174149	64
64.330887	0.150925	66
64.481812	0.208984	66
64.690796	0.220589	58
64.911385	0.243805	64
65.155190	0.255424	65
65.410614	0.104485	64
65.515099	0.592110	64
66.107208	0.255424	0
66.362633	0.255417	66
66.618050	0.220589	0
66.838638	0.139320	76
66.977959	0.139320	70
67.117279	0.220589	65
67.337868	0.116104	76
67.453972	0.603714	66
68.057686	0.255424	64
68.313110	0.267029	61
68.580139	0.185753	61
68.765892	0.278641	63
69.044533	0.499229	64
69.543762	0.220589	57
69.764351	0.243813	57
70.008163	0.255417	57
70.263580	0.243813	0
70.507393	0.208977	0
70.716370	0.232201	0
70.948570	0.185760	74
71.134331	0.185760	74
71.320091	0.406349	63
71.726440	0.232201	60
71.958641	0.243805	58
72.202446	0.278641	61
72.481087	0.243813	57
72.724899	0.220589	57
72.945488	0.243813	74
73.189301	0.232193	57
73.421494	0.162544	77
73.584038	0.232201	64
73.816238	0.348297	75
74.164536	0.232201	58
74.396736	0.278641	57
74.675377	0.220589	57
74.895966	0.267029	61
75.162994	1.219048	62
76.382042	0.325081	64
76.707123	0.208977	64
76.916100	0.267029	64
77.183128	1.207436	73
78.390564	0.464401	66
78.854965	0.278641	75
79.133606	0.336685	74
79.470291	0.406349	73
79.876640	0.208984	66
80.085625	0.220589	66
80.306213	0.034828	66
80.341042	0.208984	68
80.550026	0.174149	68
80.724174	0.313469	68
81.037643	0.255417	69
81.293060	0.476013	69
81.769073	0.487617	53
82.256691	0.301857	57
82.558548	0.220589	57
82.779137	0.243813	60
83.022949	0.301857	62
83.324806	0.243813	59
83.568619	0.243805	55
83.812424	0.255424	0
84.067848	0.185760	0
84.253609	0.441177	63
84.694786	0.325081	64
85.019867	0.278633	60
85.298500	0.255424	61
85.553925	0.220589	61
85.774513	0.267029	0
86.041542	0.185760	0
86.227303	0.290245	57
86.517548	0.220596	57
86.738144	0.243805	60
86.981949	0.278641	62
87.260590	0.081268	61
87.341858	0.394737	62
87.736595	0.232201	61
87.968796	0.255424	59
88.224220	0.371513	64
88.595734	0.371521	56
88.967255	0.278641	57
89.245895	0.232201	57
89.478096	0.197372	0
89.675468	0.301857	53
89.977325	0.232201	53
90.209526	0.452789	53
90.662315	0.499229	53
91.161545	0.301857	58
91.463402	0.232201	58
91.695602	0.278641	58
91.974243	0.058044	58
92.032288	0.174149	0
92.206436	0.499229	62
92.705666	0.278641	65
92.984306	0.452789	63
93.437096	0.174149	60
93.611244	0.336693	60
93.947937	0.104492	60
94.052429	0.162537	0
94.214966	0.232201	65
94.447166	0.232201	65
94.679367	0.220589	60
94.899956	0.267029	70
95.166985	0.499229	67
95.666214	0.243805	58
95.910019	0.267036	58
96.177055	0.208977	58
96.386032	0.243813	58
96.629845	0.267029	58
96.896873	0.232201	58
97.129074	0.243805	55
97.372879	0.255417	55
97.628296	0.255424	63
97.883720	0.243805	0
98.127525	0.243813	53
98.371338	0.232201	57
98.603539	0.278641	59
98.882179	0.220589	0
99.102768	0.162537	52
99.265305	0.336693	58
99.601997	0.232201	58
99.834198	0.116096	58
99.950294	0.359909	58
100.310204	0.267029	62
100.577232	0.278641	64
100.855873	0.185760	63
101.041634	0.046440	62
101.088074	0.197365	55
101.285439	0.104492	55
101.389931	0.185760	0
101.575691	0.104492	0
101.680183	0.290245	60
101.970428	0.069664	58
102.040092	0.255417	53
102.295509	0.197372	56
102.492882	0.545670	60
103.038551	0.220589	59
103.259140	0.267029	58
103.526169	0.232201	58
103.758369	0.255417	58
104.013786	0.243813	58
104.257599	0.232201	58
104.489799	0.267029	58
104.756828	0.208977	58
104.965805	0.243813	55
105.209618	0.255417	55
105.465034	0.267029	0
105.732063	0.220589	0
105.952652	0.243813	53
106.196465	0.255417	48
106.451881	0.371521	48
106.823402	0.127708	0
106.951111	0.441177	55
107.392288	0.394745	65
107.787033	0.603714	65
108.390747	0.232201	65
108.622948	0.301857	67
108.924805	0.220589	55
109.145393	0.127716	55
109.273109	0.383125	66
109.656235	0.232201	65
109.888435	0.476006	65
110.364441	0.197372	59
110.561813	0.325081	65
110.886894	0.208977	74
111.095871	0.232201	73
111.328072	0.267029	67
111.595100	0.127708	55
111.722809	0.139320	58
111.862129	0.255424	66
112.117554	0.267029	70
112.384583	0.127708	65
112.512291	0.359909	62
112.872200	0.092880	62
112.965080	0.394737	61
113.359818	0.487617	65
113.847435	0.243813	64
114.091248	0.232201	58
114.323448	0.243805	58
114.567253	0.243813	53
114.811066	0.150932	0
114.961998	0.336685	63
115.298683	0.267029	63
115.565712	0.243813	63
115.809525	0.278641	63
116.088165	0.232201	61
116.320366	0.208977	60
116.529343	0.290253	60
116.819595	0.174149	0
116.993744	0.313469	59
117.307213	0.243805	77
117.551018	0.243813	68
117.794830	0.359909	65
118.154739	0.383125	68
118.537865	0.243813	69
118.781677	0.278641	60
119.060318	0.232201	57
119.292519	0.220589	62
119.513107	1.219048	63
120.732155	0.325081	68
121.057236	0.243805	65
121.301041	0.232201	65
121.533241	0.789482	62
122.322723	0.429565	0
122.752289	0.278641	69
123.030930	0.208977	70
123.239906	0.243813	69
123.483719	0.336693	70
123.820412	0.429565	64
124.249977	0.243813	62
124.493790	0.255417	65
124.749207	0.232201	69
124.981407	0.139320	69
125.120728	0.359909	68
125.480637	0.243805	57
125.724442	0.476013	0
126.200455	0.476006	0
126.676460	0.290253	58
126.966713	0.208977	58
127.175690	0.069664	58
127.245354	0.185760	57
127.431114	0.336685	51
127.767799	0.243813	51
128.011612	0.220581	0
128.232193	0.267029	0
128.499222	0.197372	0
128.696594	0.278641	53
128.975235	0.243820	63
129.219055	0.243805	64
129.462860	0.255417	58
129.718277	0.487625	58
130.205902	0.475998	0
130.681900	0.267029	58
130.948929	0.220596	58
131.169525	0.255417	58
131.424942	0.290253	51
131.715195	0.069656	58
131.784851	0.394745	61
132.179596	0.232193	63
132.411789	0.232208	71
132.643997	0.255417	69
132.899414	0.127701	68
133.027115	0.359909	0
133.387024	0.278641	58
133.665665	0.220596	58
133.886261	0.290253	57
134.176514	0.220581	57
134.397095	0.243805	57
134.640900	0.383133	61
135.024033	0.394745	62
135.418777	0.116104	63
135.534882	0.359909	63
135.894791	0.116089	0
136.010880	0.162552	60
136.173431	0.220581	60
136.394012	0.150925	60
136.544937	0.371521	64
136.916458	0.243820	65
137.160278	0.232193	64
137.392471	0.232193	60
137.624664	0.267029	58
137.891693	0.255432	58
138.147125	0.243805	58
138.390930	0.243805	58
138.634735	0.267029	58
138.901764	0.092880	58
138.994644	0.359909	58
139.354553	0.267029	61
139.621582	0.220596	55
139.842178	0.139313	52
139.981491	0.139328	66
140.120819	0.220581	65
140.341400	0.162552	70
140.503952	0.336685	53
140.840637	0.232193	57
141.072830	0.243820	49
141.316650	0.243805	69
141.560455	0.232193	61
141.792648	0.150940	58
141.943588	0.336685	58
142.280273	0.232193	58
142.512466	0.255432	58
142.767899	0.267029	59
143.034927	0.208969	60
143.243896	0.290253	63
143.534149	0.208984	57
143.743134	0.116089	75
143.859222	0.406357	63
144.265579	0.197372	59
144.462952	0.290253	65
144.753204	0.232193	65
144.985397	0.464401	69
145.449799	0.278641	71
145.728439	0.162537	74
145.890976	0.336685	70
146.227661	0.464401	70
146.692062	0.243805	70
146.935867	0.255432	70
147.191299	0.290237	63
147.481537	0.197372	56
147.678909	0.104492	55
147.783401	0.243805	69
148.027206	0.185760	69
148.212967	0.208984	70
148.421951	0.290253	64
148.712204	0.243805	57
148.956009	0.499222	63
149.455231	0.197372	59
149.652603	0.046448	58
149.699051	0.267029	58
149.966080	0.150925	58
150.117004	0.313477	58
150.430481	0.243805	58
150.674286	0.127716	58
150.802002	0.626938	60
151.428940	0.220581	55
151.649521	0.267029	56
151.916550	0.243820	60
152.160370	0.139313	60
152.299683	0.371521	53
152.671204	0.220581	65
152.891785	0.255432	54
153.147217	0.243805	59
153.391022	0.255417	57
153.646439	0.255417	58
153.901855	0.232208	58
154.134064	0.255417	58
154.389481	0.359909	58
154.749390	0.638550	58
155.387939	0.208969	55
155.596909	0.116104	51
155.713013	0.162537	63
155.875549	0.232208	66
156.107758	0.127701	67
156.235458	0.371521	53
156.606979	0.243820	61
156.850800	0.220581	49
157.071381	0.267029	0
157.338409	0.208984	55
157.547394	0.185760	58
157.733154	0.336685	58
158.069839	0.232208	58
158.302048	0.255417	58
158.557465	0.278641	58
158.836105	0.208969	58
159.045074	0.301865	58
159.346939	0.220596	59
159.567535	0.081268	60
159.648804	0.429565	0
160.078369	0.208984	0
160.287354	0.278625	0
160.565979	0.243820	0
160.809799	0.464401	0
161.274200	0.255417	0
161.529617	0.150925	0
161.680542	0.336685	0
162.017227	0.127716	0
162.144943	0.359909	0
162.504852	0.243805	0
162.748657	0.092880	0
162.841537	0.174149	0
163.015686	0.232208	0
163.247894	0.278641	0
163.526535	0.127701	0
163.654236	0.394745	0
164.048981	0.220581	0
164.269562	0.267044	0
164.536606	0.255417	0
164.792023	2.313278	0
