0.058050	0.104490	0
0.162540	0.116100	0
0.278639	0.208980	0
0.487619	0.116100	0
0.603719	0.116100	0
0.719819	0.116100	0
0.835918	0.092880	0
0.928798	0.116100	0
1.044898	0.116100	0
1.160998	0.116100	0
1.277097	0.092880	0
1.369977	0.116100	0
1.486077	0.104490	0
1.590567	0.208980	0
1.799546	0.127710	56
1.927256	0.104490	56
2.031746	0.208979	0
2.240726	0.116100	0
2.356825	0.116100	0
2.472925	0.208980	0
2.681905	0.116100	0
2.798005	0.116100	57
2.914104	0.208980	57
3.123084	0.116100	0
3.239184	0.116100	0
3.355283	0.208980	0
3.564263	0.116100	0
3.680363	0.116100	0
3.796463	0.208980	0
4.005442	0.116100	0
4.121542	0.116100	0
4.237642	0.208980	0
4.446621	0.116100	63
4.562721	0.104490	63
4.667211	0.220589	63
4.887800	0.104490	63
4.992290	0.116100	63
5.108390	0.208980	0
5.317369	0.127710	65
5.445079	0.104490	65
5.549569	0.208980	65
5.758549	0.116100	64
5.874649	0.116100	0
5.990748	0.208980	0
6.199728	0.116100	0
6.315828	0.116099	0
6.431927	0.208980	0
6.640907	0.116100	0
6.757007	0.116100	0
6.873106	0.208980	0
7.082086	0.557279	76
7.639365	0.116100	72
7.755465	0.208980	71
7.964445	0.116100	65
8.080544	0.116099	65
8.196644	0.208980	64
8.405623	0.104490	0
8.510114	0.116099	73
8.626213	0.220590	72
8.846803	0.116099	68
8.962902	0.116100	68
9.079002	0.197370	0
9.276372	0.127709	0
9.404081	0.104490	0
9.508572	0.208980	0
9.717551	0.116099	0
9.833651	0.116100	0
9.949751	0.208980	0
10.158731	0.116099	0
10.274830	0.116100	0
10.390930	0.208979	72
10.599909	0.116100	72
10.716009	0.116099	0
10.832108	0.116100	0
10.948209	0.092879	0
11.041088	0.116100	0
11.157188	0.116099	0
11.273288	0.208980	66
11.482267	0.116100	67
11.598368	0.116099	67
11.714467	0.208980	69
11.923447	0.116099	72
12.039546	0.104490	72
12.144036	0.116099	72
12.260136	0.104490	73
12.364626	0.116099	72
12.480725	0.104490	72
12.585216	0.116099	73
12.701315	0.104490	76
12.805805	0.116099	76
12.921905	0.104490	76
13.026395	0.220590	79
13.246984	0.116099	79
13.363084	0.104490	79
13.467574	0.127709	80
13.595284	0.092879	82
13.688163	0.116100	0
13.804263	0.104489	0
13.908752	0.208980	76
14.117732	0.661769	77
14.779501	0.325080	77
15.104581	0.116099	77
15.220680	0.220590	77
15.441270	0.208980	77
15.650249	0.232200	77
15.882449	0.127709	77
16.010159	0.092880	77
16.103039	0.127710	77
16.230749	0.104488	77
16.335238	0.197371	77
16.532608	0.336689	77
16.869297	0.104490	77
16.973787	0.220589	77
17.194376	0.208981	77
17.403357	0.267029	76
17.670385	0.104490	74
17.774876	0.092880	74
17.867756	0.127708	74
17.995464	0.104490	77
18.099955	0.185760	77
18.285715	0.336689	77
18.622404	0.116098	77
18.738503	0.220591	77
18.959093	0.208979	77
19.168072	0.232201	77
19.400272	0.220589	77
19.620861	0.127710	77
19.748571	0.104490	77
19.853062	0.197369	77
20.050430	0.243811	76
20.294241	0.661768	70
20.956009	0.417959	0
21.373968	0.220591	0
21.594559	0.116098	0
21.710657	0.429569	55
22.140226	0.325079	52
22.465305	0.220591	52
22.685896	0.220589	52
22.906485	0.220591	49
23.127075	0.220589	0
23.347664	0.150930	0
23.498594	0.069660	0
23.568254	0.220589	0
23.788843	0.220591	0
24.009434	0.162539	0
24.171972	0.058050	0
24.230022	0.220591	0
24.450613	0.220589	51
24.671202	0.220591	58
24.891792	0.127708	59
25.019501	0.301859	57
25.321360	0.220591	57
25.541950	0.220589	55
25.762539	0.232201	55
25.994740	0.208979	55
26.203718	0.220591	0
26.424309	0.220589	0
26.644897	0.220591	0
26.865488	0.220589	0
27.086077	0.208981	0
27.295057	0.232199	0
27.527256	0.220591	53
27.747847	0.208979	50
27.956825	0.208981	0
28.165806	0.243809	52
28.409615	0.174150	0
28.583765	0.267029	0
28.850794	0.208979	53
29.059772	0.452789	55
29.512562	0.429569	52
29.942131	0.220591	53
30.162722	0.220589	52
30.383310	0.232201	51
30.615511	0.197369	0
30.812880	0.232201	51
31.045080	0.220589	52
31.265669	0.220589	0
31.486258	0.092880	0
31.579138	0.336689	59
31.915827	0.220591	0
32.136417	0.220589	0
32.357006	0.220589	63
32.577595	0.208981	0
32.786575	0.232201	0
33.018776	0.197369	0
33.216145	0.243809	0
33.459953	0.220592	70
33.680546	0.220589	70
33.901134	0.220589	0
34.121723	0.208981	0
34.330704	0.139320	0
34.470024	0.092880	0
34.562904	0.139317	69
34.702221	0.069660	69
34.771881	0.104492	70
34.876373	0.127708	0
35.004082	0.208981	70
35.213062	0.232197	71
35.445259	0.208981	0
35.654240	0.232201	64
35.886440	0.208981	65
36.095421	0.220589	64
36.316010	0.220589	0
36.536598	0.220589	0
36.757187	0.220592	67
36.977779	0.220589	64
37.198368	0.441177	64
37.639545	0.441181	64
38.080727	0.220589	0
38.301315	0.220589	65
38.521904	0.116100	66
38.638004	0.104488	68
38.742493	0.220592	70
38.963085	0.208977	67
39.172062	0.220592	69
39.392654	0.220589	68
39.613243	0.220589	70
39.833832	0.220589	70
40.054420	0.220592	69
40.275013	0.220589	69
40.495602	0.220589	67
40.716190	0.441181	67
41.157372	0.441177	65
41.598549	0.220589	65
41.819138	0.220589	66
42.039726	0.127712	64
42.167439	0.116100	0
42.283539	0.092880	66
42.376419	0.104488	66
42.480907	0.208981	66
42.689888	0.220589	66
42.910477	0.220589	66
43.131065	0.220589	67
43.351654	0.441181	66
43.792835	0.243809	66
44.036644	0.185760	0
44.222404	0.232197	66
44.454601	0.220592	64
44.675194	0.208977	66
44.884171	0.232201	66
45.116371	0.208981	0
45.325352	0.220589	0
45.545940	0.127712	0
45.673653	0.116096	0
45.789749	0.208981	66
45.998730	0.116100	67
46.114830	0.104488	67
46.219318	0.220592	67
46.439911	0.208977	0
46.648888	0.139320	66
46.788208	0.092880	66
46.881088	0.220589	66
47.101677	0.208981	66
47.310658	0.336689	66
47.647346	0.116100	67
47.763447	0.406349	66
48.169796	0.464397	66
48.634193	0.429569	66
49.063763	0.684990	66
49.748753	0.301861	71
50.050613	0.185757	64
50.236370	0.116100	64
50.352470	0.476009	65
50.828480	0.452789	67
51.281269	0.197369	64
51.478638	0.673382	71
52.152020	0.220589	68
52.372608	0.220589	68
52.593197	0.208981	67
52.802177	0.232201	67
53.034378	0.220589	71
53.254967	0.220589	81
53.475555	0.208981	82
53.684536	0.232197	63
53.916733	0.220592	69
54.137325	0.220589	75
54.357914	0.429569	78
54.787483	0.220589	79
55.008072	0.232201	77
55.240273	0.429569	79
55.669842	0.232201	79
55.902042	0.208977	76
56.111019	0.441181	79
56.552200	0.220589	76
56.772789	0.220589	72
56.993378	0.220589	72
57.213966	0.208981	76
57.422947	0.220589	77
57.643536	0.232201	77
57.875736	0.429569	79
58.305305	0.220589	80
58.525894	0.232201	80
58.758095	0.417961	80
59.176056	0.232197	79
59.408253	0.220592	80
59.628845	0.220589	80
59.849434	0.220589	79
60.070023	0.220589	79
60.290611	0.220589	78
60.511200	0.220592	75
60.731792	0.208977	79
60.940769	0.220592	81
61.161362	0.232197	81
61.393559	0.429569	78
61.823128	0.220592	79
62.043720	0.232197	79
62.275917	0.429569	79
62.705486	0.232201	79
62.937687	0.208981	79
63.146667	0.882355	77
64.029022	0.220589	76
64.249611	0.104492	76
64.354103	0.127708	77
64.481812	0.197372	76
64.679184	0.220589	76
64.899773	0.220589	77
65.120361	0.348297	77
65.468658	0.313477	77
65.782135	0.336685	77
66.118820	0.325081	77
66.443901	0.220589	77
66.664490	0.882355	77
67.546844	0.325081	77
67.871925	0.325081	77
68.197006	0.220589	76
68.417595	0.220589	77
68.638184	0.348305	77
68.986488	0.116096	77
69.102585	0.197372	77
69.299957	0.847527	72
70.147484	0.255417	65
70.402901	0.232201	64
70.635101	0.197372	64
70.832474	0.116096	65
70.948570	0.127708	64
71.076279	0.301865	64
71.378143	0.348297	64
71.726440	0.208977	52
71.935417	0.208984	52
72.144402	0.232201	64
72.376602	0.220589	64
72.597191	0.220589	0
72.817780	0.208977	0
73.026756	0.232201	64
73.258957	0.208977	64
73.467934	0.220589	55
73.688522	0.139320	54
73.827843	0.290253	53
74.118095	0.116096	0
74.234192	0.104492	0
74.338684	0.232201	53
74.570885	0.162537	53
74.733421	0.290253	59
75.023674	0.208977	52
75.232651	0.220589	0
75.453239	0.208984	0
75.662224	0.232201	0
75.894424	0.220589	0
76.115013	0.220589	0
76.335602	0.208977	0
76.544579	0.127708	0
76.672287	0.116104	0
76.788391	0.197365	0
76.985756	0.220596	0
77.206352	0.127708	62
77.334061	0.325081	53
77.659142	0.174149	52
77.833290	0.255417	53
78.088707	0.220589	53
78.309296	0.441177	55
78.750473	0.081276	0
78.831749	0.359909	52
79.191658	0.220589	52
79.412247	0.220589	53
79.632835	0.092880	53
79.725716	0.336685	0
80.062401	0.232201	64
80.294601	0.220589	62
80.515190	0.208984	0
80.724174	0.104485	56
80.828659	0.336693	59
81.165352	0.220589	0
81.385941	0.220589	0
81.606529	0.208984	63
81.815514	0.220589	63
82.036102	0.243805	59
82.279907	0.185760	0
82.465668	0.243813	58
82.709480	0.220589	58
82.930069	0.220589	58
83.150658	0.220589	58
83.371246	0.208977	59
83.580223	0.127716	59
83.707939	0.116096	0
83.824036	0.162537	0
83.986572	0.150932	0
84.137505	0.116104	0
84.253609	0.127708	0
84.381317	0.104485	0
84.485802	0.197372	64
84.683174	0.220589	52
84.903763	0.220589	64
85.124352	0.220589	65
85.344940	0.220596	65
85.565536	0.220589	65
85.786125	0.220589	57
86.006714	0.220589	67
86.227303	0.220589	64
86.447891	0.441177	63
86.889069	0.441177	64
87.330246	0.208984	65
87.539230	0.232201	65
87.771431	0.116096	65
87.887527	0.104492	66
87.992020	0.220589	70
88.212608	0.208977	0
88.421585	0.220589	69
88.642174	0.208984	68
88.851158	0.243805	70
89.094963	0.208984	70
89.303947	0.232201	69
89.536148	0.208977	69
89.745125	0.220589	67
89.965714	0.429573	68
90.395287	0.359909	67
90.755196	0.313469	65
91.068665	0.220589	66
91.289253	0.127708	0
91.416962	0.104492	65
91.521454	0.208977	67
91.730431	0.208977	0
91.939407	0.220596	66
92.160004	0.441177	69
92.601181	0.243805	72
92.844986	0.197372	72
93.042358	0.232201	68
93.274559	0.197365	0
93.471924	0.220596	0
93.692520	0.220589	64
93.913109	0.452789	66
94.365898	0.208977	72
94.574875	0.220589	0
94.795464	0.127708	72
94.923172	0.116104	72
95.039276	0.208977	72
95.248253	0.220589	72
95.468842	0.220589	72
95.689430	0.208984	72
95.898415	0.139320	72
96.037735	0.092880	71
96.130615	0.208977	72
96.339592	0.220589	72
96.560181	0.220589	68
96.780769	0.220589	66
97.001358	0.441185	66
97.442543	0.336685	69
97.779228	0.116104	66
97.895332	0.429565	66
98.324898	0.452789	66
98.777687	0.429565	68
99.207253	0.441185	71
99.648438	0.441177	72
100.089615	0.673378	69
100.762993	0.290253	71
101.053246	0.185760	64
101.239006	0.116096	64
101.355103	0.499229	65
101.854332	0.429565	68
102.283897	0.208984	73
102.492882	0.243805	73
102.736687	0.417961	73
103.154648	0.441177	68
103.595825	0.441185	67
104.037010	0.243805	70
104.280815	0.208984	72
104.489799	0.208977	74
104.698776	0.220589	66
104.919365	0.220589	73
105.139954	0.220589	74
105.360542	0.441177	67
105.801720	0.208984	72
106.010704	0.232201	72
106.242905	0.429565	72
106.672470	0.232201	70
106.904671	0.220589	67
107.125259	0.429573	66
107.554832	0.220589	65
107.775421	0.220589	65
107.996010	0.220589	65
108.216599	0.208977	65
108.425575	0.232201	63
108.657776	0.220589	64
108.878365	0.127716	64
109.006081	0.092873	64
109.098953	0.220596	63
109.319550	0.220589	64
109.540138	0.220589	65
109.760727	0.220589	65
109.981316	0.208977	67
110.190292	0.220589	59
110.410881	0.220596	72
110.631477	0.220589	66
110.852066	0.232201	80
111.084267	0.429565	74
111.513832	0.208977	80
111.722809	0.232201	63
111.955009	0.208984	76
112.163994	0.232193	78
112.396187	0.441185	75
112.837372	0.127708	72
112.965080	0.313469	72
113.278549	0.417961	69
113.696510	0.673378	70
114.369888	0.220589	70
114.590477	0.243805	67
114.834282	0.197372	72
115.031654	0.441177	71
115.472832	0.441185	69
115.914017	0.673378	68
116.587395	0.290245	72
116.877640	0.185760	64
117.063400	0.116104	64
117.179504	0.464394	65
117.643898	0.034836	66
117.678734	0.220589	67
117.899323	0.220589	71
118.119911	0.197365	73
118.317276	0.673378	72
118.990654	0.232201	68
119.222855	0.208984	68
119.431839	0.441177	68
119.873016	0.232201	70
120.105217	0.208977	70
120.314194	0.220589	70
120.534782	0.220589	68
120.755371	0.208984	69
120.964355	0.220589	63
121.184944	0.441177	67
121.626122	0.220589	77
121.846710	0.232201	72
122.078911	0.429573	72
122.508484	0.208977	69
122.717461	0.243813	67
122.961273	0.325073	69
123.286346	0.104492	72
123.390839	0.208977	67
123.599815	0.232201	65
123.832016	0.429573	65
124.261589	0.441177	63
124.702766	0.127708	65
124.830475	0.313469	61
125.143944	0.441177	59
125.585121	0.208984	61
125.794106	0.232201	60
126.026306	0.220589	59
126.246895	0.220589	60
126.467484	0.197372	59
126.664856	0.243805	58
126.908661	0.208984	58
127.117645	0.220589	0
127.338234	0.220589	59
127.558823	0.232201	60
127.791023	0.220589	61
128.011612	0.220581	68
128.232193	0.429581	63
128.661774	0.220581	65
128.882355	0.197372	63
129.079727	0.452789	63
129.532516	0.232193	73
129.764709	0.220596	72
129.985306	0.417953	66
130.403259	0.452789	67
130.856049	0.441177	71
131.297226	0.452789	72
131.750015	0.429581	72
132.179596	0.452789	72
132.632385	0.429565	71
133.061951	0.243805	69
133.305756	0.197372	71
133.503128	0.220596	71
133.723724	0.232193	68
133.955917	0.417953	67
134.373871	0.220596	68
134.594467	0.220596	71
134.815063	0.243805	68
135.058868	0.197372	64
135.256241	0.406342	68
135.662582	0.267029	65
135.929611	0.208984	63
136.138596	0.441177	63
136.579773	0.220596	63
136.800369	0.220581	63
137.020950	0.243805	70
137.264755	0.197372	72
137.462128	0.127716	72
137.589844	0.278641	68
137.868484	0.464401	65
138.332886	0.220581	77
138.553467	0.220596	72
138.774063	0.441177	78
139.215240	0.220581	72
139.435822	0.174149	72
139.609970	0.487625	78
140.097595	0.220596	77
140.318192	0.220581	77
140.538773	0.127716	77
140.666489	0.116089	76
140.782578	0.197372	71
140.979950	0.139328	68
141.119278	0.255417	64
141.374695	0.394745	67
141.769440	0.058044	66
141.827484	0.255417	67
142.082901	0.208984	67
142.291885	0.220581	69
142.512466	0.220596	79
142.733063	0.441177	75
143.174240	0.441177	75
143.615417	0.220596	74
143.836014	0.220581	75
144.056595	0.441177	71
144.497772	0.348312	67
144.846085	0.301849	66
145.147934	0.220596	67
145.368530	0.232193	67
145.600723	0.150925	69
145.751648	0.499237	69
146.250885	0.185760	67
146.436646	0.255417	66
146.692062	0.208984	65
146.901047	0.232193	64
147.133240	0.220596	65
147.353836	0.220581	65
147.574417	0.441177	72
148.015594	0.406357	68
148.421951	0.452789	67
148.874741	0.232193	67
149.106934	0.220596	68
149.327530	0.429565	71
149.757095	0.452789	75
150.209885	0.441177	74
150.651062	0.220596	75
150.871658	0.220581	73
151.092239	0.127716	69
151.219955	0.290253	71
151.510208	0.232193	71
151.742401	0.232208	70
151.974609	0.441177	72
152.415787	0.139313	75
152.555099	0.301865	73
152.856964	0.429565	68
153.286530	0.441177	67
153.727707	0.220596	64
153.948303	0.127701	65
154.076004	0.092880	65
154.168884	0.127716	65
154.296600	0.313461	64
154.610062	0.429581	67
155.039642	0.220581	65
155.260223	0.220596	64
155.480820	0.441177	63
155.921997	0.232193	65
156.154190	0.208984	68
156.363174	0.441177	67
156.804352	0.232208	65
157.036560	0.208969	65
157.245529	0.441177	69
157.686707	0.208984	69
157.895691	0.220596	72
158.116287	0.243805	66
158.360092	0.208984	70
158.569077	0.208969	71
158.778046	0.220596	71
158.998642	0.441177	72
159.439819	0.232193	71
159.672012	0.197372	71
159.869385	0.452789	71
160.322174	0.220596	72
160.542770	0.220581	72
160.763351	0.441177	72
161.204529	0.220596	72
161.425125	0.220596	72
161.645721	0.232193	72
161.877914	0.232193	72
162.110107	0.406357	72
162.516464	0.441177	70
162.957642	0.232193	72
163.189835	0.208984	72
163.398819	0.661774	72
164.060593	0.150925	72
164.211517	0.139328	72
164.350845	0.185760	0
164.536606	0.429565	64
164.966171	0.243805	62
165.209976	0.174149	74
165.384125	0.348297	76
165.732422	0.301865	76
166.034286	0.336685	77
166.370972	0.325089	77
166.696060	0.232193	76
166.928253	0.301865	76
167.230118	0.162537	77
167.392654	0.406342	76
167.798996	0.336700	77
168.135696	0.325073	78
168.460770	1.102951	76
169.563721	0.325073	77
169.888794	0.325089	76
170.213882	0.220581	76
170.434464	0.220596	76
170.655060	0.336685	72
170.991745	0.325073	77
171.316818	0.220596	76
171.537415	0.568893	71
172.106308	0.534058	70
172.640366	0.441177	64
173.081543	0.150925	60
173.232468	0.046448	59
173.278915	0.232193	67
173.511108	0.232208	67
173.743317	0.162537	67
173.905853	0.034821	66
173.940674	0.104492	67
174.045166	0.359909	67
174.405075	0.208984	67
174.614059	0.208984	67
174.823044	0.232193	67
175.055237	0.208984	57
175.264221	0.441177	58
175.705399	0.220581	56
175.925980	0.232208	58
176.158188	0.359909	59
176.518097	0.081268	59
176.599365	0.441177	61
177.040543	0.127716	62
177.168259	0.301849	63
177.470108	0.220596	62
177.690704	0.220581	63
177.911285	0.232208	64
178.143494	0.197372	64
178.340866	0.232193	65
178.573059	0.232208	67
178.805267	0.417953	67
179.223221	0.220596	68
179.443817	0.673370	69
180.117188	0.429565	69
180.546753	0.441177	67
180.987930	0.452789	67
181.440720	0.208984	65
181.649704	0.208984	65
181.858688	0.232193	65
182.090881	0.116104	65
182.206985	0.104492	65
182.311478	0.208969	65
182.520447	0.220596	65
182.741043	0.232193	55
182.973236	0.220596	72
183.193832	0.116104	72
183.309937	0.313461	64
183.623398	0.348297	66
183.971695	0.325089	67
184.296783	0.197372	70
184.494156	0.232193	70
184.726349	0.220596	72
184.946945	0.104477	73
185.051422	0.325089	76
185.376511	0.452789	74
185.829300	0.220581	63
186.049881	0.232208	66
186.282089	0.208969	59
186.491058	0.661774	69
187.152832	0.441177	65
187.594009	0.208984	67
187.802994	0.220596	67
188.023590	0.220581	67
188.244171	0.220596	68
188.464767	0.208969	67
188.673737	0.232208	0
188.905945	0.220581	0
189.126526	0.220596	73
189.347122	0.208984	57
189.556107	0.150925	58
189.707031	0.081268	58
189.788300	0.208984	58
189.997284	0.220581	58
190.217865	0.220596	60
190.438461	0.220581	60
190.659042	0.150940	60
190.809982	0.301849	61
191.111832	0.197372	63
191.309204	0.232208	62
191.541412	0.220581	61
191.761993	0.220596	64
191.982590	0.208969	64
192.191559	0.243820	65
192.435379	0.429565	67
192.864944	0.220581	67
193.085526	0.220596	67
193.306122	0.208984	68
193.515106	0.673370	74
194.188477	0.359909	77
194.548386	0.499237	77
195.047623	0.243805	77
195.291428	0.208984	77
195.500412	0.220581	77
195.720993	0.208984	77
195.929977	0.348297	77
196.278275	0.104492	77
196.382767	0.208984	77
196.591751	0.220581	77
196.812332	0.139328	77
196.951660	0.092880	77
197.044540	0.208969	77
197.253510	0.220596	77
197.474106	0.220581	77
197.694687	0.232208	77
197.926895	0.208984	77
198.135880	0.220581	76
198.356461	0.220596	77
198.577057	0.441177	77
199.018234	0.243805	76
199.262039	0.185760	76
199.447800	0.336685	70
199.784485	0.127716	69
199.912201	0.417953	69
200.330154	0.243820	69
200.573975	0.197357	70
200.771332	0.441193	69
201.212524	0.441177	70
201.653702	0.220581	70
201.874283	0.220596	70
202.094879	1.137772	71
203.232651	0.464401	78
203.697052	0.174149	0
203.871201	0.429565	76
204.300766	0.208984	73
204.509750	0.661774	68
205.171524	0.232193	68
205.403717	0.208984	68
205.612701	0.441177	71
206.053879	0.232193	75
206.286072	0.208984	76
206.495056	0.325073	63
206.820129	0.116104	63
206.936234	0.220596	65
207.156830	0.208969	81
207.365799	0.452789	78
207.818588	0.208984	76
208.027573	0.661774	79
208.689346	0.232193	79
208.921539	0.208984	79
209.130524	0.441177	78
209.571701	0.220596	77
209.792297	0.220581	73
210.012878	0.208984	77
210.221863	0.232193	77
210.454056	0.208984	77
210.663040	0.220581	77
210.883621	0.452789	82
211.336411	0.208984	74
211.545395	0.661774	72
212.207169	0.220581	68
212.427750	0.220596	68
212.648346	0.661774	70
213.310120	0.220581	75
213.530701	0.220596	75
213.751297	0.220581	70
213.971878	0.208984	75
214.180862	0.220596	72
214.401459	0.452774	67
214.854233	0.197372	72
215.051605	0.673386	71
215.724991	0.232193	67
215.957184	0.208984	68
216.166168	0.441177	67
216.607346	0.220596	72
216.827942	0.220581	71
217.048523	0.116104	72
217.164627	0.754654	73
217.919281	0.452789	68
218.372070	0.208969	70
218.581039	0.661774	73
219.242813	0.220581	73
219.463394	0.220596	73
219.683990	0.429565	70
220.113556	0.243820	73
220.357376	0.208969	75
220.566345	0.208984	75
220.775330	0.232193	75
221.007523	0.220596	75
221.228119	0.208984	72
221.437103	0.452789	82
221.889893	0.208969	77
222.098862	0.661774	74
222.760635	0.220596	78
222.981232	0.220581	77
223.201813	0.429565	77
223.631378	0.232208	77
223.863586	0.208969	77
224.072556	0.232208	75
224.304764	0.220581	76
224.525345	0.208984	76
224.734329	0.220596	72
224.954926	0.232193	75
225.187119	0.220596	83
225.407715	0.208969	80
225.616684	0.661774	78
226.278458	0.441177	79
226.719635	0.429565	76
227.149200	0.232208	78
227.381409	0.220581	75
227.601990	0.220596	75
227.822586	0.220581	75
228.043167	0.208984	75
228.252151	0.220596	75
228.472748	0.452789	80
228.925537	0.208969	79
229.134506	0.661774	77
229.796280	0.441177	72
230.237457	0.441177	76
230.678635	0.220596	77
230.899231	0.174149	77
231.073380	0.046432	76
231.119812	0.232208	77
231.352020	0.208984	77
231.561005	0.429565	76
231.990570	0.464401	76
232.454971	0.197357	80
232.652328	0.673386	78
233.325714	0.429565	78
233.755280	0.441177	71
234.196457	0.220596	70
234.417053	0.220581	75
234.637634	0.220596	74
234.858231	0.220596	75
235.078827	0.220581	78
235.299408	0.220596	63
235.520004	0.441177	72
235.961182	0.208984	69
236.170166	0.661758	72
236.831924	0.441177	72
237.273102	0.232208	72
237.505310	0.220581	69
237.725891	0.208984	0
237.934875	0.220596	0
238.155472	0.208969	0
238.364441	0.232208	63
238.596649	0.220581	65
238.817230	0.220596	0
239.037827	0.220581	85
239.258408	0.232208	84
239.490616	0.197372	0
239.687988	0.452789	0
240.140778	0.220581	0
240.361359	0.220596	0
240.581955	0.208969	0
240.790924	0.220596	0
241.011520	0.232193	0
241.243713	0.208984	0
241.452698	0.220596	0
241.673294	0.208969	0
241.882263	0.232208	0
242.114471	0.220581	0
242.335052	0.220596	0
242.555649	0.220581	0
242.776230	0.232208	0
243.008438	0.232193	0
243.240631	1.970795	0
