0.464399	0.127710	53
0.592109	0.290249	52
0.882358	0.243810	52
1.126168	0.220590	53
1.346757	0.313469	55
1.660227	0.441179	52
2.101406	1.996916	53
4.098322	0.197370	57
4.295691	0.116100	59
4.411791	0.220590	59
4.632381	0.661769	59
5.294150	0.429569	59
5.723719	0.197370	59
5.921088	0.162540	59
6.083628	0.243810	59
6.327438	1.393197	59
7.720635	0.232200	53
7.952835	0.185759	52
8.138594	0.278640	52
8.417233	0.220590	52
8.637823	0.116099	0
8.753922	0.255420	55
9.009342	0.615329	0
9.624671	0.197370	0
9.822041	0.394739	63
10.216780	0.313470	0
10.530250	0.348299	0
10.878549	0.139319	0
11.017868	0.290250	59
11.308118	0.150929	59
11.459047	0.174150	0
11.633197	0.243810	60
11.877007	0.313470	63
12.190476	0.162539	0
12.353016	0.394739	59
12.747755	0.510839	57
13.258595	0.197370	59
13.455964	0.162539	59
13.618504	0.185760	59
13.804263	0.058050	59
13.862313	0.197370	59
14.059683	0.290249	0
14.349932	0.220590	60
14.570521	0.197370	60
14.767891	0.325080	63
15.092971	0.139319	62
15.232290	0.197370	64
15.429660	0.162539	64
15.592199	0.325080	64
15.917279	0.383128	64
16.300407	0.220591	67
16.520998	0.220589	67
16.741587	0.417959	64
17.159546	0.150930	65
17.310476	0.185759	65
17.496235	0.406351	65
17.902586	0.383129	70
18.285715	0.267029	68
18.552744	0.208979	68
18.761723	0.185760	69
18.947483	0.116100	69
19.063583	0.139318	71
19.202902	0.185760	70
19.388662	0.278639	71
19.667301	0.185760	69
19.853062	0.243809	70
20.096870	0.301859	68
20.398729	0.417959	67
20.816689	0.290251	67
21.106939	0.301859	74
21.408798	0.255419	71
21.664217	0.185760	72
21.849977	0.336689	71
22.186666	0.116100	0
22.302767	0.383129	72
22.685896	0.487619	71
23.173515	0.325079	72
23.498594	0.116100	71
23.614695	0.092878	72
23.707573	0.150930	82
23.858503	0.220589	72
24.079092	0.255421	69
24.334513	0.162539	72
24.497051	0.371521	70
24.868572	0.336689	82
25.205261	0.220589	71
25.425850	0.243811	71
25.669661	0.150928	72
25.820589	0.499229	72
26.319818	0.278639	71
26.598457	0.371519	71
26.969976	0.174150	70
27.144127	0.208981	71
27.353107	0.185759	71
27.538866	0.359909	71
27.898775	0.185760	71
28.084536	0.336689	71
28.421225	0.336689	72
28.757914	0.174150	72
28.932064	0.487619	71
29.419683	0.185759	71
29.605442	0.092880	67
29.698322	0.197369	67
29.895691	0.487619	71
30.383310	0.208981	69
30.592291	0.534058	68
31.126348	0.081270	63
31.207619	0.673380	64
31.880999	0.267027	67
32.148026	0.081272	68
32.229298	0.116100	67
32.345398	0.394737	67
32.740135	0.232201	66
32.972336	0.162540	67
33.134876	0.267029	63
33.401905	0.046440	63
33.448345	0.232201	66
33.680546	0.162537	66
33.843082	0.092880	67
33.935963	0.185760	65
34.121723	0.174149	67
34.295872	0.522449	66
34.818321	0.255421	79
35.073742	0.116100	75
35.189842	0.220589	75
35.410431	0.406349	67
35.816780	0.069660	65
35.886440	0.336689	67
36.223129	0.127708	66
36.350838	0.708210	64
37.059048	0.162540	0
37.221588	0.208981	57
37.430569	0.267029	57
37.697598	0.185757	55
37.883354	0.441181	57
38.324535	0.476009	57
38.800545	0.220589	75
39.021133	0.162540	57
39.183674	0.406349	57
39.590023	0.069660	57
39.659683	0.243809	58
39.903492	0.255421	69
40.158913	0.348297	70
40.507210	0.406349	69
40.913559	0.220592	75
41.134151	0.081268	80
41.215420	0.185760	82
41.401180	0.336689	72
41.737869	0.394737	78
42.132607	0.394741	75
42.527348	0.313469	77
42.840816	0.185760	78
43.026577	0.394737	78
43.421314	0.406349	78
43.827663	0.058052	0
43.885715	0.336689	81
44.222404	0.104488	82
44.326893	0.243809	82
44.570702	0.859138	81
45.429840	0.174152	0
45.603992	0.104488	0
45.708481	0.197369	0
45.905849	0.185760	75
46.091610	0.464397	76
46.556007	0.197372	80
46.753380	0.150928	80
46.904308	0.847527	79
47.751835	0.127712	84
47.879547	0.325077	68
48.204624	0.174152	67
48.378777	0.185760	67
48.564537	0.174149	67
48.738686	0.255417	67
48.994102	0.139320	67
49.133423	0.278641	62
49.412064	0.429569	66
49.841633	0.104488	66
49.946121	0.185760	65
50.131882	0.174149	67
50.306030	0.476009	64
50.782040	0.394741	64
51.176781	0.243809	74
51.420589	0.278641	76
51.699230	0.197369	67
51.896599	0.336689	67
52.233288	0.139320	85
52.372608	0.394737	80
52.767345	0.394741	76
53.162086	0.104488	76
53.266575	0.371521	80
53.638096	0.197369	79
53.835464	0.394741	70
54.230206	0.510838	71
54.741043	0.359909	70
55.100952	0.545670	71
55.646622	0.464397	71
56.111019	0.208981	67
56.320000	0.429569	70
56.749569	0.325081	72
57.074650	0.290249	72
57.364899	0.499229	59
57.864128	0.197369	59
58.061497	0.487617	63
58.549114	0.278641	63
58.827755	0.208981	65
59.036736	0.371517	66
59.408253	0.452789	67
59.861042	0.499229	69
60.360271	0.127712	70
60.487984	0.081268	69
60.569252	0.116100	70
60.685352	0.208981	69
60.894333	1.381584	70
62.275917	0.476009	70
62.751926	0.452789	72
63.204716	0.185760	72
63.390476	0.150928	72
63.541405	0.127712	0
63.669117	0.243809	72
63.912926	0.383125	72
64.296051	0.452789	71
64.748840	0.325081	70
65.073921	0.162544	70
65.236465	0.174149	69
65.410614	0.162537	69
65.573151	0.174149	69
65.747299	0.905579	69
66.652878	0.359909	74
67.012787	0.208984	71
67.221771	0.452789	72
67.674561	0.232201	72
67.906761	0.371513	76
68.278275	0.208984	70
68.487259	0.243805	72
68.731064	0.708214	68
69.439278	0.696594	66
70.135872	0.034828	80
70.170700	0.348305	72
70.519005	0.394737	71
70.913742	0.081268	70
70.995010	0.267029	71
71.262039	0.162544	72
71.424583	0.208977	71
71.633560	0.255417	70
71.888977	0.336693	70
72.225670	1.195824	67
73.421494	0.208984	82
73.630478	0.267029	68
73.897507	0.406349	69
74.303856	0.162537	70
74.466393	0.208984	70
74.675377	0.301857	70
74.977234	0.139320	68
75.116554	0.116096	67
75.232651	0.394745	71
75.627396	0.476006	70
76.103401	0.487617	66
76.591019	0.150932	63
76.741951	0.336685	64
77.078636	0.359909	78
77.438545	0.220596	70
77.659142	0.464394	72
78.123535	0.267029	71
78.390564	0.208984	72
78.599548	0.394737	70
78.994286	0.557281	70
79.551567	0.092880	70
79.644447	0.301857	70
79.946304	0.499229	62
80.445534	0.545670	75
80.991203	0.255417	71
81.246620	0.208984	72
81.455605	0.185753	72
81.641357	0.232201	69
81.873558	0.104492	65
81.978050	0.139320	0
82.117371	0.174149	70
82.291519	0.185760	68
82.477280	0.197372	68
82.674652	0.127708	65
82.802361	0.464394	63
83.266754	0.162544	72
83.429298	0.267029	65
83.696327	0.208977	66
83.905304	0.174149	67
84.079453	0.150932	68
84.230385	0.487617	67
84.718002	0.069664	66
84.787666	0.174149	68
84.961815	0.267029	68
85.228844	0.429565	66
85.658409	0.371521	70
86.029930	0.719818	68
86.749748	0.893974	63
87.643723	0.487617	71
88.131340	0.208977	71
88.340317	0.441177	72
88.781494	0.429573	72
89.211067	0.499229	71
89.710297	2.031746	71
91.742043	0.824310	72
92.566353	0.174149	72
92.740501	0.162537	72
92.903038	2.321999	68
95.225037	0.893967	76
96.119003	4.423401	76
100.542404	1.811157	77
102.353561	0.893967	76
103.247528	0.870750	76
104.118279	4.783310	77
108.901588	0.870750	59
109.772339	0.696594	54
110.468933	0.185760	53
110.654694	0.893967	55
111.548660	0.232201	57
111.780861	0.290253	57
112.071114	0.383125	56
112.454239	0.882362	59
113.336601	0.859138	62
114.195740	0.789474	65
114.985214	0.104492	65
115.089706	0.568886	68
115.658592	0.325081	70
115.983673	0.162537	68
116.146210	0.336693	70
116.482903	3.088257	68
119.571159	0.336685	68
119.907845	0.359909	68
120.267754	0.348297	68
120.616051	2.101410	68
122.717461	0.348297	62
123.065758	0.510841	53
123.576599	0.429565	52
124.006165	0.812698	54
124.818863	0.464401	56
125.283264	0.441177	56
125.724442	0.371521	57
126.095963	0.255424	57
126.351387	0.301857	0
126.653244	0.522446	59
127.175690	0.174149	59
127.349838	0.174156	59
127.523994	0.255417	62
127.779411	0.568886	63
128.348297	0.092880	62
128.441177	0.708206	65
129.149384	0.185760	66
129.335144	0.185760	68
129.520905	0.638550	68
130.159454	0.220596	68
130.380051	0.267029	70
130.647079	0.034821	69
130.681900	0.034836	69
130.716736	0.220581	70
130.937317	0.824310	68
131.761627	0.150940	67
131.912567	0.371521	68
132.284088	0.104477	68
132.388565	0.185760	68
132.574326	0.336700	68
132.911026	0.615326	68
133.526352	0.069656	67
133.596008	0.081268	58
133.677277	0.267029	70
133.944305	0.243805	72
134.188110	0.255432	71
134.443542	0.429565	71
134.873108	0.267029	72
135.140137	0.371521	72
135.511658	0.429565	71
135.941223	0.220596	68
136.161819	0.255417	83
136.417236	0.510834	83
136.928070	0.650162	84
137.578232	0.963623	84
138.541855	0.220596	84
138.762451	0.185760	84
138.948212	0.185760	84
139.133972	6.211334	83
145.345306	0.243805	0
145.589111	0.174149	0
145.763260	3.169525	85
148.932785	0.232208	0
149.164993	3.459763	82
152.624756	0.232208	0
152.856964	0.185760	0
153.042725	3.157913	83
156.200638	0.232193	0
156.432831	3.332062	85
159.764893	0.232208	0
159.997101	3.970612	78
163.967712	0.139313	75
164.107025	0.139328	0
164.246353	0.174149	0
164.420502	0.684982	78
165.105484	0.197372	73
165.302856	0.174149	71
165.477005	2.054962	70
167.531967	0.243820	65
167.775787	0.208969	63
167.984756	0.684998	76
168.669754	0.197372	74
168.867126	0.162537	65
169.029663	2.054962	69
171.084625	0.232193	77
171.316818	0.197372	0
171.514191	0.673386	77
172.187576	0.197372	74
172.384949	0.197357	74
172.582306	0.278641	70
172.860947	0.208984	74
173.069931	0.243805	63
173.313736	1.335159	70
174.648895	0.208969	77
174.857864	0.220596	0
175.078461	0.684982	76
175.763443	0.208984	75
175.972427	0.185760	73
176.158188	0.255417	68
176.413605	0.232193	0
176.645798	0.220596	0
176.866394	6.571243	80
183.437637	0.255417	84
183.693054	0.197372	79
183.890427	0.139328	60
184.029755	0.557281	67
184.587036	0.371506	74
184.958542	0.104492	0
185.063034	0.348297	0
185.411331	0.174164	70
185.585495	0.197357	68
185.782852	4.214432	71
189.997284	0.534058	79
190.531342	0.220581	79
190.751923	0.905579	80
191.657501	0.801086	79
192.458588	0.255432	76
192.714020	0.127701	77
192.841721	0.174149	78
193.015869	0.476013	79
193.491882	0.487625	78
193.979507	0.150925	76
194.130432	0.232193	74
194.362625	0.162552	75
194.525177	0.185745	77
194.710922	0.534073	75
195.244995	0.429565	0
195.674561	0.185760	0
195.860321	0.162537	0
196.022858	0.185760	0
196.208618	1.474472	62
197.683090	8.022491	59
205.705582	0.174149	66
205.879730	0.301865	68
206.181595	0.232193	69
206.413788	0.162537	69
206.576324	0.058044	64
206.634369	0.487625	67
207.121994	9.531799	65
216.653793	0.232193	0
216.885986	0.290253	62
217.176239	0.220581	59
217.396820	0.150940	59
217.547760	0.150925	59
217.698685	0.801086	60
218.499771	0.325089	59
218.824860	4.980667	60
223.805527	0.661774	63
224.467300	0.220596	75
224.687897	0.243805	64
224.931702	0.220581	63
225.152283	0.394745	63
225.547028	8.962906	73
234.509933	0.116104	68
234.626038	0.185760	67
234.811798	6.234558	68
241.046356	0.232193	0
241.278549	0.417953	63
241.696503	0.232208	63
241.928711	0.220581	66
242.149292	0.046448	66
242.195740	0.197372	65
242.393112	0.394730	63
242.787842	3.610703	63
246.398544	0.441177	91
246.839722	3.297241	76
250.136963	0.255417	0
250.392380	0.441177	75
250.833557	6.443542	79
257.277100	0.220581	74
257.497681	0.441193	73
257.938873	0.452789	76
258.391663	0.429565	77
258.821228	1.776337	78
260.597565	0.220581	72
260.818146	1.114563	76
261.932709	0.267029	76
262.199738	0.185760	76
262.385498	0.452789	75
262.838287	0.197357	75
263.035645	0.232208	75
263.267853	0.243805	74
263.511658	0.499237	75
264.010895	0.174133	75
264.185028	1.300323	75
265.485352	0.452789	76
265.938141	5.572784	77
271.510925	0.348297	0
271.859222	0.325073	72
272.184296	0.429596	63
272.613892	0.348297	76
272.962189	0.522430	74
273.484619	0.429565	65
273.914185	7.569702	71
281.483887	0.267029	78
281.750916	0.232208	0
281.983124	0.301880	79
282.285004	0.545654	70
282.830658	0.394745	78
283.225403	0.081268	74
283.306671	0.638550	72
283.945221	0.917175	71
284.862396	0.882355	71
285.744751	0.208984	71
285.953735	0.208984	68
286.162720	0.267029	67
286.429749	1.068115	70
287.497864	0.429565	63
287.927429	0.220612	59
288.148041	0.464386	67
288.612427	0.243805	67
288.856232	0.208984	68
289.065216	0.417969	69
289.483185	0.452789	69
289.935974	2.182678	71
292.118652	0.719818	71
292.838470	0.441162	72
293.279633	0.452789	72
293.732422	0.243805	73
293.976227	0.406372	65
294.382599	0.394714	75
294.777313	0.986847	73
295.764160	4.504669	76
300.268829	0.336700	73
300.605530	0.406342	72
301.011871	0.301880	71
301.313751	0.197357	72
301.511108	0.452789	76
301.963898	5.096771	75
307.060669	0.429565	71
307.490234	0.452789	73
307.943024	0.290253	72
308.233276	0.359924	72
308.593201	0.452789	70
309.045990	1.787933	67
310.833923	0.232208	69
311.066132	0.452789	70
311.518921	0.255402	69
311.774323	0.197388	70
311.971710	0.220581	70
312.192291	0.998444	71
313.190735	0.754669	71
313.945404	0.359894	65
314.305298	0.510834	65
314.816132	0.441193	67
315.257324	0.441193	69
315.698517	0.464386	67
316.162903	1.520905	72
317.683807	0.522461	74
318.206268	0.197357	76
318.403625	0.441193	75
318.844818	0.406342	76
319.251160	12.608429	74
331.859589	0.208984	0
332.068573	0.348297	0
332.416870	0.325073	0
332.741943	0.243805	59
332.985748	0.383148	59
333.368896	0.847534	59
334.216431	0.963623	67
335.180054	0.893951	66
336.074005	0.893982	66
336.967987	0.905579	67
337.873566	0.870728	68
338.744293	0.859161	72
339.603455	0.824310	69
340.427765	0.476013	67
340.903778	7.163330	79
348.067108	0.220612	0
348.287720	0.243805	77
348.531525	0.220581	75
348.752106	0.394745	68
349.146851	0.452789	79
349.599640	0.835907	76
350.435547	15.603821	77
366.039368	0.476013	80
366.515381	1.741486	73
368.256866	5.119995	70
373.376862	6.730896	75
