5.584399	0.592109	0
6.176508	0.127710	0
6.304218	6.130068	54
12.434286	0.359909	71
12.794195	6.629297	68
19.423492	0.267029	0
19.690521	0.278639	56
19.969160	0.313471	71
20.282631	0.255419	0
20.538050	0.290249	52
20.828299	0.255421	51
21.083719	0.301859	48
21.385578	0.267029	0
21.652607	0.267031	51
21.919638	0.162539	0
22.082176	0.104490	0
22.186666	0.290249	50
22.476915	0.267031	51
22.743946	0.278639	0
23.022585	0.278639	0
23.301224	0.278641	49
23.579865	0.243809	0
23.823673	0.313469	68
24.137142	0.162540	68
24.299683	0.104490	69
24.404173	0.278639	69
24.682812	0.278639	68
24.961451	0.267031	69
25.228481	0.278639	64
25.507120	0.278639	74
25.785759	0.278641	0
26.064400	0.267029	0
26.331429	0.185760	56
26.517189	0.092878	63
26.610067	0.278641	63
26.888708	0.255419	48
27.144127	0.290249	56
27.434376	0.278641	0
27.713017	0.290249	48
28.003265	0.267029	0
28.270294	0.278641	52
28.548935	0.162539	54
28.711473	0.116100	64
28.827574	0.267029	49
29.094603	0.278641	48
29.373243	0.267029	56
29.640272	0.278639	58
29.918911	0.278641	48
30.197552	0.278639	49
30.476191	0.278639	63
30.754829	0.174150	51
30.928980	0.092880	0
31.021860	0.278639	71
31.300499	0.208979	67
31.509478	0.359911	68
31.869389	0.255417	69
32.124805	0.278641	63
32.403446	0.278641	67
32.682087	0.568890	71
33.250977	0.267029	66
33.518005	0.278637	66
33.796642	0.267033	66
34.063675	0.278637	66
34.342312	0.278641	66
34.620953	0.243809	63
34.864761	0.301861	60
35.166622	0.267029	65
35.433651	0.278641	65
35.712292	0.278637	57
35.990929	0.278641	56
36.269569	0.255421	56
36.524990	0.290249	73
36.815239	0.278637	56
37.093876	0.278641	57
37.372517	0.162540	56
37.535057	0.116100	0
37.651157	0.278637	72
37.929794	0.267033	67
38.196827	0.278637	70
38.475464	0.220589	76
38.696053	0.336693	76
39.032745	1.079727	77
40.112473	0.278637	58
40.391109	0.394741	64
40.785851	0.406349	66
41.192200	0.232201	66
41.424400	0.359909	65
41.784309	0.162540	67
41.946850	0.127708	66
42.074558	0.255421	0
42.329979	0.278637	51
42.608616	0.267029	0
42.875645	0.267033	51
43.142677	0.290249	53
43.432926	0.278637	51
43.711563	0.255421	59
43.966984	0.174149	51
44.141132	0.127712	51
44.268845	0.267029	51
44.535873	0.278641	59
44.814514	0.290249	64
45.104763	0.092880	0
45.197643	0.174149	66
45.371792	0.255421	68
45.627213	0.290249	69
45.917461	0.278637	68
46.196098	0.127712	68
46.323811	0.150928	67
46.474739	0.267029	68
46.741768	0.290249	67
47.032017	0.255421	51
47.287437	0.278641	51
47.566078	0.278637	0
47.844715	0.278641	0
48.123356	0.278641	0
48.401997	0.162540	52
48.564537	0.116096	51
48.680634	0.267033	74
48.947666	0.267029	70
49.214695	0.290249	63
49.504944	0.104488	0
49.609432	0.174152	66
49.783585	0.243809	70
50.027393	0.243809	66
50.271202	0.336689	68
50.607891	0.150928	69
50.758820	0.139320	68
50.898140	0.208981	68
51.107121	0.301861	67
51.408981	0.232197	69
51.641178	0.092880	69
51.734058	0.185760	69
51.919819	0.069660	68
51.989479	0.278641	68
52.268120	0.267029	66
52.535149	0.174149	0
52.709297	0.104488	0
52.813786	0.278641	69
53.092426	0.278641	68
53.371067	0.267029	71
53.638096	0.267029	78
53.905125	0.290249	69
54.195374	0.278641	67
54.474014	0.267029	65
54.741043	0.290249	66
55.031292	0.139320	65
55.170612	0.127708	65
55.298321	0.255421	66
55.553741	0.290249	66
55.843990	0.278641	63
56.122631	0.267029	62
56.389660	0.290249	76
56.679909	0.267029	0
56.946938	0.278641	0
57.225578	0.162540	0
57.388119	0.116100	0
57.504219	0.255417	76
57.759636	0.278641	66
58.038277	0.290249	66
58.328526	0.116100	0
58.444626	0.162540	64
58.607166	0.267029	69
58.874195	0.243809	73
59.118004	0.255421	58
59.373425	0.220589	58
59.594013	0.116100	56
59.710114	0.278641	76
59.988754	0.267029	0
60.255783	0.278637	0
60.534420	0.278641	0
60.813061	0.267029	0
61.080090	0.278641	0
61.358730	0.278641	0
61.637371	0.162537	51
61.799908	0.116100	51
61.916008	0.267029	51
62.183037	0.278641	0
62.461678	0.278641	0
62.740318	0.232197	0
62.972515	0.568890	67
63.541405	0.313469	63
63.854874	0.267029	61
64.121902	0.255424	47
64.377327	0.290245	46
64.667572	0.278641	0
64.946213	0.267029	54
65.213242	0.290253	58
65.503494	0.220589	0
65.724083	0.464401	69
66.188484	0.139313	68
66.327797	0.267036	68
66.594833	0.290245	68
66.885078	0.290253	68
67.175331	0.092880	68
67.268211	0.162537	64
67.430748	0.255417	64
67.686165	0.278641	65
67.964806	0.301865	64
68.266670	0.150925	64
68.417595	0.127708	64
68.545303	0.267029	64
68.812332	0.278641	63
69.090973	0.255424	0
69.346397	0.290245	0
69.636642	0.278641	52
69.915283	0.267029	51
70.182312	0.835922	51
71.018234	0.278633	0
71.296867	0.417961	64
71.714828	0.359909	66
72.074738	0.301865	0
72.376602	0.325073	0
72.701675	0.267029	52
72.968704	0.255424	54
73.224129	0.278641	51
73.502769	0.267029	51
73.769798	0.290245	0
74.060043	0.278641	69
74.338684	0.267029	51
74.605713	0.278641	51
74.884354	0.162537	0
75.046890	0.116104	63
75.162994	0.267029	73
75.430023	0.278641	0
75.708664	0.278641	64
75.987305	0.174149	64
76.161453	0.104485	65
76.265938	0.255424	63
76.521362	0.290245	66
76.811607	0.301865	69
77.113472	0.116096	0
77.229568	0.150932	68
77.380501	0.267029	68
77.647530	0.267029	69
77.914558	0.267029	68
78.181587	0.162537	0
78.344124	0.127716	63
78.471840	0.278633	63
78.750473	0.278641	0
79.029114	0.243813	69
79.272926	0.174149	0
79.447075	0.139320	68
79.586395	0.267029	67
79.853424	0.267029	68
80.120453	0.290253	68
80.410706	0.162537	67
80.573242	0.104492	65
80.677734	0.267029	64
80.944763	0.290245	66
81.235008	0.441185	66
81.676193	0.116096	65
81.792290	0.267029	65
82.059319	0.278641	66
82.337959	0.278641	63
82.616600	0.267029	61
82.883629	0.278641	60
83.162270	0.278641	60
83.440910	0.267029	0
83.707939	0.174149	52
83.882088	0.116096	52
83.998184	0.267029	51
84.265213	0.278641	0
84.543854	0.267029	65
84.810883	0.290253	62
85.101135	0.255417	55
85.356552	0.290253	59
85.646805	0.290245	51
85.937050	0.139320	52
86.076370	0.127708	59
86.204079	0.267029	58
86.471107	0.278641	0
86.749748	0.278641	0
87.028389	0.267029	67
87.295418	0.290253	64
87.585670	0.267029	0
87.852699	0.278641	0
88.131340	0.162537	64
88.293877	0.116104	64
88.409981	0.267029	64
88.677010	0.278633	0
88.955643	0.278641	0
89.234283	0.220589	0
89.454872	0.580505	65
90.035378	0.580498	73
90.615875	0.255417	58
90.871292	0.290253	59
91.161545	0.278633	0
91.440178	0.278641	0
91.718819	0.278641	58
91.997459	0.243813	0
92.241272	0.325081	69
92.566353	0.116096	68
92.682449	0.139320	67
92.821770	0.255417	69
93.077187	0.290253	68
93.367439	0.290245	68
93.657684	0.267029	63
93.924713	0.267036	63
94.191750	0.290245	63
94.481995	0.278641	63
94.760635	0.127708	60
94.888344	0.139320	62
95.027664	0.267029	63
95.294693	0.290253	64
95.584946	0.267029	0
95.851974	0.232201	0
96.084175	0.325073	76
96.409248	0.243813	0
96.653061	0.313469	69
96.966530	0.104492	74
97.071022	0.162537	68
97.233559	0.290253	69
97.523811	0.197365	71
97.721176	0.348305	70
98.069481	0.267029	70
98.336510	0.197365	73
98.533875	0.197372	71
98.731247	0.719818	73
99.451065	0.417961	76
99.869026	0.127708	75
99.996735	0.557281	75
100.554016	0.232201	79
100.786217	0.220589	80
101.006805	0.104485	75
101.111290	0.267029	76
101.378319	0.278641	72
101.656960	0.290253	66
101.947212	0.255417	0
102.202629	0.278641	77
102.481270	0.290253	77
102.771523	0.267029	76
103.038551	0.267029	75
103.305580	0.255417	0
103.560997	0.232201	65
103.793198	0.325081	65
104.118279	0.278641	65
104.396919	0.325073	66
104.721992	0.243813	65
104.965805	0.301857	66
105.267662	0.255424	68
105.523087	0.255417	66
105.778503	0.278641	64
106.057144	0.267029	64
106.324173	0.139320	63
106.463493	0.696594	64
107.160088	0.278641	64
107.438728	0.267029	66
107.705757	0.406349	68
108.112106	0.174149	66
108.286255	0.208984	65
108.495239	0.116096	64
108.611336	0.743042	59
109.354378	0.313469	63
109.667847	0.267029	66
109.934875	0.417961	67
110.352837	0.150925	73
110.503761	0.220589	72
110.724350	0.301865	67
111.026215	0.406349	66
111.432564	0.162537	63
111.595100	0.278641	61
111.873741	0.243813	65
112.117554	0.313469	70
112.431023	0.278641	69
112.709663	0.534058	68
113.243721	0.394737	66
113.638458	0.162537	66
113.800995	0.208984	63
114.009979	0.348297	62
114.358276	0.545670	63
114.903946	0.313469	64
115.217415	0.232201	61
115.449615	0.557281	66
116.006897	0.278633	62
116.285530	0.267029	58
116.552559	0.278641	55
116.831200	0.290253	62
117.121452	0.534058	63
117.655510	0.417961	62
118.073471	0.150925	62
118.224396	0.232201	60
118.456596	0.313469	58
118.770065	0.545670	61
119.315735	0.290253	67
119.605988	0.243805	64
119.849792	0.568893	68
120.418686	0.278641	70
120.697327	0.267029	69
120.964355	0.568886	68
121.533241	0.301857	69
121.835098	0.255424	71
122.090523	0.394737	68
122.485260	0.150932	67
122.636192	0.208977	66
122.845169	0.371521	66
123.216690	0.150932	61
123.367622	0.359909	63
123.727531	0.290245	64
124.017776	0.267029	64
124.284805	0.278641	64
124.563446	0.278641	64
124.842087	0.278641	65
125.120728	1.068115	60
126.188843	0.116104	58
126.304947	0.104485	58
126.409431	0.069664	0
126.479095	0.197365	63
126.676460	0.150932	62
126.827393	0.081268	66
126.908661	0.174149	65
127.082809	0.139320	65
127.222130	0.092880	68
127.315010	0.220589	67
127.535599	0.069664	67
127.605263	0.232201	59
127.837463	0.197372	67
128.034836	0.127701	67
128.162537	0.267029	68
128.429565	0.278641	68
128.708206	0.267029	67
128.975235	0.220596	67
129.195831	0.046432	67
129.242264	0.290253	63
129.532516	0.278641	52
129.811157	0.267029	0
130.078186	0.162537	52
130.240723	0.116104	51
130.356827	0.278641	51
130.635468	0.278641	51
130.914108	0.174149	63
131.088257	0.104492	63
131.192749	0.232193	64
131.424942	0.313477	65
131.738419	0.220581	67
131.959000	0.058060	67
132.017059	0.174149	68
132.191208	0.104477	67
132.295685	0.139328	68
132.435013	0.139313	68
132.574326	0.255432	68
132.829758	0.174149	51
133.003906	0.116089	51
133.119995	0.139328	67
133.259323	0.127701	67
133.387024	0.278641	68
133.665665	0.301865	67
133.967529	0.150925	59
134.118454	0.104492	68
134.222946	0.278641	67
134.501587	0.162537	67
134.664124	0.104492	67
134.768616	0.267029	65
135.035645	0.290253	58
135.325897	0.267029	0
135.592926	0.278641	59
135.871567	0.197372	65
136.068939	0.116089	72
136.185028	0.243820	73
136.428848	0.290237	73
136.719086	0.127716	73
136.846802	0.139328	73
136.986130	0.290237	70
137.276367	0.255417	64
137.531784	0.185760	61
137.717545	0.092880	62
137.810425	0.220596	60
138.031021	0.336685	63
138.367706	0.197372	0
138.565079	0.348297	0
138.913376	0.162537	0
139.075912	0.116104	0
139.192017	0.267029	0
139.459045	0.278641	0
139.737686	0.174149	0
139.911835	0.139328	73
140.051163	0.243805	73
140.294968	0.267029	72
140.561996	0.267029	72
140.829025	0.232193	68
141.061218	0.069672	68
141.130890	0.162537	68
141.293427	0.104492	66
141.397919	0.267029	69
141.664948	0.243805	65
141.908752	0.290253	56
142.199005	0.301849	56
142.500854	0.255432	55
142.756287	0.290237	54
143.046524	0.267029	0
143.313553	0.185760	51
143.499313	0.104492	52
143.603806	0.278641	69
143.882446	0.243805	0
144.126251	0.301865	71
144.428116	0.278641	64
144.706757	0.278641	65
144.985397	0.278641	66
145.264038	0.557281	66
145.821320	0.278641	65
146.099960	0.267029	65
146.366989	0.545670	63
146.912659	0.278641	66
147.191299	0.267029	67
147.458328	0.278641	68
147.736969	0.220581	68
147.957550	0.058044	69
148.015594	0.301865	69
148.317459	0.162537	68
148.479996	0.092880	68
148.572876	0.278641	67
148.851517	0.208984	68
149.060501	0.058044	68
149.118546	0.278641	68
149.397186	0.278641	68
149.675827	0.208984	69
149.884811	0.081268	71
149.966080	0.139313	70
150.105392	0.127716	68
150.233109	0.278641	61
150.511749	0.174149	62
150.685898	0.092880	63
150.778778	0.139313	63
150.918091	0.139328	55
151.057419	0.255417	56
151.312836	1.114563	69
152.427399	0.290237	0
152.717636	1.079727	64
153.797363	0.278641	0
154.076004	0.267029	52
154.343033	0.162552	52
154.505585	0.127701	52
154.633286	0.267029	58
154.900314	0.278641	55
155.178955	0.267029	52
155.445984	0.267029	52
155.713013	0.290253	58
156.003265	0.278641	0
156.281906	0.267029	58
156.548935	0.174149	59
156.723083	0.104492	59
156.827576	0.278641	66
157.106216	0.278641	68
157.384857	0.267029	68
157.651886	0.255417	68
157.907303	0.301865	69
158.209167	0.267029	69
158.476196	0.290237	68
158.766434	0.139328	68
158.905762	0.139313	68
159.045074	0.267029	68
159.312103	0.278641	68
159.590744	0.267029	0
159.857773	0.278641	71
160.136414	0.278641	69
160.415054	0.278641	68
160.693695	0.267029	68
160.960724	0.174149	68
161.134872	0.104492	70
161.239365	0.278641	69
161.518005	0.278641	67
161.796646	0.278641	53
162.075287	0.267029	52
162.342316	0.278641	68
162.620956	0.278641	68
162.899597	0.278641	68
163.178238	0.162537	66
163.340775	0.116089	66
163.456863	0.278641	67
163.735504	0.267029	66
164.002533	0.243820	59
164.246353	0.034821	56
164.281174	0.267029	57
164.548203	0.290253	63
164.838455	0.267029	64
165.105484	0.278641	64
165.384125	0.162537	64
165.546661	0.116104	64
165.662766	0.267029	64
165.929794	0.278641	63
166.208435	0.267029	60
166.475464	0.267029	60
166.742493	0.301865	68
167.044357	0.267029	66
167.311386	0.278641	63
167.590027	0.150925	59
167.740952	0.127716	59
167.868668	0.267029	60
168.135696	0.278641	68
168.414337	0.255417	68
168.669754	0.278641	68
168.948395	0.301849	70
169.250244	0.255432	52
169.505676	0.290237	54
169.795914	0.150940	59
169.946854	0.127701	58
170.074554	0.267029	71
170.341583	0.267029	60
170.608612	0.278641	59
170.887253	0.185760	59
171.073013	0.104492	59
171.177505	0.278641	58
171.456146	0.162537	59
171.618683	0.069656	59
171.688339	0.325089	61
172.013428	0.267029	66
172.280457	0.278641	66
172.559097	0.278641	59
172.837738	0.267029	59
173.104767	0.278641	59
173.383408	0.278641	64
173.662048	0.278625	59
173.940674	0.267029	61
174.207703	0.150940	64
174.358643	0.127701	64
174.486343	0.278641	61
174.764984	0.267029	59
175.032013	0.267029	57
175.299042	0.267029	57
175.566071	0.301865	57
175.867935	0.267029	57
176.134964	0.278641	52
176.413605	0.150925	52
176.564529	0.139328	52
176.703857	0.267029	65
176.970886	0.278641	61
177.249527	0.267029	52
177.516556	0.174149	52
177.690704	0.116104	52
177.806808	0.278641	63
178.085449	0.150925	58
178.236374	0.116104	56
178.352478	0.255417	54
178.607895	0.185760	52
178.793655	0.104492	52
178.898148	0.278625	57
179.176773	0.267044	58
179.443817	0.267029	68
179.710846	0.278625	68
179.989471	0.278641	71
180.268112	0.290253	68
180.558365	0.278641	70
180.837006	0.267029	59
181.104034	0.278641	62
181.382675	0.278641	59
181.661316	0.278641	59
181.939957	0.267029	59
182.206985	0.278641	63
182.485626	0.267029	62
182.752655	0.290253	57
183.042908	0.162537	58
183.205444	0.104492	60
183.309937	0.290237	60
183.600174	0.255432	57
183.855606	0.290237	57
184.145844	0.267029	57
184.412872	0.278641	61
184.691513	0.278641	57
184.970154	0.278641	64
185.248795	0.150940	64
185.399734	0.127701	64
185.527435	0.278641	64
185.806076	0.267029	60
186.073105	0.278641	61
186.351746	0.267029	59
186.618774	0.278641	64
186.897415	0.174149	61
187.071564	0.104492	59
187.176056	0.905579	59
188.081635	0.185760	58
188.267395	0.116104	58
188.383499	0.301849	61
188.685349	0.139328	0
188.824677	0.336685	65
189.161362	0.278641	66
189.440002	0.290253	66
189.730255	0.034821	66
189.765076	0.116104	68
189.881180	0.116104	67
189.997284	0.255417	67
190.252701	0.290253	59
190.542953	0.267029	0
190.809982	0.267029	51
191.077011	0.301849	69
191.378860	0.267029	50
191.645889	0.278641	51
191.924530	0.150940	52
192.075470	0.116089	0
192.191559	0.278641	51
192.470200	0.290253	56
192.760452	0.278641	58
193.039093	0.255417	58
193.294510	0.208984	59
193.503494	0.104492	63
193.607986	0.243805	62
193.851791	0.278641	63
194.130432	0.127716	63
194.258148	0.162537	63
194.420685	0.255417	61
194.676102	0.290253	61
194.966354	0.162537	62
195.128891	0.104492	60
195.233383	0.278641	57
195.512024	0.278641	59
195.790665	0.174149	59
195.964813	0.104477	59
196.069290	0.150940	0
196.220230	0.290253	59
196.510483	0.104477	60
196.614960	0.278641	58
196.893600	0.267029	51
197.160629	0.267029	51
197.427658	0.278641	56
197.706299	0.185760	56
197.892059	0.383133	59
198.275192	0.290253	62
198.565445	0.150925	63
198.716370	0.116104	63
198.832474	0.278641	63
199.111115	0.267029	63
199.378143	0.278641	63
199.656784	0.255417	61
199.912201	0.290253	75
200.202454	0.278641	76
200.481094	0.267029	0
200.748123	0.150925	52
200.899048	0.127716	63
201.026764	0.278625	68
201.305389	0.278641	68
201.584030	0.255432	69
201.839462	0.278625	69
202.118088	0.301865	68
202.419952	0.255417	69
202.675369	0.441177	66
203.116547	0.116104	59
203.232651	0.278641	59
203.511292	0.278641	58
203.789932	0.255417	53
204.045349	0.267029	0
204.312378	0.301865	58
204.614243	0.255417	52
204.869659	0.267029	51
205.136688	0.197372	66
205.334061	0.116104	67
205.450165	0.255417	69
205.705582	0.278641	52
205.984222	0.267029	51
206.251251	0.267029	52
206.518280	0.464401	68
206.982681	0.069656	0
207.052338	0.603714	65
207.656052	0.267029	59
207.923080	0.278641	59
208.201721	0.278641	59
208.480362	0.278641	59
208.759003	0.278641	55
209.037643	0.267029	59
209.304672	0.267029	0
209.571701	0.255417	57
209.827118	0.267029	57
210.094147	0.301865	57
210.396011	0.255417	57
210.651428	0.278641	57
210.930069	0.290253	57
211.220322	0.290253	65
211.510574	0.290237	64
211.800812	0.162537	63
211.963348	0.104492	63
212.067841	0.267029	63
212.334869	0.278641	63
212.613510	0.278641	0
212.892151	0.267029	0
213.159180	0.290253	0
213.449432	0.267029	60
213.716461	0.267029	64
213.983490	0.150925	0
214.134415	0.127716	0
214.262131	0.174149	0
214.436279	0.371521	68
214.807800	0.301865	68
215.109665	0.220581	68
215.330246	0.267029	68
215.597275	0.139328	69
215.736603	0.743042	67
216.479645	0.290237	65
216.769882	0.267029	67
217.036911	0.290253	66
217.327164	0.243805	70
217.570969	0.290253	59
217.861221	0.267029	71
218.128250	0.278641	71
218.406891	0.267029	69
218.673920	0.243820	62
218.917740	0.313461	68
219.231201	0.301865	68
219.533066	0.104492	69
219.637558	0.150925	68
219.788483	0.255417	64
220.043900	0.313477	64
220.357376	0.243805	64
220.601181	0.185760	64
220.786942	0.104492	64
220.891434	0.278641	64
221.170074	0.267029	64
221.437103	0.290237	64
221.727341	0.267029	66
221.994370	0.278641	64
222.273010	0.267029	61
222.540039	0.568893	58
223.108932	0.534058	67
223.642990	0.406357	71
224.049347	0.313461	68
224.362808	0.301865	66
224.664673	0.092880	0
224.757553	0.278641	63
225.036194	0.127701	64
225.163895	0.150940	65
225.314835	0.267029	64
225.581863	0.278641	63
225.860504	0.267029	63
226.127533	0.267029	51
226.394562	0.290253	69
226.684814	0.267029	51
226.951843	0.278625	56
227.230469	0.174164	0
227.404633	0.104477	63
227.509109	0.243820	63
227.752930	0.313461	68
228.066391	0.278641	70
228.345032	0.150925	62
228.495956	0.116104	66
228.612061	0.278641	62
228.890701	0.278641	71
229.169342	0.278641	73
229.447983	0.127716	67
229.575699	0.150925	59
229.726624	0.267029	67
229.993652	0.278641	67
230.272293	0.255417	68
230.527710	0.290253	67
230.817963	0.290253	68
231.108215	0.267029	67
231.375244	0.255417	63
231.630661	0.162537	65
231.793198	0.150925	64
231.944122	0.267029	59
232.211151	0.267029	52
232.478180	0.267029	0
232.745209	0.278641	51
233.023849	0.278641	60
233.302490	0.278641	51
233.581131	0.278641	51
233.859772	0.139328	52
233.999100	0.139313	51
234.138412	0.267029	51
234.405441	0.278641	64
234.684082	0.267029	0
234.951111	0.278641	0
235.229752	0.278641	53
235.508392	0.267029	52
235.775421	0.290253	63
236.065674	0.162537	63
236.228210	0.116104	63
236.344315	0.267029	63
236.611343	0.278641	51
236.889984	0.267029	51
237.157013	0.278641	71
237.435654	0.278625	71
237.714279	0.243820	51
237.958099	0.232193	57
238.190292	0.116104	58
238.306396	0.127701	58
238.434097	0.127716	51
238.561813	0.267029	51
238.828842	0.278641	55
239.107483	0.197372	55
239.304855	0.081268	60
239.386124	0.267029	52
239.653152	0.278641	57
239.931793	0.278641	60
240.210434	0.278641	63
240.489075	0.162537	55
240.651611	0.104492	52
240.756104	0.278641	64
241.034744	0.267029	67
241.301773	0.255417	64
241.557190	0.301865	65
241.859055	0.278625	66
242.137680	0.278641	65
242.416321	0.278641	66
242.694962	0.150940	66
242.845901	0.127701	66
242.973602	0.267029	65
243.240631	0.278641	66
243.519272	0.278641	65
243.797913	0.220596	65
244.018509	0.325073	64
244.343582	0.197372	59
244.540955	0.081268	62
244.622223	0.278641	63
244.900864	0.278641	63
245.179504	0.267029	63
245.446533	0.278641	63
245.725174	0.267029	63
245.992203	0.278641	63
246.270844	0.278641	63
246.549484	0.278641	63
246.828125	0.278625	63
247.106750	0.150940	0
247.257690	0.127701	0
247.385391	0.267029	76
247.652420	0.278641	76
247.931061	0.267029	0
248.198090	0.278641	0
248.476730	0.278641	0
248.755371	0.278641	51
249.034012	0.278641	52
249.312653	0.162537	0
249.475189	0.104492	0
249.579681	0.278641	0
249.858322	0.278641	0
250.136963	0.278641	0
250.415604	0.267029	0
250.682632	0.278641	0
250.961273	0.278641	0
251.239914	0.290237	0
251.530151	0.150940	0
251.681091	0.116104	0
251.797195	0.278625	0
252.075821	0.290253	0
252.366074	0.290253	0
252.656326	0.255417	0
252.911743	6.876007	0
