0.406349	0.290249	68
0.696599	0.383129	63
1.079728	0.406349	67
1.486077	0.290249	78
1.776327	0.301859	65
2.078186	0.197370	67
2.275556	2.554195	67
4.829751	0.290249	70
5.120000	0.336689	83
5.456689	0.383129	69
5.839818	0.069660	0
5.909479	0.417959	81
6.327438	0.208979	68
6.536417	0.441179	68
6.977596	2.252336	70
9.229932	0.267030	76
9.496962	0.371519	77
9.868481	0.359909	83
10.228390	0.359910	78
10.588300	0.441178	80
11.029478	0.313470	85
11.342948	0.359909	80
11.702857	0.348299	81
12.051156	0.092880	90
12.144036	0.243810	81
12.387846	0.162539	81
12.550385	0.348299	78
12.898685	0.197370	89
13.096054	0.290250	83
13.386304	0.197370	80
13.583673	0.348299	79
13.931973	0.267030	80
14.199002	0.325079	69
14.524081	0.499229	66
15.023311	0.766258	66
15.789569	2.229115	64
18.018684	0.290251	66
18.308935	0.383129	66
18.692064	0.313469	64
19.005533	0.092880	0
19.098413	0.348299	73
19.446712	0.092880	0
19.539593	0.081268	0
19.620861	0.139320	0
19.760181	3.459774	79
23.219955	0.545668	68
23.765623	0.417959	78
24.183582	0.417959	75
24.601542	0.127710	77
24.729252	1.253878	78
25.983130	0.441179	69
26.424309	0.417959	68
26.842268	0.301859	68
27.144127	0.348299	68
27.492426	0.301859	0
27.794285	0.092880	76
27.887165	0.116100	76
28.003265	0.197369	78
28.200634	0.394741	76
28.595375	0.174149	0
28.769524	0.092880	0
28.862404	0.081270	0
28.943674	0.104488	0
29.048162	2.205896	76
31.254059	0.290249	82
31.544308	0.267031	83
31.811338	0.139318	82
31.950657	0.394741	78
32.345398	0.208977	78
32.554375	0.058052	78
32.612427	0.325077	78
32.937504	0.406349	80
33.343853	2.321999	80
35.665852	0.290249	73
35.956100	0.185760	0
36.141861	0.243809	76
36.385670	0.371517	78
36.757187	0.278641	66
37.035828	0.429569	69
37.465397	0.278641	68
37.744038	0.127708	77
37.871746	0.278641	87
38.150387	0.267029	80
38.417416	0.162540	79
38.579956	0.487617	64
39.067574	0.185760	0
39.253334	0.255421	69
39.508755	0.162537	80
39.671291	0.243813	80
39.915104	0.174149	80
40.089252	0.290249	87
40.379501	0.417957	80
40.797459	0.371521	78
41.168980	0.290249	78
41.459229	0.789478	77
42.248707	1.114559	77
43.363266	1.126167	80
44.489433	0.278641	81
44.768074	0.255417	78
45.023491	0.487621	76
45.511112	0.394737	71
45.905849	0.777870	70
46.683720	0.801086	83
47.484806	2.182678	74
49.667484	0.499229	68
50.166714	0.081268	78
50.247982	0.766258	77
51.014240	1.428028	86
52.442268	0.417957	81
52.860226	0.150932	80
53.011158	0.255417	80
53.266575	0.301861	84
53.568436	0.568890	87
54.137325	0.197369	0
54.334694	0.243809	76
54.578503	0.092880	75
54.671383	0.394741	75
55.066124	0.127708	0
55.193832	3.587482	76
58.781315	0.127708	83
58.909023	0.476009	81
59.385033	0.139320	74
59.524353	0.150932	74
59.675285	0.371517	75
60.046803	0.127708	0
60.174511	0.139320	82
60.313831	0.116100	82
60.429932	0.301861	82
60.731792	0.232197	82
60.963989	0.568890	64
61.532879	1.114559	64
62.647438	0.870747	77
63.518185	0.220592	82
63.738777	0.232197	67
63.970974	0.325077	77
64.296051	0.278641	77
64.574692	0.325081	78
64.899773	0.278641	77
65.178413	0.197372	78
65.375786	0.325073	78
65.700859	0.255424	77
65.956284	0.255417	76
66.211700	0.278641	83
66.490341	0.139320	82
66.629662	0.708206	76
67.337868	0.278641	76
67.616508	0.278641	85
67.895149	0.383125	79
68.278275	0.371521	78
68.649796	0.127708	84
68.777504	0.766258	82
69.543762	0.290253	76
69.834015	0.278641	66
70.112656	0.394737	86
70.507393	0.371521	73
70.878914	0.313469	80
71.192383	0.394737	78
71.587120	0.731430	80
72.318550	0.243805	86
72.562355	0.313469	81
72.875824	0.348305	81
73.224129	0.174149	81
73.398277	0.394737	86
73.793015	0.359909	77
74.152924	0.359909	76
74.512833	0.870750	75
75.383583	0.243813	72
75.627396	1.369972	75
76.997368	0.092880	61
77.090248	0.870750	63
77.960999	0.255417	62
78.216415	0.371521	60
78.587936	0.185760	58
78.773697	0.139320	58
78.913017	0.081268	59
78.994286	0.139320	60
79.133606	0.081268	61
79.214874	0.592110	55
79.806984	0.743042	55
80.550026	0.290245	73
80.840271	0.139320	68
80.979591	0.278641	69
81.258232	0.162537	68
81.420769	0.835922	69
82.256691	0.116096	66
82.372787	0.243813	67
82.616600	0.267029	66
82.883629	0.626938	65
83.510567	0.313469	63
83.824036	1.880814	63
85.704849	0.301865	64
86.006714	0.325081	62
86.331795	0.139313	0
86.471107	0.232201	65
86.703308	0.116104	66
86.819412	0.313469	66
87.132881	0.267029	66
87.399910	0.476006	67
87.875916	2.205902	65
90.081818	0.208977	55
90.290794	0.208977	57
90.499771	0.197372	58
90.697144	0.313469	72
91.010612	0.104492	0
91.115105	0.139320	62
91.254425	0.220589	62
91.475014	0.278641	63
91.753654	0.116096	64
91.869751	0.441177	62
92.310928	0.301857	62
92.612785	0.127716	63
92.740501	0.406349	60
93.146851	0.313469	59
93.460320	0.127708	60
93.588028	0.243813	59
93.831841	0.928795	59
94.760635	0.301857	56
95.062492	0.278641	56
95.341133	0.139320	58
95.480453	0.464401	60
95.944855	0.313469	63
96.258324	0.150925	63
96.409248	2.240730	64
98.649979	0.545670	68
99.195648	0.290245	69
99.485893	0.313469	69
99.799362	0.255424	69
100.054787	0.232201	69
100.286987	0.534058	68
100.821045	0.243805	73
101.064850	1.683449	71
102.748299	0.185760	66
102.934059	1.184219	67
104.118279	0.557274	68
104.675552	0.801094	77
105.476646	1.718277	77
107.194923	0.069656	0
107.264580	0.139320	82
107.403900	0.290253	83
107.694153	0.290245	81
107.984398	0.290253	80
108.274651	0.278641	83
108.553291	0.278633	87
108.831924	0.116104	76
108.948029	0.197365	78
109.145393	0.325081	83
109.470474	0.754654	83
110.225128	1.764709	84
111.989838	0.406349	81
112.396187	0.325081	87
112.721268	0.208984	87
112.930252	0.255417	80
113.185669	0.139320	88
113.324989	3.157913	87
116.482903	0.348297	68
116.831200	0.371521	68
117.202721	0.267029	63
117.469749	0.104492	63
117.574242	0.626938	64
118.201180	0.255417	64
118.456596	0.092880	64
118.549477	0.139320	64
118.688797	1.996918	64
120.685715	0.534058	67
121.219772	0.406349	71
121.626122	0.336693	67
121.962814	0.313469	66
122.276283	0.313469	63
122.589752	0.139320	64
122.729073	2.577415	64
125.306488	0.150925	68
125.457413	0.220589	68
125.678001	0.208984	70
125.886986	0.150925	71
126.037910	0.278641	67
126.316551	0.069664	68
126.386215	0.568886	71
126.955101	0.185760	73
127.140862	0.267029	68
127.407890	0.673378	67
128.081268	0.162537	67
128.243805	0.104492	67
128.348297	0.162537	68
128.510834	0.441177	67
128.952011	0.127716	67
129.079727	0.116104	66
129.195831	0.139313	66
129.335144	3.030212	75
132.365356	0.255417	56
132.620773	0.197372	58
132.818146	0.127701	59
132.945847	0.371521	59
133.317368	0.417969	58
133.735336	0.336685	61
134.072021	0.417953	59
134.489975	0.348297	63
134.838272	0.092880	63
134.931152	0.162537	58
135.093689	0.220596	59
135.314285	0.429565	66
135.743851	0.243820	64
135.987671	1.625397	66
137.613068	0.812698	65
138.425766	0.522446	65
138.948212	1.753098	0
140.701309	0.255432	0
140.956741	0.081268	0
141.038010	2.557098	75
