0.046440	0.510839	46
0.557279	0.290249	0
0.847528	0.545669	45
1.393197	0.290249	0
1.683447	0.150930	0
1.834376	0.116100	0
1.950476	0.290249	0
2.240726	0.255419	0
2.496145	0.290250	52
2.786395	0.267030	54
3.053424	0.162539	45
3.215964	0.394739	46
3.610703	0.290249	43
3.900952	0.139320	0
4.040272	0.127709	0
4.167982	0.278640	54
4.446621	0.278639	0
4.725261	0.557279	42
5.282540	0.150929	0
5.433469	0.139320	46
5.572789	0.255419	46
5.828208	0.301859	42
6.130068	0.255420	0
6.385488	0.301859	0
6.687347	0.255420	0
6.942767	0.150929	0
7.093696	0.150930	42
7.244626	0.255419	42
7.500045	0.150930	0
7.650975	0.139319	0
7.790295	0.255420	46
8.045714	0.301859	50
8.347573	0.139320	50
8.486894	0.127709	49
8.614603	0.116100	53
8.730703	0.150929	56
8.881633	0.301859	46
9.183492	0.835918	54
10.019410	0.127710	57
10.147120	0.127709	53
10.274830	0.417959	54
10.692789	0.139319	54
10.832108	0.139320	55
10.971429	0.139319	55
11.110748	0.150929	55
11.261678	0.034830	55
11.296508	0.116100	56
11.412608	0.127709	56
11.540318	0.417959	54
11.958277	0.139319	55
12.097596	0.127710	50
12.225307	0.162539	49
12.387846	0.116099	56
12.503945	0.127710	57
12.631656	0.150929	52
12.782585	0.441179	53
13.223764	0.127709	46
13.351474	0.267030	46
13.618504	0.278639	49
13.897142	0.267030	42
14.164172	0.150929	52
14.315102	0.139320	47
14.454422	0.255420	46
14.709842	0.301859	45
15.011701	0.267030	54
15.278730	0.278639	51
15.557369	0.232200	43
15.789569	0.464400	56
16.253969	0.150928	55
16.404898	0.127710	54
16.532608	0.139318	52
16.671926	0.162540	0
16.834467	0.116100	55
16.950567	0.534060	56
17.484627	0.162539	55
17.647165	0.127710	54
17.774876	0.174149	0
17.949024	0.359911	0
18.308935	0.301859	54
18.610794	0.290249	46
18.901043	0.255419	46
19.156462	0.290251	48
19.446712	0.267029	50
19.713741	0.150930	0
19.864672	0.139318	46
20.003990	0.255421	46
20.259411	0.568888	53
20.828299	0.116100	0
20.944399	0.139320	55
21.083719	0.185759	54
21.269478	0.139320	57
21.408798	0.267029	54
21.675827	0.267031	55
21.942858	0.174149	0
22.117006	0.104490	0
22.221497	0.568890	56
22.790386	0.406349	54
23.196735	0.127708	49
23.324444	0.150930	50
23.475374	0.975239	56
24.450613	0.267029	58
24.717642	0.290249	0
25.007891	0.267031	49
25.274921	0.150928	0
25.425850	0.139320	46
25.565170	0.255419	46
25.820589	0.301861	53
26.122450	0.429567	54
26.552017	0.127710	57
26.679728	0.278639	56
26.958366	0.267031	55
27.225397	0.278639	57
27.504036	0.139320	53
27.643356	0.127710	48
27.771067	0.220589	54
27.991655	0.162540	61
28.154196	0.174149	66
28.328344	0.301859	57
28.630203	0.243811	0
28.874014	0.290249	54
29.164263	1.079729	55
30.243992	0.220589	50
30.464581	0.232199	54
30.696779	0.116100	53
30.812880	0.278639	54
31.091518	0.278641	66
31.370159	0.290249	54
31.660408	0.301859	50
31.962267	0.255419	50
32.217686	0.197372	0
32.415058	0.104488	0
32.519547	0.545670	53
33.065216	0.139320	54
33.204536	0.127708	49
33.332245	0.208981	49
33.541225	0.092880	50
33.634106	0.267029	49
33.901134	0.429569	61
34.330704	0.116100	50
34.446804	0.267029	55
34.713833	0.290249	54
35.004082	0.290249	51
35.294331	0.127708	52
35.422039	0.139320	53
35.561359	0.208981	50
35.770340	0.267029	49
36.037369	0.092880	0
36.130249	0.406349	59
36.536598	0.139320	49
36.675919	0.255421	50
36.931339	0.267029	49
37.198368	0.452789	53
37.651157	0.139320	49
37.790478	0.278637	50
38.069115	0.255421	49
38.324535	0.290249	50
38.614784	0.150928	0
38.765713	0.127712	0
38.893425	0.232197	48
39.125622	0.290253	52
39.415874	0.243809	54
39.659683	0.069660	0
39.729343	0.150928	0
39.880272	0.127708	50
40.007980	0.278641	50
40.286621	0.278641	54
40.565262	0.290249	52
40.855511	0.267029	49
41.122540	0.278641	54
41.401180	0.220589	0
41.621769	0.069660	0
41.691429	0.185760	0
41.877190	0.220589	0
42.097778	0.139320	0
42.237099	0.162537	49
42.399635	0.394741	50
42.794376	0.545670	61
43.340046	0.174149	49
43.514194	0.394741	61
43.908936	0.197369	52
44.106304	0.081268	0
44.187572	0.278641	0
44.466213	0.162540	50
44.628754	0.255417	53
44.884171	0.127712	65
45.011883	0.290249	60
45.302132	0.278641	57
45.580772	0.278637	52
45.859409	0.278641	61
46.138050	0.255421	56
46.393471	0.116096	50
46.509567	0.174152	49
46.683720	0.150928	61
46.834648	0.359909	55
47.194557	0.325081	54
47.519638	0.127708	55
47.647346	0.139320	55
47.786667	0.278641	58
48.065308	0.290249	55
48.355556	0.278637	61
48.634193	0.139320	61
48.773514	0.394741	60
49.168255	0.290249	59
49.458504	0.290249	60
49.748753	0.255421	61
50.004173	0.568890	60
50.573063	0.267029	56
50.840092	0.162540	57
51.002632	0.127708	58
51.130341	0.278641	58
51.408981	0.290249	62
51.699230	0.267029	60
51.966259	0.267029	50
52.233288	0.278641	53
52.511929	0.267029	62
52.778957	0.301861	73
53.080818	0.255417	62
53.336235	0.301861	59
53.638096	0.510838	59
54.148933	0.290249	58
54.439182	0.301861	59
54.741043	0.267029	59
55.008072	0.278641	72
55.286713	0.290249	67
55.576962	0.267029	58
55.843990	0.417961	63
56.261951	0.417957	75
56.679909	0.278641	0
56.958549	0.290249	67
57.248798	0.545670	75
57.794468	0.278637	75
58.073105	0.545670	70
58.618774	0.278641	72
58.897415	0.568890	75
59.466305	0.267029	72
59.733334	0.174149	70
59.907482	0.104492	69
60.011974	0.290249	63
60.302223	0.278637	61
60.580860	0.267033	61
60.847893	0.278637	61
61.126530	0.835918	61
61.962448	0.278641	62
62.241089	0.290249	69
62.531338	0.127708	68
62.659046	0.139320	0
62.798367	0.278641	61
63.077007	0.150928	60
63.227936	0.127712	61
63.355648	0.255417	61
63.611065	0.290249	63
63.901314	0.557281	61
64.458595	0.557281	74
65.015877	0.267029	71
65.282906	0.278633	71
65.561539	0.278641	70
65.840179	0.278641	67
66.118820	0.267029	61
66.385849	0.267029	55
66.652878	0.290253	55
66.943130	0.255417	69
67.198547	0.568893	68
67.767441	0.290245	61
68.057686	0.499229	64
68.556915	0.325081	60
68.881996	0.301857	60
69.183853	0.267029	59
69.450882	0.243813	62
69.694695	0.325081	57
70.019775	0.278641	58
70.298416	0.197365	59
70.495781	0.348297	61
70.844078	0.278641	61
71.122719	0.301865	65
71.424583	1.091331	53
72.515915	0.278641	42
72.794556	0.278641	0
73.073196	0.150932	0
73.224129	0.139320	46
73.363449	0.255417	46
73.618866	0.278641	42
73.897507	0.278641	42
74.176147	0.150925	0
74.327072	0.127716	46
74.454788	0.278633	46
74.733421	0.127716	0
74.861137	0.278633	0
75.139771	0.267029	52
75.406799	0.406349	53
75.813148	0.278641	51
76.091789	0.592110	55
76.683899	0.267029	55
76.950928	0.278641	53
77.229568	0.185760	55
77.415329	0.104492	55
77.519821	0.127708	55
77.647530	0.139320	55
77.786850	0.185760	0
77.972610	0.766258	54
78.738869	0.150925	49
78.889793	0.557281	57
79.447075	0.429565	54
79.876640	0.406349	46
80.282990	0.278641	57
80.561630	0.278641	55
80.840271	0.139320	0
80.979591	0.139320	45
81.118912	0.278641	46
81.397552	0.568886	50
81.966438	0.278641	55
82.245079	0.243813	57
82.488892	0.267029	42
82.755920	0.162537	57
82.918457	0.127708	43
83.046165	0.301865	42
83.348030	0.232193	55
83.580223	0.174156	55
83.754379	0.150925	55
83.905304	0.534058	52
84.439362	0.116104	0
84.555466	0.174149	54
84.729614	0.127708	54
84.857323	0.557281	52
85.414604	0.139320	46
85.553925	0.267029	46
85.820953	0.290245	53
86.111198	0.278641	43
86.389839	0.127708	0
86.517548	0.162544	47
86.680092	0.255417	46
86.935509	0.278641	46
87.214149	0.580498	54
87.794647	0.174149	54
87.968796	0.371521	56
88.340317	0.185760	54
88.526077	0.371521	52
88.897598	0.127708	0
89.025307	0.708206	54
89.733513	0.139320	51
89.872833	0.139320	50
90.012154	0.116104	42
90.128258	0.150925	42
90.279182	0.278641	52
90.557823	0.417961	44
90.975784	0.150925	46
91.126709	0.267029	46
91.393738	0.267036	50
91.660774	0.290245	42
91.951019	0.127708	0
92.078728	0.150932	53
92.229660	0.267029	47
92.496689	0.185760	64
92.682449	0.661766	53
93.344215	0.139320	47
93.483536	0.127708	57
93.611244	0.278641	55
93.889885	0.290253	53
94.180138	0.267029	46
94.447166	0.150932	0
94.598099	0.139313	55
94.737411	0.267036	55
95.004448	0.290245	56
95.294693	0.243813	43
95.538506	0.232201	48
95.770706	0.325073	55
96.095779	0.835922	49
96.931702	0.267029	51
97.198730	0.197372	54
97.396103	0.220589	54
97.616692	0.197365	54
97.814056	0.104492	55
97.918549	0.162537	54
98.081085	0.232201	54
98.313286	0.452789	54
98.766075	0.127708	51
98.893784	0.243813	55
99.137596	0.046440	54
99.184036	0.185760	49
99.369797	0.348297	51
99.718094	0.150932	53
99.869026	0.127708	50
99.996735	0.278641	49
100.275375	0.290245	50
100.565620	0.278641	50
100.844261	0.139320	50
100.983582	0.127708	49
101.111290	0.278641	49
101.389931	0.255424	50
101.645355	0.185753	52
101.831108	0.278641	52
102.109749	0.127708	52
102.237457	0.278641	52
102.516098	0.243813	50
102.759911	0.197365	51
102.957275	0.116104	50
103.073380	0.127708	50
103.201088	0.150932	49
103.352020	0.232201	49
103.584221	0.267029	0
103.851250	0.452789	49
104.304039	0.116096	49
104.420135	0.267029	50
104.687164	0.174149	50
104.861313	0.150932	50
105.012245	0.278641	43
105.290886	0.150925	43
105.441811	0.127716	0
105.569527	0.278633	0
105.848160	0.267036	50
106.115196	0.290245	52
106.405441	0.150932	0
106.556374	0.127708	0
106.684082	0.255417	55
106.939499	0.185760	53
107.125259	0.116104	54
107.241364	0.301857	53
107.543221	0.116096	49
107.659317	0.127716	0
107.787033	0.278633	54
108.065666	0.197372	50
108.263039	0.243813	54
108.506851	0.139320	54
108.646172	0.255417	53
108.901588	0.290245	57
109.191833	0.290253	55
109.482086	0.534058	58
110.016144	0.267029	0
110.283173	0.301865	61
110.585037	0.255417	64
110.840454	0.139320	65
110.979774	0.150925	58
111.130699	0.150932	61
111.281631	0.127708	61
111.409340	0.278641	53
111.687981	0.208984	54
111.896965	0.197365	0
112.094330	0.150932	0
112.245262	0.267029	59
112.512291	0.417961	53
112.930252	0.139320	49
113.069572	0.267029	61
113.336601	0.255417	53
113.592018	0.290253	59
113.882271	0.429565	60
114.311836	0.139320	55
114.451157	0.267029	0
114.718185	0.139320	65
114.857506	0.139320	67
114.996826	0.290245	61
115.287071	0.139320	58
115.426392	0.139320	61
115.565712	0.267029	59
115.832741	0.278641	61
116.111382	0.557281	61
116.668663	0.568886	54
117.237549	0.267029	53
117.504578	0.162544	58
117.667122	0.127708	66
117.794830	0.278641	71
118.073471	0.545670	63
118.619141	0.267029	62
118.886169	0.290245	67
119.176414	0.267029	65
119.443443	0.290253	73
119.733696	0.267029	67
120.000725	0.313469	58
120.314194	0.499229	69
120.813423	0.290253	65
121.103676	0.290245	59
121.393921	0.290253	58
121.684174	0.232201	55
121.916374	0.325073	53
122.241447	0.267036	50
122.508484	0.580498	61
123.088982	0.243805	61
123.332787	0.301865	56
123.634651	0.290245	60
123.924896	0.267029	61
124.191925	0.162544	61
124.354469	0.104485	61
124.458954	0.290253	61
124.749207	0.267029	62
125.016235	0.278641	61
125.294876	0.267029	67
125.561905	0.568886	69
126.130791	0.267029	70
126.397820	0.174156	62
126.571976	0.092880	69
126.664856	0.301857	57
126.966713	0.278641	60
127.245354	0.278641	73
127.523994	0.255417	68
127.779411	0.847527	64
128.626938	0.278641	67
128.905579	0.150925	60
129.056503	0.127716	60
129.184219	0.278641	63
129.462860	0.267029	61
129.729889	0.150925	61
129.880814	0.139328	61
130.020142	0.255417	61
130.275558	0.278641	63
130.554199	0.301849	64
130.856049	0.267029	62
131.123077	0.545670	67
131.668747	0.278641	71
131.947388	0.150940	72
132.098328	0.139313	72
132.237640	0.267029	67
132.504669	0.557281	61
133.061951	0.267029	61
133.328979	0.290253	57
133.619232	0.267029	63
133.886261	0.290253	70
134.176514	0.278641	64
134.455154	0.278625	64
134.733780	0.824310	61
135.558090	0.301865	66
135.859955	0.267029	69
136.126984	0.557281	66
136.684265	0.290253	72
136.974518	0.522446	61
137.496964	0.290253	59
137.787216	0.278641	61
138.065857	0.290237	62
138.356094	0.278641	59
138.634735	0.243820	61
138.878555	0.301849	61
139.180405	0.116104	61
139.296509	0.139313	61
139.435822	0.267029	61
139.702850	0.278641	60
139.981491	0.301865	55
140.283356	0.278641	64
140.561996	0.325073	66
140.887070	0.278641	67
141.165710	0.290253	67
141.455963	0.267029	63
141.722992	0.278641	58
142.001633	0.267029	69
142.268661	0.290253	69
142.558914	0.278641	69
142.837555	0.127701	69
142.965256	0.150940	69
143.116196	0.255417	67
143.371613	0.580490	66
143.952103	0.278641	69
144.230743	0.267029	69
144.497772	0.290253	69
144.788025	0.139328	69
144.927353	0.150925	69
145.078278	0.267029	69
145.345306	0.278641	68
145.623947	0.568893	60
146.192841	0.267029	62
146.459869	0.255417	65
146.715286	0.301849	66
147.017136	0.267044	68
147.284180	0.267029	60
147.551208	0.267029	67
147.818237	0.301849	67
148.120087	0.267029	70
148.387115	0.278641	59
148.665756	0.267029	59
148.932785	0.278641	72
149.211426	0.568893	70
149.780319	0.267029	76
150.047348	0.301865	73
150.349213	0.127701	57
150.476913	0.150940	67
150.627853	0.255417	70
150.883270	0.278641	75
151.161911	0.290237	72
151.452148	0.278641	66
151.730789	0.557281	64
152.288071	0.267029	69
152.555099	0.290253	74
152.845352	0.267029	61
153.112381	0.290253	62
153.402634	0.568878	58
153.971512	0.255432	62
154.226944	0.197357	62
154.424301	0.092880	72
154.517181	0.301865	68
154.819046	0.522446	61
155.341492	0.278641	67
155.620132	0.278641	68
155.898773	0.267029	63
156.165802	0.557281	58
156.723083	0.313477	68
157.036560	0.499222	63
157.535782	0.301865	60
157.837646	0.290237	56
158.127884	0.255432	57
158.383316	0.267029	59
158.650345	0.301849	57
158.952194	0.278641	60
159.230835	0.557281	62
159.788116	0.267029	59
160.055145	0.290253	59
160.345398	0.267029	62
160.612427	0.568893	62
161.181320	0.278641	67
161.459961	0.824295	61
162.284256	0.557281	54
162.841537	0.267029	61
163.108566	0.290253	60
163.398819	0.290253	64
163.689072	0.267029	67
163.956100	0.267029	62
164.223129	0.278641	62
164.501770	0.557281	59
165.059052	0.557281	70
165.616333	0.290237	71
165.906570	0.278641	66
166.185211	0.278641	68
166.463852	0.139328	72
166.603180	0.139313	64
166.742493	0.557281	67
167.299774	0.267029	68
167.566803	0.267029	68
167.833832	0.290253	67
168.124084	0.267029	65
168.391113	0.301865	71
168.692978	0.255417	70
168.948395	0.290237	70
169.238632	0.278641	67
169.517273	0.267029	67
169.784302	0.267029	68
170.051331	0.290253	68
170.341583	0.267029	69
170.608612	0.557281	73
171.165894	0.301865	62
171.467758	0.545670	71
172.013428	0.255417	71
172.268845	0.580505	75
172.849350	0.267029	70
173.116379	0.267029	71
173.383408	0.290237	73
173.673645	0.127716	72
173.801361	0.406342	74
174.207703	0.290253	69
174.497955	0.568893	73
175.066849	0.267029	81
175.333878	0.162537	77
175.496414	0.104492	77
175.600906	0.278641	74
175.879547	0.290253	70
176.169800	0.267029	73
176.436829	0.278641	77
176.715469	0.429565	72
177.145035	0.394745	73
177.539780	0.278625	72
177.818405	0.557281	69
178.375687	0.290253	75
178.665939	0.267029	65
178.932968	0.290253	71
179.223221	0.278641	74
179.501862	0.267029	74
179.768890	0.278641	73
180.047531	0.568893	75
180.616425	0.429565	72
181.045990	0.139313	74
181.185303	0.243820	76
181.429123	0.290237	75
181.719360	0.278641	78
181.998001	0.290253	81
182.288254	0.568893	77
182.857147	0.255417	72
183.112564	0.174149	73
183.286713	0.104492	72
183.391205	0.313461	73
183.704666	0.510849	80
184.215515	0.278641	68
184.494156	0.278641	67
184.772797	0.267029	68
185.039825	0.290237	73
185.330063	0.267029	65
185.597092	0.812698	69
186.409790	0.290253	71
186.700043	0.568893	72
187.268936	0.267029	74
187.535965	0.290253	71
187.826218	0.290237	69
188.116455	0.545670	62
188.662125	0.267029	62
188.929153	0.568893	64
189.498047	0.278641	68
189.776688	0.162537	69
189.939224	0.127716	68
190.066940	1.102951	63
191.169891	0.557281	58
191.727173	0.267029	58
191.994202	0.301849	60
192.296051	0.557281	56
192.853333	0.267029	0
193.120361	0.301865	51
193.422226	0.406342	0
193.828568	0.406357	0
194.234924	0.278641	0
194.513565	0.278641	0
194.792206	0.545670	0
195.337875	0.139313	0
195.477188	0.139313	0
195.616501	0.568893	0
196.185394	0.267029	0
196.452423	0.267029	0
196.719452	0.301865	0
197.021317	0.812698	0
197.834015	1.114563	0
198.948578	0.278625	0
199.227203	0.545670	0
199.772873	2.623856	0
