0.464399	0.255419	63
0.719819	0.174150	65
0.893968	0.452789	63
1.346757	0.789478	63
2.136236	5.468299	67
7.604535	0.267029	0
7.871564	0.267029	65
8.138594	0.104490	65
8.243084	0.162539	62
8.405623	0.127710	64
8.533334	0.243809	67
8.777143	0.220590	62
8.997732	0.197370	65
9.195102	1.021678	65
10.216780	0.197370	69
10.414149	0.208980	65
10.623129	0.046440	65
10.669569	0.510839	63
11.180408	0.301859	65
11.482267	1.253878	65
12.736145	0.116100	0
12.852245	0.359909	65
13.212154	0.174150	65
13.386304	0.174150	64
13.560453	0.127709	71
13.688163	0.232200	77
13.920362	0.174150	72
14.094513	0.174150	65
14.268662	0.986848	69
15.255510	0.197370	70
15.452880	0.267030	65
15.719910	0.139319	64
15.859229	0.278640	64
16.137869	0.092880	66
16.230749	0.313469	66
16.544218	1.230658	66
17.774876	0.499229	67
18.274105	0.174149	65
18.448254	0.429569	69
18.877823	0.232201	64
19.110023	0.185759	65
19.295782	0.998459	65
20.294241	0.243809	71
20.538050	0.127710	65
20.665760	0.139318	64
20.805079	0.185760	64
20.990839	0.104490	63
21.095329	0.313469	66
21.408798	0.232199	64
21.640997	1.207438	64
22.848434	0.197371	69
23.045805	0.255419	64
23.301224	0.116100	65
23.417324	0.394739	63
23.812063	0.185760	67
23.997824	0.174149	63
24.171972	0.185760	64
24.357733	1.010067	62
25.367800	0.197371	62
25.565170	0.290249	65
25.855419	0.162540	64
26.017960	0.185759	64
26.203718	0.232201	66
26.435919	0.255419	64
26.691338	0.940409	64
27.631746	0.116100	57
27.747847	0.185759	0
27.933605	0.162540	65
28.096146	0.940407	68
29.036552	0.197371	67
29.233923	0.917189	64
30.151112	0.127708	70
30.278820	0.348301	66
30.627121	0.092878	68
30.719999	0.290251	68
31.010250	0.731428	68
31.741678	0.940409	64
32.682087	0.139320	68
32.821407	0.162537	67
32.983944	0.081272	77
33.065216	0.406349	68
33.471565	0.580498	68
34.052063	0.162540	68
34.214603	0.081268	67
34.295872	1.300320	64
35.596191	0.174149	66
35.770340	0.116100	66
35.886440	0.232201	67
36.118641	0.220589	67
36.339230	0.290249	67
36.629478	0.081268	67
36.710747	0.185760	67
36.896507	0.464401	71
37.360909	0.232197	67
37.593105	0.568890	65
38.161995	0.313469	65
38.475464	0.499229	65
38.974693	0.290249	64
39.264942	0.348301	65
39.613243	0.777866	66
40.391109	0.290253	64
40.681362	0.325077	65
41.006439	0.499229	65
41.505669	0.290249	64
41.795918	0.348301	65
42.144218	0.766258	64
42.910477	0.301861	69
43.212337	0.313469	65
43.525806	0.510838	65
44.036644	0.278641	67
44.315285	0.336689	65
44.651974	0.789478	65
45.441452	0.290249	66
45.731701	0.325081	65
46.056782	0.487617	65
46.544399	0.290249	64
46.834648	0.348301	65
47.182949	0.893967	67
48.076916	0.255421	68
48.332336	0.150928	64
48.483265	0.139320	64
48.622585	0.081268	64
48.703854	0.301861	63
49.005714	0.197369	66
49.203083	0.197369	66
49.400452	0.267033	65
49.667484	0.975235	65
50.642719	0.162540	70
50.805260	0.255421	64
51.060680	0.545670	63
51.606350	0.383129	66
51.989479	1.160995	65
53.150475	0.464401	66
53.614876	0.290249	64
53.905125	0.174149	63
54.079273	0.267029	66
54.346302	0.127712	65
54.474014	0.243809	65
54.717823	0.963627	63
55.681450	0.232201	64
55.913651	0.127708	64
56.041359	0.301861	64
56.343220	0.197369	64
56.540588	0.162540	66
56.703129	0.243809	65
56.946938	0.998459	64
57.945396	0.150928	65
58.096325	0.301861	65
58.398186	0.267029	65
58.665215	0.232201	65
58.897415	0.278641	66
59.176056	0.325077	64
59.501133	0.162540	65
59.663673	0.812698	67
60.476372	0.313469	68
60.789841	0.162540	65
60.952381	0.150928	65
61.103310	0.313469	64
61.416779	0.278641	67
61.695419	0.301861	69
61.997280	0.174149	65
62.171429	0.882359	65
63.053787	0.243809	64
63.297596	0.162540	65
63.460136	0.255421	65
63.715557	0.127708	66
63.843266	0.406345	67
64.249611	0.174156	69
64.423767	0.301857	65
64.725624	0.185760	66
64.911385	0.684990	69
65.596375	0.208977	70
65.805351	0.185760	66
65.991112	0.092880	65
66.083992	0.116096	64
66.200089	0.162544	64
66.362633	0.290245	64
66.652878	0.429573	66
67.082451	0.812698	65
67.895149	0.150925	64
68.046074	0.116104	58
68.162178	0.197365	63
68.359543	0.150932	0
68.510475	0.092880	68
68.603355	0.859138	68
69.462494	0.185760	67
69.648254	0.917191	65
70.565445	0.127708	70
70.693153	0.359909	67
71.053062	0.092880	68
71.145943	0.290245	68
71.436188	0.731430	68
72.167618	0.940407	65
73.108025	0.139320	69
73.247345	0.150932	62
73.398277	0.081268	0
73.479546	0.417961	68
73.897507	0.568886	68
74.466393	0.174149	68
74.640541	0.069664	66
74.710205	1.300316	64
76.010521	0.290253	66
76.300774	0.243805	66
76.544579	0.220589	67
76.765167	0.278641	67
77.043808	0.092880	67
77.136688	0.185760	67
77.322449	0.452789	71
77.775238	0.232201	68
78.007439	0.267029	63
78.274467	4.376961	69
82.651428	0.278641	65
82.930069	0.638550	72
83.568619	14.965256	68
98.533875	0.104492	57
98.638367	0.197372	63
98.835739	0.150925	66
98.986664	0.952019	68
99.938683	0.197372	67
100.136055	0.917191	65
101.053246	0.116096	70
101.169342	0.359909	66
101.529251	0.092880	68
101.622131	0.290253	68
101.912384	0.731422	68
102.643806	0.940414	63
103.584221	0.139313	69
103.723534	0.150932	65
103.874466	0.081268	77
103.955734	0.417961	69
104.373695	0.580498	68
104.954193	0.162544	68
105.116737	0.069656	68
105.186394	1.311928	70
106.498322	0.290253	66
106.788574	0.232193	67
107.020767	0.220596	66
107.241364	0.278633	67
107.519997	0.092880	67
107.612877	0.185760	67
107.798637	0.452789	71
108.251427	0.243813	70
108.495239	0.568886	72
109.064125	0.313469	65
109.377594	0.499229	65
109.876823	0.290253	67
110.167076	0.348297	65
110.515373	0.777870	64
111.293243	0.290245	64
111.583488	0.325081	65
111.908569	0.499229	65
112.407799	0.278641	63
112.686440	0.359909	65
113.046349	0.766258	64
113.812607	0.301857	68
114.114464	0.313469	65
114.427933	0.510841	64
114.938774	0.278641	67
115.217415	0.336693	65
115.554108	0.789474	65
116.343582	0.290253	67
116.633835	0.313469	65
116.947304	0.499229	65
117.446533	0.278633	64
117.725166	0.359917	65
118.085083	0.835915	67
118.920998	0.267029	0
119.188026	0.278641	65
119.466667	0.104492	77
119.571159	0.150925	70
119.722084	0.139320	64
119.861404	0.243813	66
120.105217	0.208977	62
120.314194	0.197372	65
120.511566	1.033287	65
121.544853	0.185760	70
121.730614	0.255417	65
121.986031	0.510841	64
122.496872	0.313469	70
122.810341	1.253876	65
124.064217	0.116104	76
124.180321	0.348297	65
124.528618	0.185760	65
124.714378	0.162537	64
124.876915	0.127708	66
125.004623	0.232201	0
125.236824	0.185760	65
125.422585	0.174149	65
125.596733	0.986847	64
126.583580	0.185760	69
126.769341	0.278641	65
127.047981	0.139320	64
127.187302	0.139320	63
127.326622	0.127708	65
127.454330	0.092880	66
127.547211	0.313469	66
127.860680	0.243813	65
128.104492	0.394730	65
128.499222	0.185760	74
128.684982	0.174149	72
128.859131	0.255432	68
129.114563	0.487610	65
129.602173	0.162537	65
129.764709	0.092880	74
129.857590	0.348312	68
130.205902	0.232193	64
130.438095	0.185760	65
130.623856	0.998459	65
131.622314	0.243805	71
131.866119	0.127716	0
131.993835	0.139313	64
132.133148	0.185760	64
132.318909	0.092880	63
132.411789	0.325089	66
132.736877	0.208969	64
132.945847	1.230667	64
134.176514	0.185760	64
134.362274	0.267029	64
134.629303	0.104477	65
134.733780	0.394745	63
135.128525	0.197372	66
135.325897	0.162537	63
135.488434	0.197372	64
135.685806	0.998459	63
136.684265	0.208984	60
136.893250	0.278625	65
137.171875	0.174164	64
137.346039	0.174149	63
137.520187	0.243805	66
137.763992	0.243805	65
138.007797	0.940414	64
138.948212	0.116104	57
139.064316	0.197357	63
139.261673	0.150940	0
139.412613	0.092880	68
139.505493	0.859131	68
140.364624	0.185760	67
140.550385	0.917191	65
141.467575	0.127701	70
141.595276	0.359924	66
141.955200	0.092865	68
142.048065	0.290253	68
142.338318	0.731430	68
143.069748	0.940414	64
144.010162	0.139313	69
144.149475	0.150940	63
144.300415	0.081268	0
144.381683	0.986847	68
145.368530	0.174149	68
145.542679	0.069656	0
145.612335	1.300323	66
146.912659	0.290237	66
147.202896	0.243820	66
147.446716	0.220581	67
147.667297	0.290253	67
147.957550	0.069656	67
148.027206	0.220596	67
148.247803	0.429565	71
148.677368	0.232208	71
148.909576	0.278625	70
149.188202	0.301865	64
149.490067	0.301865	65
149.791931	0.510834	65
150.302765	0.278641	64
150.581406	0.348297	65
150.929703	0.777878	66
151.707581	0.301849	64
152.009430	0.313477	65
152.322906	0.510834	65
152.833740	0.278641	62
153.112381	0.348297	65
153.460678	0.777878	67
154.238556	0.301849	67
154.540405	0.313477	65
154.853882	0.499222	64
155.353104	0.290253	65
155.643356	0.336685	65
155.980042	0.789490	65
156.769531	0.290237	65
157.059769	0.313477	65
157.373245	0.487610	65
157.860855	0.290253	63
158.151108	0.359909	65
158.511017	1.451248	65
159.962265	0.185760	59
160.148026	0.046448	0
160.194473	0.127701	69
160.322174	0.243805	64
160.565979	0.162552	66
160.728531	0.243805	69
160.972336	0.174149	76
161.146484	0.185760	71
161.332245	0.290253	72
161.622498	0.069656	76
161.692154	7.674194	77
169.366348	0.232193	82
169.598541	0.174164	82
169.772705	0.150925	79
169.923630	1.625397	76
171.549026	2.391647	76
173.940674	0.243820	67
174.184494	5.619232	63
179.803726	0.301849	77
180.105576	0.510849	74
180.616425	0.290237	63
180.906662	0.348297	65
181.254959	0.777878	65
182.032837	0.290253	66
182.323090	0.325073	65
182.648163	0.499237	65
183.147400	0.278625	62
183.426025	0.348312	65
183.774338	0.777863	65
184.552200	0.301865	65
184.854065	0.313461	65
185.167526	0.499237	65
185.666763	0.290237	67
185.957001	0.336700	65
186.293701	0.789474	64
187.083176	0.290253	65
187.373428	0.313461	65
187.686890	0.499237	65
188.186127	0.278641	63
188.464767	0.359909	65
188.824677	0.267029	65
189.091705	0.243805	67
189.335510	0.718369	62
