2.113016	0.371519	0
2.484535	0.092880	0
2.577415	0.487619	0
3.065034	0.208980	0
3.274014	1.033288	0
4.307302	0.801088	0
5.108390	1.486077	91
6.594467	0.638549	0
7.233016	0.859138	0
8.092155	0.801088	0
8.893243	0.487618	0
9.380861	0.325080	0
9.705941	0.812698	0
10.518640	0.801088	0
11.319728	0.081270	0
11.400998	0.220590	0
11.621588	0.510839	0
12.132426	0.812698	0
12.945125	0.708209	0
13.653334	0.092879	0
13.746213	0.301860	0
14.048073	0.487618	0
14.535691	0.452789	0
14.988481	0.116100	0
15.104581	0.243809	0
15.348390	0.417959	0
15.766349	0.371520	0
16.137869	0.545668	0
16.683537	0.267031	0
16.950567	0.534060	0
17.484627	0.406349	76
17.890976	0.162539	0
18.053514	0.464399	0
18.517914	0.545670	0
19.063583	0.510838	0
19.574421	0.510839	0
20.085260	0.499229	0
20.584490	0.510839	0
21.095329	0.499229	0
21.594559	0.301859	0
21.896418	0.220589	0
22.117006	0.359909	0
22.476915	0.139320	0
22.616236	0.406349	0
23.022585	0.104490	0
23.127075	0.383129	0
23.510204	0.116100	0
23.626305	0.267029	0
23.893333	0.243809	0
24.137142	0.255421	75
24.392563	0.116098	75
24.508661	0.127710	75
24.636372	0.406349	75
25.042721	0.116100	0
25.158821	0.255419	0
25.414240	0.150930	0
25.565170	0.092880	0
25.658051	0.406349	0
26.064400	0.116098	0
26.180498	0.255421	0
26.435919	0.116098	0
26.552017	0.127710	0
26.679728	0.510839	0
27.190567	0.499229	0
27.689796	0.499229	0
28.189026	0.267029	0
28.456055	0.116100	0
28.572155	0.139318	0
28.711473	0.499229	0
29.210703	0.499229	75
29.709932	0.290249	75
30.000181	0.232201	64
30.232382	0.359909	61
30.592291	0.139318	61
30.731609	0.510839	65
31.242449	0.394739	64
31.637188	0.116100	61
31.753288	0.510838	61
32.264126	0.359909	64
32.624035	0.139320	66
32.763355	0.267029	63
33.030384	0.139320	0
33.169704	0.104492	0
33.274197	0.383129	0
33.657326	0.116096	0
33.773422	0.417961	63
34.191383	0.104488	61
34.295872	0.359909	61
34.655781	0.139320	61
34.795101	0.267029	63
35.062130	0.243813	64
35.305943	0.499229	63
35.805172	0.510838	64
36.316010	0.359909	61
36.675919	0.127708	61
36.803627	0.499229	62
37.302856	0.499229	63
37.802086	0.452789	64
38.254875	1.625397	68
39.880272	0.510838	66
40.391109	0.510841	69
40.901951	0.394737	71
41.296688	0.127712	71
41.424400	0.371517	70
41.795918	0.116100	68
41.912018	0.255421	68
42.167439	0.255417	68
42.422855	0.243813	70
42.666668	0.139317	68
42.805984	0.127712	68
42.933697	0.243809	68
43.177505	0.127708	66
43.305214	0.127712	64
43.432926	0.255417	64
43.688343	0.174152	0
43.862495	0.081268	0
43.943764	0.243809	0
44.187572	0.255421	0
44.442993	0.255421	71
44.698414	0.139320	0
44.837734	0.127708	0
44.965443	0.243809	0
45.209251	0.139320	64
45.348572	0.127708	64
45.476280	0.243809	64
45.720089	0.127712	0
45.847801	0.139320	49
45.987122	0.232197	49
46.219318	0.255421	0
46.474739	0.255421	0
46.730160	0.139320	42
46.869480	0.116096	42
46.985577	0.255421	42
47.240997	0.127708	0
47.368706	0.127712	0
47.496418	0.255417	0
47.751835	0.162540	0
47.914375	0.092880	0
48.007256	0.243809	0
48.251064	0.255421	0
48.506485	0.255421	40
48.761906	0.139320	42
48.901226	0.116096	42
49.017323	0.255421	0
49.272743	0.127708	0
49.400452	0.127712	0
49.528164	0.243809	0
49.771973	0.139320	0
49.911293	0.127708	0
50.039001	0.243809	0
50.282810	0.255421	56
50.538231	0.255421	41
50.793652	0.139320	42
50.932972	0.116096	41
51.049068	0.255421	40
51.304489	0.127712	0
51.432201	0.127708	0
51.559910	0.243809	0
51.803719	0.255421	48
52.059139	0.255417	46
52.314556	0.255421	49
52.569977	0.243809	52
52.813786	0.139320	51
52.953106	0.127712	53
53.080818	0.243809	52
53.324627	0.139320	0
53.463947	0.127708	0
53.591656	0.243809	0
53.835464	0.139320	0
53.974785	0.127708	60
54.102493	0.243809	59
54.346302	0.255421	0
54.601723	0.243809	59
54.845531	0.139320	58
54.984852	0.127712	59
55.112564	0.243809	0
55.356373	0.139320	0
55.495693	0.127708	0
55.623402	0.243809	73
55.867210	0.174149	73
56.041359	0.081272	74
56.122631	0.255421	74
56.378052	0.255417	0
56.633469	0.243809	0
56.877277	0.139320	0
57.016598	0.127712	0
57.144310	0.243809	0
57.388119	0.139320	70
57.527439	0.127708	67
57.655148	0.243809	73
57.898956	0.139320	0
58.038277	0.127708	0
58.165985	0.232201	62
58.398186	0.255421	61
58.653606	0.232197	75
58.885803	0.162540	54
59.048344	0.116100	70
59.164444	0.232201	70
59.396645	0.290249	69
59.686893	0.150928	0
59.837822	0.104492	0
59.942314	0.139320	62
60.081635	0.348297	63
60.429932	0.255421	63
60.685352	0.255417	64
60.940769	0.139320	0
61.080090	0.116100	0
61.196190	0.255421	59
61.451611	0.127708	54
61.579319	0.127712	0
61.707031	0.255417	0
61.962448	0.127712	0
62.090160	0.127708	0
62.217869	0.243809	60
62.461678	0.255421	61
62.717098	0.232201	58
62.949299	0.278637	58
63.227936	0.232201	60
63.460136	0.150928	59
63.611065	0.127712	58
63.738777	0.232197	61
63.970974	0.127712	63
64.098686	0.139320	59
64.238007	0.255417	59
64.493423	0.139320	56
64.632744	0.116096	55
64.748840	0.255424	56
65.004265	0.139320	0
65.143585	0.116096	0
65.259682	0.220589	0
65.480270	0.162544	0
65.642815	0.127708	0
65.770523	0.243805	0
66.014328	0.139320	0
66.153648	0.127708	0
66.281357	0.243813	0
66.525169	0.139320	0
66.664490	0.116096	0
66.780586	0.232201	52
67.012787	0.150932	53
67.163719	0.127708	0
67.291428	0.243813	0
67.535240	0.139320	65
67.674561	0.127708	64
67.802269	0.232201	64
68.034470	0.185760	62
68.220230	0.081268	63
68.301498	0.255417	63
68.556915	0.243813	63
68.800728	0.243805	63
69.044533	0.150932	62
69.195465	0.116096	61
69.311562	0.267029	59
69.578590	0.116104	55
69.694695	0.127708	0
69.822403	0.255417	62
70.077820	0.127716	64
70.205536	0.371513	59
70.577049	0.139320	61
70.716370	0.139320	64
70.855690	0.220589	0
71.076279	0.150932	59
71.227211	0.116096	58
71.343307	0.243813	61
71.587120	0.104492	59
71.691612	0.162537	74
71.854149	0.197372	73
72.051521	0.301857	59
72.353378	0.255417	59
72.608795	0.162544	55
72.771339	0.104485	57
72.875824	0.208984	64
73.084808	0.162537	71
73.247345	0.127708	70
73.375053	0.232201	61
73.607254	0.150932	61
73.758186	0.081268	0
73.839455	0.278641	70
74.118095	0.162537	64
74.280632	0.359909	65
74.640541	0.255424	61
74.895966	0.255417	61
75.151382	0.127708	61
75.279091	0.127708	60
75.406799	0.232201	0
75.639000	0.150932	0
75.789932	0.127708	0
75.917641	0.162544	65
76.080185	0.081268	65
76.161453	0.162537	64
76.323990	0.081268	55
76.405258	0.220589	54
76.625847	0.046440	54
76.672287	0.116104	49
76.788391	0.139320	54
76.927711	0.162537	61
77.090248	0.046440	52
77.136688	0.301857	55
77.438545	0.127716	61
77.566261	0.139320	61
77.705582	0.104485	61
77.810066	0.127708	61
77.937775	0.255424	62
78.193199	0.127708	62
78.320908	0.383125	62
78.704033	0.255424	61
78.959457	0.243805	61
79.203262	0.150932	61
79.354195	0.116096	61
79.470291	0.243813	61
79.714104	0.127708	61
79.841812	0.139320	70
79.981133	0.243813	72
80.224945	0.150925	49
80.375870	0.104492	49
80.480362	0.208977	0
80.689339	0.290253	49
80.979591	0.232201	0
81.211792	0.150932	0
81.362724	0.127708	70
81.490433	0.127708	0
81.618141	0.104492	61
81.722633	0.150925	61
81.873558	0.127708	64
82.001266	0.220596	64
82.221863	0.150925	64
82.372787	0.557281	65
82.930069	0.092880	61
83.022949	0.243805	61
83.266754	0.139320	66
83.406075	0.116104	0
83.522179	0.255417	69
83.777596	0.116104	70
83.893700	0.139313	70
84.033012	0.394745	66
84.427757	0.116096	66
84.543854	0.174149	65
84.718002	0.081268	63
84.799271	0.116104	63
84.915375	0.127708	66
85.043083	0.255417	69
85.298500	0.116104	63
85.414604	0.139320	64
85.553925	0.220589	70
85.774513	0.150932	61
85.925446	0.139313	61
86.064758	0.243813	62
86.308571	0.127708	63
86.436279	0.139320	64
86.575600	0.243813	63
86.819412	0.243805	64
87.063217	0.267029	0
87.330246	0.127716	71
87.457962	0.116096	70
87.574059	0.243813	64
87.817871	0.267029	66
88.084900	0.162537	66
88.247437	0.348297	69
88.595734	0.255424	66
88.851158	0.255417	67
89.106575	0.150932	68
89.257507	0.116096	69
89.373604	0.116104	71
89.489708	0.116096	61
89.605804	0.127708	64
89.733513	0.104492	68
89.838005	0.162537	68
90.000542	0.104492	71
90.105034	0.255417	71
90.360451	0.162544	68
90.522995	0.104485	73
90.627480	0.267036	72
90.894516	0.127708	69
91.022224	0.116096	71
91.138321	0.243813	71
91.382133	0.139320	71
91.521454	0.116096	71
91.637550	0.255417	71
91.892967	0.139320	67
92.032288	0.116104	64
92.148392	0.243805	71
92.392197	0.174156	71
92.566353	0.081268	71
92.647621	0.510834	70
93.158455	0.255424	70
93.413879	0.243805	66
93.657684	0.255424	67
93.913109	0.139320	67
94.052429	0.116096	68
94.168526	0.243813	68
94.412338	0.185760	68
94.598099	0.081268	68
94.679367	0.255417	67
94.934784	0.243813	63
95.178596	0.243805	65
95.422401	0.278641	64
95.701042	0.220589	62
95.921631	0.150932	61
96.072563	0.127708	64
96.200272	0.232201	64
96.432472	0.139320	66
96.571793	0.139320	67
96.711113	0.243805	67
96.954918	0.243813	66
97.198730	0.255417	73
97.454147	0.127708	66
97.581856	0.139320	66
97.721176	0.220596	61
97.941772	0.174149	68
98.115921	0.104485	68
98.220406	0.255424	70
98.475830	0.150925	67
98.626755	0.092880	66
98.719635	0.522453	71
99.242088	0.255417	71
99.497505	0.255417	71
99.752922	0.232201	71
99.985123	0.150932	66
100.136055	0.116096	75
100.252151	0.255424	77
100.507576	0.162537	0
100.670113	0.359909	69
101.030022	0.243813	70
101.273834	0.243805	69
101.517639	0.255424	61
101.773064	0.255417	67
102.028481	0.150932	65
102.179413	0.104485	65
102.283897	0.220589	69
102.504486	0.162544	67
102.667030	0.127708	70
102.794739	0.499229	67
103.293968	0.255417	66
103.549385	0.127716	65
103.677101	0.127708	66
103.804810	0.243805	63
104.048615	0.139320	61
104.187935	0.127708	69
104.315643	0.243813	72
104.559456	0.255417	66
104.814873	0.232201	65
105.047073	0.278641	64
105.325714	0.255417	61
105.581131	0.232201	62
105.813332	0.278641	66
106.091972	0.139320	63
106.231293	0.104492	68
106.335785	0.255417	70
106.591202	0.139320	71
106.730522	0.116096	72
106.846619	0.243813	72
107.090431	0.255417	73
107.345848	0.220589	72
107.566437	0.162544	68
107.728981	0.127708	68
107.856689	0.220589	68
108.077278	0.150932	66
108.228210	0.139320	65
108.367531	0.255417	63
108.622948	0.150932	63
108.773880	0.092880	64
108.866760	0.243805	0
109.110565	0.255424	64
109.365990	0.243805	64
109.609795	0.139320	0
109.749115	0.127708	61
109.876823	0.255424	61
110.132248	0.127708	61
110.259956	0.127708	60
110.387665	0.255417	72
110.643082	0.127708	0
110.770790	0.127716	73
110.898506	0.243805	73
111.142311	0.255424	54
111.397736	0.243805	53
111.641541	0.150932	54
111.792473	0.116096	55
111.908569	0.243813	61
112.152382	0.139320	0
112.291702	0.127708	0
112.419411	0.243813	73
112.663223	0.150925	0
112.814148	0.104492	0
112.918640	0.255417	0
113.174057	0.255424	0
113.429482	0.243805	63
113.673286	0.139320	61
113.812607	0.116104	61
113.928711	0.255417	61
114.184128	0.127708	0
114.311836	0.127708	0
114.439545	0.394737	67
114.834282	0.359917	69
115.194199	0.255417	63
115.449615	0.243805	52
115.693420	0.150932	0
115.844353	0.116104	69
115.960457	0.162537	70
116.122993	0.046440	0
116.169434	0.174149	59
116.343582	0.127708	59
116.471291	0.243813	61
116.715103	0.127708	0
116.842812	0.127708	63
116.970520	0.255424	63
117.225945	0.243805	64
117.469749	0.208984	64
117.678734	0.313469	60
117.992203	0.232193	59
118.224396	0.127716	55
118.352112	0.127708	59
118.479820	0.278641	68
118.758461	0.104485	64
118.862946	0.150932	57
119.013878	0.232201	59
119.246078	0.243805	60
119.489883	0.174156	60
119.664040	0.116096	0
119.780136	0.116096	57
119.896233	0.116104	58
120.012337	0.232201	60
120.244537	0.162537	59
120.407074	0.116104	58
120.523178	0.208977	61
120.732155	0.197372	59
120.929527	0.104485	60
121.034012	0.174149	55
121.208160	0.081276	54
121.289436	0.243805	55
121.533241	0.255424	56
121.788666	0.139313	54
121.927979	0.116104	56
122.044083	0.243805	0
122.287888	0.162544	0
122.450432	0.116096	68
122.566528	0.232201	68
122.798729	0.150932	0
122.949661	0.359909	54
123.309570	0.243805	49
123.553375	0.243813	52
123.797188	0.150932	54
123.948120	0.116096	54
124.064217	0.139320	54
124.203537	0.081268	0
124.284805	0.162544	60
124.447350	0.127708	63
124.575058	0.243805	62
124.818863	0.116104	64
124.934967	0.150932	62
125.085899	0.243805	64
125.329704	0.255417	64
125.585121	0.243813	63
125.828934	0.116096	62
125.945030	0.150932	0
126.095963	0.255424	59
126.351387	0.127708	57
126.479095	0.127708	56
126.606804	0.255417	56
126.862221	0.116104	0
126.978325	0.127708	0
127.106033	0.255417	58
127.361450	0.255417	60
127.616867	0.208984	64
127.825851	0.185760	59
128.011612	0.104492	0
128.116104	0.220581	0
128.336685	0.185760	0
128.522446	0.116104	0
128.638550	0.220581	60
128.859131	0.278641	56
129.137772	0.243820	59
129.381592	0.255417	56
129.637009	0.208984	0
129.845993	0.313461	66
130.159454	0.220596	60
130.380051	0.150925	61
130.530975	0.127716	63
130.658691	0.174149	66
130.832840	0.208969	67
131.041809	0.371521	61
131.413330	0.255417	61
131.668747	0.243820	61
131.912567	0.139313	61
132.051880	0.116104	61
132.167984	0.267029	61
132.435013	0.116104	61
132.551117	0.127701	61
132.678818	0.255417	65
132.934235	0.139328	66
133.073563	0.116104	66
133.189667	0.243805	65
133.433472	0.255417	0
133.688889	0.243805	64
133.932693	0.150940	62
134.083633	0.104477	0
134.188110	0.255432	62
134.443542	0.139313	60
134.582855	0.127716	60
134.710571	0.255417	63
134.965988	0.116104	63
135.082092	0.139313	64
135.221405	0.243805	67
135.465210	0.162552	61
135.627762	0.092880	61
135.720642	0.243805	55
135.964447	0.139313	61
136.103760	0.127716	61
136.231476	0.243805	60
136.475281	0.127716	60
136.602997	0.127701	0
136.730698	0.255432	68
136.986130	0.139313	0
137.125443	0.116104	0
137.241547	0.220581	0
137.462128	0.278641	67
137.740768	0.255417	65
137.996185	0.127716	63
138.123901	0.127716	65
138.251617	0.232193	75
138.483810	0.162537	72
138.646347	0.116104	69
138.762451	0.243805	71
139.006256	0.139328	67
139.145584	0.371521	72
139.517105	0.255417	73
139.772522	0.255417	73
140.027939	0.127701	73
140.155640	0.116104	73
140.271744	0.255417	66
140.527161	0.127716	66
140.654877	0.139313	68
140.794189	0.243820	69
141.038010	0.255417	66
141.293427	0.185760	65
141.479187	0.069656	65
141.548843	0.092880	66
141.641724	0.150925	65
141.792648	0.255417	75
142.048065	0.255432	66
142.303497	0.220581	64
142.524078	0.162537	61
142.686615	0.127716	62
142.814331	0.208984	62
143.023315	0.162537	63
143.185852	0.139313	63
143.325165	0.220596	64
143.545761	0.185760	68
143.731522	0.081268	68
143.812790	0.278641	59
144.091431	0.104492	0
144.195923	0.116089	64
144.312012	0.267029	64
144.579041	0.139328	67
144.718369	0.127716	65
144.846085	0.383118	66
145.229202	0.116104	64
145.345306	0.243805	66
145.589111	0.162537	67
145.751648	0.104492	67
145.856140	0.243820	70
146.099960	0.127701	61
146.227661	0.127716	65
146.355377	0.127701	68
146.483078	0.092880	0
146.575958	0.174149	65
146.750107	0.092880	70
146.842987	0.255432	72
147.098419	0.162537	68
147.260956	0.104492	71
147.365448	0.510834	72
147.876282	0.197372	71
148.073654	0.208969	71
148.282623	0.116104	71
148.398727	0.232208	70
148.630936	0.139313	0
148.770248	0.116104	80
148.886353	0.255417	80
149.141769	0.162537	0
149.304306	0.081268	72
149.385574	0.267029	71
149.652603	0.255417	70
149.908020	0.243820	70
150.151840	0.139313	69
150.291153	0.116104	68
150.407257	0.208984	68
150.616241	0.208969	68
150.825211	0.092880	68
150.918091	0.197372	68
151.115463	0.208984	68
151.324448	0.104492	68
151.428940	0.243805	67
151.672745	0.127716	65
151.800461	0.127701	62
151.928162	0.232208	66
152.160370	0.116089	78
152.276459	0.162537	67
152.438995	0.243820	65
152.682816	0.139313	66
152.822128	0.104492	66
152.926620	0.232193	76
153.158813	0.174164	67
153.332977	0.127701	67
153.460678	0.232208	68
153.692886	0.255417	0
153.948303	0.267029	75
154.215332	0.127701	70
154.343033	0.127716	70
154.470749	0.243805	68
154.714554	0.127716	68
154.842270	0.139313	68
154.981583	0.243820	0
155.225403	0.139313	75
155.364716	0.116104	76
155.480820	0.394730	71
155.875549	0.104492	64
155.980042	0.510849	72
156.490891	0.267029	78
156.757919	0.116089	77
156.874008	0.127716	75
157.001724	0.243805	75
157.245529	0.174149	76
157.419678	0.081268	76
157.500946	0.255432	74
157.756378	0.255417	71
158.011795	0.243805	69
158.255600	0.139328	70
158.394928	0.116089	71
158.511017	0.208984	68
158.720001	0.197372	68
158.917374	0.104492	68
159.021866	0.162537	67
159.184402	0.243805	67
159.428207	0.116104	68
159.544312	0.487610	66
160.031921	0.255432	66
160.287354	0.127701	63
160.415054	0.127716	63
160.542770	0.232193	64
160.774963	0.139328	64
160.914291	0.139313	65
161.053604	0.255417	67
161.309021	0.243820	66
161.552841	0.232193	69
161.785034	0.278641	64
162.063675	0.255417	75
162.319092	0.232208	70
162.551300	0.278625	64
162.829926	0.127716	63
162.957642	0.116104	64
163.073746	0.243805	65
163.317551	0.150925	64
163.468475	0.127716	65
163.596191	0.232193	73
163.828384	0.255432	73
164.083817	0.255417	73
164.339233	0.127701	73
164.466934	0.127716	73
164.594650	0.232193	73
164.826843	0.174149	73
165.000992	0.092880	73
165.093872	0.267029	73
165.360901	0.232208	73
165.593109	0.383133	72
165.976242	0.127701	71
166.103943	0.220596	74
166.324539	0.185760	72
166.510300	0.104492	73
166.614792	0.278625	68
166.893417	0.139328	66
167.032745	0.092880	65
167.125626	0.174149	65
167.299774	0.208984	75
167.508759	0.127701	75
167.636459	0.290253	80
167.926712	0.139313	80
168.066025	0.069672	79
168.135696	0.220581	77
168.356277	0.290253	64
168.646530	0.150925	65
168.797455	0.220596	68
169.018051	0.139313	64
169.157364	0.220596	65
169.377960	0.278641	62
169.656601	0.371521	62
170.028122	0.116089	62
170.144211	0.255432	63
170.399643	0.208969	64
170.608612	0.058060	63
170.666672	0.174149	62
170.840820	0.325073	60
171.165894	0.197372	61
171.363266	0.185760	61
171.549026	0.383133	61
171.932159	0.116089	52
172.048248	0.139328	52
172.187576	0.255417	52
172.442993	0.127716	0
172.570709	0.116089	0
172.686798	0.162552	58
172.849350	0.220581	52
173.069931	0.139328	58
173.209259	0.243805	69
173.453064	0.255417	71
173.708481	0.313477	70
174.021957	0.185745	70
174.207703	0.197372	70
174.405075	0.139328	69
174.544403	0.162537	68
174.706940	0.290253	68
174.997192	0.046432	0
175.043625	0.197372	63
175.240997	0.150925	66
175.391922	0.208984	70
175.600906	0.464401	64
176.065308	0.174149	64
176.239456	0.383133	66
176.622589	0.127701	64
176.750290	0.139328	63
176.889618	0.243805	64
177.133423	0.127716	66
177.261139	0.394730	68
177.655869	0.092880	0
177.748749	0.267029	68
178.015778	0.255417	72
178.271194	0.499237	72
178.770432	0.499222	59
179.269653	0.383133	71
179.652786	0.127716	65
179.780502	0.185760	64
179.966263	0.325073	63
180.291336	0.174149	68
180.465485	0.325089	68
180.790573	0.150925	70
180.941498	0.232193	71
181.173691	0.139328	71
181.313019	0.359909	68
181.672928	0.638550	67
182.311478	0.510834	72
182.822311	0.417953	71
183.240265	0.092880	68
183.333145	0.255432	68
183.588577	0.116089	68
183.704666	0.336700	68
184.041367	0.290237	68
184.331604	0.220596	68
184.552200	0.174149	0
184.726349	0.116104	68
184.842453	0.139313	65
184.981766	0.127716	62
185.109482	0.232193	57
185.341675	0.383133	70
185.724808	0.127716	0
185.852524	0.267029	66
186.119553	0.220581	64
186.340134	0.255417	59
186.595551	0.150940	54
186.746490	0.127701	54
186.874191	0.139328	0
187.013519	0.092880	62
187.106400	0.278641	59
187.385040	0.208969	60
187.594009	0.127716	0
187.721725	0.162537	62
187.884262	0.255417	63
188.139679	0.255417	63
188.395096	0.243820	63
188.638916	0.139313	61
188.778229	0.116104	61
188.894333	0.255417	59
189.149750	0.127716	55
189.277466	0.116089	66
189.393555	0.267029	67
189.660583	0.104492	0
189.765076	0.139328	67
189.904404	0.255417	59
190.159821	0.127701	61
190.287521	0.104492	60
190.392014	0.174149	54
190.566162	0.232208	56
190.798370	0.127701	58
190.926071	0.232208	61
191.158279	0.150925	58
191.309204	0.104492	59
191.413696	0.232193	60
191.645889	0.290253	62
191.936142	0.255417	60
192.191559	0.162552	56
192.354111	0.092880	55
192.446991	0.243805	52
192.690796	0.139313	60
192.830109	0.116104	61
192.946213	0.232193	57
193.178406	0.174164	64
193.352570	0.104477	64
193.457047	0.243820	0
193.700867	0.510834	57
194.211700	0.243805	54
194.455505	0.232208	52
194.687714	0.162537	52
194.850250	0.116104	0
194.966354	0.127701	61
195.094055	0.116104	60
195.210159	0.267029	62
195.477188	0.232193	72
195.709381	0.278641	62
195.988022	0.243820	63
196.231842	0.255417	63
196.487259	0.162537	63
196.649796	0.232193	0
196.881989	0.116104	60
196.998093	0.255417	59
197.253510	0.127716	54
197.381226	0.127716	52
197.508942	0.243805	61
197.752747	0.127701	0
197.880447	0.127716	0
198.008163	0.441177	49
198.449341	0.232208	61
198.681549	0.092880	0
198.774429	0.139313	0
198.913742	0.104492	61
199.018234	0.255417	60
199.273651	0.139313	0
199.412964	0.116104	0
199.529068	0.243805	62
199.772873	0.139328	0
199.912201	0.116104	60
200.028305	0.267029	67
200.295334	0.127701	56
200.423035	0.116104	56
200.539139	0.232193	56
200.771332	0.174149	59
200.945480	0.104492	61
201.049973	0.127716	62
201.177689	0.116104	65
201.293793	0.139313	63
201.433105	0.116104	63
201.549210	0.243805	63
201.793015	0.139328	0
201.932343	0.383118	65
202.315460	0.243820	65
202.559280	0.267029	61
202.826309	0.243805	61
203.070114	0.243805	61
203.313919	0.139328	61
203.453247	0.127701	61
203.580948	0.255417	64
203.836365	0.243820	66
204.080185	0.255417	64
204.335602	0.139313	63
204.474915	0.116104	63
204.591019	0.243805	63
204.834824	0.267029	67
205.101852	0.243820	61
205.345673	0.127701	61
205.473373	0.127716	60
205.601089	0.255417	62
205.856506	0.116104	64
205.972610	0.290253	61
206.262863	0.092880	60
206.355743	0.255417	60
206.611160	0.243805	52
206.854965	0.139328	67
206.994293	0.127701	54
207.121994	0.232208	55
207.354202	0.150925	55
207.505127	0.116104	53
207.621231	0.255417	52
207.876648	0.174149	51
208.050797	0.081268	50
208.132065	0.220581	0
208.352646	0.278641	68
208.631287	0.208984	68
208.840271	0.174149	66
209.014420	0.127716	61
209.142136	0.220581	61
209.362717	0.197372	62
209.560089	0.069656	64
209.629745	0.232208	65
209.861954	0.162537	65
210.024490	0.638550	64
210.663040	0.499222	71
211.162262	0.127716	66
211.289978	0.139313	61
211.429291	0.116104	61
211.545395	0.127716	61
211.673111	0.394730	68
212.067841	0.116104	62
212.183945	0.197372	66
212.381317	0.197372	68
212.578690	0.104492	64
212.683182	0.150925	63
212.834106	0.116104	0
212.950211	0.069656	0
213.019867	0.174149	64
213.194016	0.150925	61
213.344940	0.104492	61
213.449432	0.116104	61
213.565536	0.139313	61
213.704849	0.267029	70
213.971878	0.104492	62
214.076370	0.139328	64
214.215698	0.243805	64
214.459503	0.243805	64
214.703308	0.255417	68
214.958725	0.139328	70
215.098053	0.092880	71
215.190933	0.267029	69
215.457962	0.243805	76
215.701767	0.522446	69
216.224213	0.255432	64
216.479645	0.255417	67
216.735062	0.243805	65
216.978867	0.127716	0
217.106583	0.127701	0
217.234283	0.139328	0
217.373611	0.104477	69
217.478088	0.162552	68
217.640640	0.104477	70
217.745117	0.243820	69
217.988937	0.150925	68
218.139862	0.104492	70
218.244354	0.267029	72
218.511383	0.139313	70
218.650696	0.104492	71
218.755188	0.197372	71
218.952560	0.220596	71
219.173157	0.104492	71
219.277649	0.243805	71
219.521454	0.127701	68
219.649155	0.116104	65
219.765259	0.255417	73
220.020676	0.150940	71
220.171616	0.081268	70
220.252884	0.278641	71
220.531525	0.243805	70
220.775330	0.255417	70
221.030746	0.139328	70
221.170074	0.104477	66
221.274551	0.417969	66
221.692520	0.092880	68
221.785400	0.185760	67
221.971161	0.220581	67
222.191742	0.116104	72
222.307846	0.243805	69
222.551651	0.255417	65
222.807068	0.255432	65
223.062500	0.127701	62
223.190201	0.127716	64
223.317917	0.243805	65
223.561722	0.139328	72
223.701050	0.116089	0
223.817139	0.371521	65
224.188660	0.139328	67
224.327988	0.243805	67
224.571793	0.232193	65
224.803986	0.278641	64
225.082626	0.116104	0
225.198730	0.150925	67
225.349655	0.232208	68
225.581863	0.150925	69
225.732788	0.104492	73
225.837280	0.267029	75
226.104309	0.127716	66
226.232025	0.116089	72
226.348114	0.510849	72
226.858963	0.406342	71
227.265305	0.104492	71
227.369797	0.243805	70
227.613602	0.139328	64
227.752930	0.116089	64
227.869019	0.255432	64
228.124451	0.150925	64
228.275375	0.092880	64
228.368256	0.255417	70
228.623672	0.255417	70
228.879089	0.267029	70
229.146118	0.127716	70
229.273834	0.116104	68
229.389938	0.267029	64
229.656967	0.127701	64
229.784668	0.116104	64
229.900772	0.383133	66
230.283905	0.127701	68
230.411606	0.243820	67
230.655426	0.255417	71
230.910843	0.255417	65
231.166260	0.104492	63
231.270752	0.139313	64
231.410065	0.255417	63
231.665482	0.127716	74
231.793198	0.127716	70
231.920914	0.267029	63
232.187943	0.232193	66
232.420135	0.232193	66
232.652328	0.278641	64
232.930969	0.267029	60
233.197998	0.232208	68
233.430206	0.278641	66
233.708847	0.116089	63
233.824936	0.116104	65
233.941040	0.220596	71
234.161636	0.174149	66
234.335785	0.127701	67
234.463486	0.232208	66
234.695694	0.255417	70
234.951111	0.278641	71
235.229752	0.116104	64
235.345856	0.116089	66
235.461945	0.255432	69
235.717377	0.127701	76
235.845078	0.116104	75
235.961182	0.255417	71
236.216599	0.255417	70
236.472015	0.255417	71
236.727432	0.243820	71
236.971252	0.255417	71
237.226669	0.139313	71
237.365982	0.116104	71
237.482086	0.243805	70
237.725891	0.150940	69
237.876831	0.104477	71
237.981308	0.243820	70
238.225128	0.174149	68
238.399277	0.081268	71
238.480545	0.522446	72
239.002991	0.267029	71
239.270020	0.139328	71
239.409348	0.104492	71
239.513840	0.232193	71
239.746033	0.150925	71
239.896957	0.116104	68
240.013062	0.255417	70
240.268478	0.150925	71
240.419403	0.092880	70
240.512283	0.267029	70
240.779312	0.243820	70
241.023132	0.255417	69
241.278549	0.243805	64
241.522354	0.220596	67
241.742950	0.046432	66
241.789383	0.139328	67
241.928711	0.116089	68
242.044800	0.150940	68
242.195740	0.232193	67
242.427933	0.127716	68
242.555649	0.243805	69
242.799454	0.243805	65
243.043259	0.267029	67
243.310287	0.127716	65
243.438004	0.116104	64
243.554108	0.243805	62
243.797913	0.150925	62
243.948837	0.116104	71
244.064941	0.255417	69
244.320358	0.104492	66
244.424850	0.150925	67
244.575775	0.243820	67
244.819595	0.255417	65
245.075012	0.255417	61
245.330429	0.104492	59
245.434921	0.150925	67
245.585846	0.232208	68
245.818054	0.139313	68
245.957367	0.116104	71
246.073471	0.185760	72
246.259232	0.092880	67
246.352112	0.104492	63
246.456604	0.139313	64
246.595917	0.394745	65
246.990662	0.104492	69
247.095154	0.255417	71
247.350571	0.150925	71
247.501495	0.116104	71
247.617599	0.232193	74
247.849792	0.139328	69
247.989120	0.127701	64
248.116821	0.243820	64
248.360641	0.162537	64
248.523178	0.092880	64
248.616058	0.255417	68
248.871475	0.255417	69
249.126892	0.243805	66
249.370697	0.139328	66
249.510025	0.116104	69
249.626129	0.394730	64
250.020859	0.116104	65
250.136963	0.406342	67
250.543304	0.348312	67
250.891617	0.232193	71
251.123810	0.278641	66
251.402451	0.116104	65
251.518555	0.127701	63
251.646255	0.255417	64
251.901672	0.127716	66
252.029388	0.139313	64
252.168701	0.243820	64
252.412521	0.255417	66
252.667938	0.232193	62
252.900131	0.278641	64
253.178772	0.243820	61
253.422592	0.243805	62
253.666397	0.267029	66
253.933426	0.127701	64
254.061127	0.116104	64
254.177231	0.267029	73
254.444260	0.116104	73
254.560364	0.139313	71
254.699677	0.150940	63
254.850616	0.092880	61
254.943497	0.243805	0
255.187302	0.255417	0
255.442719	0.127716	0
255.570435	0.127701	0
255.698135	0.255432	0
255.953568	0.127701	0
256.081268	0.127716	0
256.208984	0.255402	74
256.464386	0.139343	73
256.603729	0.104492	73
256.708221	0.150909	73
256.859131	0.104492	0
256.963623	0.243805	0
257.207428	0.255432	0
257.462860	0.139313	0
257.602173	0.127716	0
257.729889	0.243805	0
257.973694	0.127716	0
258.101410	0.127716	0
258.229126	0.255402	0
258.484528	0.127716	0
258.612244	0.127716	0
258.739960	0.139313	0
258.879272	0.104492	0
258.983765	0.255432	0
259.239197	0.255402	0
259.494598	0.127716	0
259.622314	0.127716	0
259.750031	0.243805	0
259.993835	0.139313	0
260.133148	0.127716	0
260.260864	0.243805	71
260.504669	0.150940	74
260.655609	0.104492	73
260.760101	0.139313	73
260.899414	0.116089	0
261.015503	0.243805	0
261.259308	0.255432	0
261.514740	0.127716	0
261.642456	0.127716	58
261.770172	0.127686	0
261.897858	0.104492	0
262.002350	0.150940	59
262.153290	0.127716	59
262.281006	0.243805	59
262.524811	0.139313	59
262.664124	0.127716	59
262.791840	0.139313	59
262.931152	0.104492	60
263.035645	0.255432	60
263.291077	0.243805	61
263.534882	0.139313	0
263.674194	0.116089	0
263.790283	0.255432	0
264.045715	0.127716	0
264.173431	0.127716	0
264.301147	0.394714	66
264.695862	0.104492	64
264.800354	0.139343	64
264.939697	0.255402	71
265.195099	0.116089	73
265.311188	0.255432	65
265.566620	0.116089	71
265.682709	0.139343	70
265.822052	0.255402	59
266.077454	0.127716	0
266.205170	0.116089	0
266.321259	0.267029	71
266.588287	0.139343	70
266.727631	0.243805	61
266.971436	0.116089	60
267.087524	0.139313	56
267.226837	0.104492	0
267.331329	0.255432	0
267.586761	0.127716	0
267.714478	0.127686	0
267.842163	0.150940	53
267.993103	0.104492	53
268.097595	0.116089	55
268.213684	0.139343	0
268.353027	0.255402	73
268.608429	0.139313	73
268.747742	0.104492	67
268.852234	0.174164	61
269.026398	0.081268	60
269.107666	0.243805	60
269.351471	0.185760	0
269.537231	0.081268	71
269.618500	0.116089	71
269.734589	0.127716	70
269.862305	0.267029	70
270.129333	0.116119	70
270.245453	0.127686	73
270.373138	0.255432	74
270.628571	0.127716	0
270.756287	0.278625	0
271.034912	0.092896	0
271.127808	0.255402	0
271.383209	0.174164	0
271.557373	0.081268	0
271.638641	0.139313	0
271.777954	0.104492	0
271.882446	0.267029	0
272.149475	0.092896	0
272.242371	0.162537	0
272.404907	0.243805	70
272.648712	0.162537	0
272.811249	0.092865	0
272.904114	0.150940	73
273.055054	0.359924	70
273.414978	0.255402	70
273.670380	0.116119	0
273.786499	0.127686	64
273.914185	0.267029	64
274.181213	0.116119	0
274.297333	0.127716	0
274.425049	0.243805	0
274.668854	0.139313	0
274.808167	0.127716	70
274.935883	0.150909	70
275.086792	0.092896	0
275.179688	0.232208	0
275.411896	0.278625	71
275.690521	0.127716	71
275.818237	0.116089	71
275.934326	0.255432	70
276.189758	0.127716	67
276.317474	0.116089	71
276.433563	0.267029	62
276.700592	0.255432	63
276.956024	0.243805	69
277.199829	0.255402	71
277.455231	0.255432	0
277.710663	0.139313	0
277.849976	0.116089	0
277.966064	0.232208	0
278.198273	0.150940	0
278.349213	0.104492	0
278.453705	0.267029	0
278.720734	0.127716	73
278.848450	0.127686	73
278.976135	0.139343	0
279.115479	0.116089	60
279.231567	0.243805	55
279.475372	0.162537	63
279.637909	0.220581	75
279.858490	0.139343	72
279.997833	0.255402	73
280.253235	0.081268	73
280.334503	0.162537	71
280.497040	0.243835	64
280.740875	0.162537	60
280.903412	0.092865	61
280.996277	0.255432	0
281.251709	0.255402	80
281.507111	0.255432	80
281.762543	0.127716	0
281.890259	0.116089	0
282.006348	0.255432	0
282.261780	0.116089	70
282.377869	0.139313	70
282.517181	0.255432	71
282.772614	0.127716	0
282.900330	0.383118	70
283.283447	0.243805	68
283.527252	0.255432	74
283.782684	0.127716	71
283.910400	0.104462	71
284.014862	0.278656	71
284.293518	0.127716	66
284.421234	0.127686	71
284.548920	0.499237	72
285.048157	0.255432	59
285.303589	0.243805	56
285.547394	0.243805	70
285.791199	0.150940	70
285.942139	0.116089	71
286.058228	0.139313	0
286.197540	0.092896	78
286.290436	0.243805	75
286.534241	0.278625	73
286.812866	0.139343	62
286.952209	0.267029	60
287.219238	0.116089	73
287.335327	0.220581	0
287.555908	0.255432	72
287.811340	0.139313	78
287.950653	0.383148	78
288.333801	0.127686	0
288.461487	0.162537	0
288.624023	0.220612	0
288.844635	0.127686	0
288.972321	0.127716	0
289.100037	0.243805	73
289.343842	0.255432	78
289.599274	0.255432	76
289.854706	0.127686	0
289.982391	0.127716	0
290.110107	0.220581	0
290.330688	0.162567	63
290.493256	0.127686	69
290.620941	0.371521	66
290.992462	0.290253	65
291.282715	0.081268	0
291.363983	0.243805	78
291.607788	0.417969	75
292.025757	0.116089	72
292.141846	0.243835	71
292.385681	0.127686	71
292.513367	0.139343	77
292.652710	0.232178	79
292.884888	0.104492	75
292.989380	0.290253	75
293.279633	0.371521	74
293.651154	0.255432	0
293.906586	0.127686	0
294.034271	0.116119	0
294.150391	0.139313	0
294.289703	0.116089	0
294.405792	0.139343	0
294.545135	0.116089	0
294.661224	0.243805	71
294.905029	0.139313	0
295.044342	0.127716	0
295.172058	0.139313	0
295.311371	0.104492	76
295.415863	0.243805	73
295.659668	0.267029	61
295.926697	0.127716	69
296.054413	0.127716	67
296.182129	0.255432	69
296.437561	0.127686	63
296.565247	0.116119	72
296.681366	0.255402	76
296.936768	0.139343	64
297.076111	0.116089	65
297.192200	0.150940	65
297.343140	0.104492	72
297.447632	0.220581	71
297.668213	0.243805	60
297.912018	0.174164	62
298.086182	0.116089	68
298.202271	0.232208	67
298.434479	0.150909	64
298.585388	0.127716	0
298.713104	0.255432	63
298.968536	0.127686	60
299.096222	0.116119	62
299.212341	0.255402	59
299.467743	0.243835	60
299.711578	0.255402	61
299.966980	0.255432	62
300.222412	0.255402	66
300.477814	0.127716	64
300.605530	0.116089	64
300.721619	0.255432	67
300.977051	0.139313	65
301.116364	0.127716	65
301.244080	0.255432	63
301.499512	0.243805	63
301.743317	0.255402	67
301.998718	0.127716	66
302.126434	0.116119	66
302.242554	0.139313	63
302.381866	0.127716	61
302.509583	0.139313	62
302.648895	0.104492	67
302.753387	0.255402	66
303.008789	0.150940	73
303.159729	0.359894	73
303.519623	0.243835	68
303.763458	0.220581	67
303.984039	0.174133	66
304.158173	0.116119	67
304.274292	0.232208	68
304.506500	0.278625	65
304.785126	0.243805	67
305.028931	0.150940	64
305.179871	0.104492	66
305.284363	0.139313	64
305.423676	0.116089	0
305.539764	0.243805	73
305.783569	0.197388	73
305.980957	0.197357	72
306.178314	0.116119	66
306.294434	0.243805	76
306.538239	0.139313	76
306.677551	0.127716	77
306.805267	0.243805	74
307.049072	0.127716	75
307.176788	0.127716	64
307.304504	0.174133	59
307.478638	0.081268	59
307.559906	0.255432	60
307.815338	0.243805	72
308.059143	0.267029	67
308.326172	0.243805	61
308.569977	0.127716	66
308.697693	0.127716	64
308.825409	0.243805	66
309.069214	0.139313	78
309.208527	0.139313	72
309.347839	0.232208	64
309.580048	0.243805	64
309.823853	0.267029	65
310.090881	0.127716	71
310.218597	0.127716	70
310.346313	0.243805	60
310.590118	0.116089	64
310.706207	0.139313	66
310.845520	0.255432	65
311.100952	0.127716	64
311.228668	0.127716	66
311.356384	0.255402	73
311.611786	0.127716	71
311.739502	0.116089	0
311.855591	0.267029	76
312.122620	0.127716	69
312.250336	0.116119	68
312.366455	0.255402	69
312.621857	0.127716	80
312.749573	0.127716	72
312.877289	0.255402	69
313.132690	0.081268	68
313.213959	0.162537	73
313.376495	0.255432	70
313.631927	0.243805	72
313.875732	0.255432	73
314.131165	0.139313	71
314.270477	0.104492	71
314.374969	0.278625	73
314.653595	0.243805	69
314.897400	0.255432	68
315.152832	0.499237	72
315.652069	0.243805	76
315.895874	0.255432	70
316.151306	0.139313	62
316.290619	0.127716	71
316.418335	0.255402	71
316.673737	0.127716	76
316.801453	0.116089	77
316.917542	0.255432	70
317.172974	0.174133	66
317.347107	0.092896	66
317.440002	0.243805	68
317.683807	0.185760	0
317.869568	0.208984	75
318.078552	0.232208	70
318.310760	0.127686	67
318.438446	0.243835	65
318.682281	0.139313	68
318.821594	0.127716	68
318.949310	0.232178	63
319.181488	0.162537	63
319.344025	0.104492	62
319.448517	0.162537	66
319.611053	0.104492	68
319.715546	0.232208	68
319.947754	0.208984	68
320.156738	0.046448	68
320.203186	0.127686	72
320.330872	0.127716	73
320.458588	0.255432	65
320.714020	0.127716	51
320.841736	0.116089	57
320.957825	0.267029	62
321.224854	0.092865	61
321.317719	0.150940	63
321.468658	0.150940	60
321.619598	0.104492	60
321.724091	0.255402	61
321.979492	0.383148	60
322.362640	0.116089	64
322.478729	0.220581	65
322.699310	0.174164	63
322.873474	0.116089	61
322.989563	0.243805	59
323.233368	0.139343	59
323.372711	0.371521	67
323.744232	0.139313	67
323.883545	0.127716	68
324.011261	0.162537	0
324.173798	0.092865	71
324.266663	0.243805	63
324.510468	0.220612	60
324.731079	0.185760	64
324.916840	0.092865	66
325.009705	0.267029	67
325.276733	0.139313	63
325.416046	0.104492	61
325.520538	0.208984	73
325.729523	0.301849	72
326.031372	0.383148	58
326.414520	0.116089	56
326.530609	0.255432	66
326.786041	0.081268	54
326.867310	0.174133	61
327.041443	0.174164	70
327.215607	0.208984	67
327.424591	0.267029	68
327.691620	0.116089	68
327.807709	0.243805	68
328.051514	0.197388	70
328.248901	0.174133	65
328.423035	0.139313	63
328.562347	0.243835	62
328.806183	0.127686	60
328.933868	0.139343	75
329.073212	0.255402	71
329.328613	0.185760	75
329.514374	0.301849	76
329.816223	0.139343	80
329.955566	0.603699	73
330.559265	0.278656	70
330.837921	0.139313	72
330.977234	0.116089	72
331.093323	0.162537	72
331.255859	0.092896	71
331.348755	0.139313	71
331.488068	0.104492	71
331.592560	0.255432	68
331.847992	0.255402	62
332.103394	0.255432	71
332.358826	0.127716	71
332.486542	0.058044	74
332.544586	0.232208	77
332.776794	0.208954	70
332.985748	0.116119	78
333.101868	0.232178	78
333.334045	0.174164	73
333.508209	0.092865	79
333.601074	0.499237	77
334.100311	0.278656	77
334.378967	0.127686	75
334.506653	0.116119	70
334.622772	0.255402	70
334.878174	0.127716	71
335.005890	0.127716	71
335.133606	0.255432	71
335.389038	0.127686	0
335.516724	0.383148	61
335.899872	0.243805	57
336.143677	0.255402	60
336.399078	0.127716	57
336.526794	0.127716	59
336.654510	0.139313	68
336.793823	0.116119	71
336.909943	0.127686	70
337.037628	0.127716	69
337.165344	0.255432	74
337.420776	0.139313	0
337.560089	0.104492	0
337.664581	0.162537	0
337.827118	0.325073	73
338.152191	0.383148	73
338.535339	0.139313	72
338.674652	0.255402	71
338.930054	0.127716	71
339.057770	0.116119	72
339.173889	0.174133	73
339.348022	0.220581	70
339.568604	0.359924	60
339.928528	0.267029	75
340.195557	0.243805	72
340.439362	0.139313	73
340.578674	0.127716	73
340.706390	0.255432	72
340.961823	0.127716	71
341.089539	0.104462	75
341.194000	0.510864	73
341.704865	0.278625	73
341.983490	0.220581	77
342.204071	0.255432	71
342.459503	0.255432	70
342.714935	0.371490	77
343.086426	0.139343	69
343.225769	0.208984	70
343.434753	0.185760	71
343.620514	0.116089	73
343.736603	1.044891	74
344.781494	0.185760	75
344.967255	0.452789	81
345.420044	0.185760	80
345.605804	0.232208	71
345.838013	0.208984	70
346.046997	0.208954	70
346.255951	0.208984	0
346.464935	0.220612	0
346.685547	0.208954	0
346.894501	0.208984	0
347.103485	0.197388	0
347.300873	0.162537	0
347.463409	0.208984	0
347.672394	0.104492	69
347.776886	0.243805	71
348.020691	0.232178	81
348.252869	0.267029	81
348.519897	0.313477	81
348.833374	0.267029	81
349.100403	0.185760	0
349.286163	0.232208	0
349.518372	0.197357	0
349.715729	0.197388	0
349.913116	0.197357	0
350.110474	0.208984	0
350.319458	0.208984	0
350.528442	0.220581	0
350.749023	0.197357	87
350.946381	0.208984	86
351.155365	0.208984	0
351.364349	0.208984	0
351.573334	0.197357	0
351.770691	0.046448	0
351.817139	0.174164	0
351.991302	0.127686	0
352.118988	0.174164	70
352.293152	0.185760	75
352.478912	0.208984	79
352.687897	0.185760	79
352.873657	0.197357	88
353.071014	0.197388	86
353.268402	0.208954	0
353.477356	0.208984	0
353.686340	0.185760	0
353.872101	0.174164	0
354.046265	0.150909	0
354.197174	0.150940	0
354.348114	0.174164	0
354.522278	0.150909	0
354.673187	0.162537	0
354.835724	0.139343	0
354.975067	0.162537	0
355.137604	0.301849	0
355.439453	0.371521	0
355.810974	1.963165	0
