1.358367	0.731429	70
2.089796	1.172608	59
3.262404	0.197370	0
3.459773	0.208980	0
3.668753	0.278639	0
3.947392	0.301860	61
4.249252	0.116100	61
4.365352	0.243809	62
4.609161	0.104490	63
4.713651	0.882359	64
5.596009	0.127709	61
5.723719	0.127710	61
5.851429	0.243810	56
6.095238	0.127710	58
6.222948	0.371519	62
6.594467	0.394739	59
6.989206	0.232200	61
7.221406	0.232200	60
7.453606	0.278639	59
7.732245	0.220590	60
7.952835	0.290249	59
8.243084	0.220590	62
8.463674	0.104489	62
8.568163	0.232200	60
8.800363	0.313470	57
9.113832	0.127709	56
9.241542	0.568889	56
9.810431	0.127710	56
9.938141	0.325079	0
10.263220	1.207438	0
11.470657	0.162539	0
11.633197	0.336690	63
11.969887	0.278639	59
12.248526	0.220590	62
12.469115	0.150930	62
12.620046	0.116099	63
12.736145	0.464399	64
13.200544	0.267030	64
13.467574	0.267029	61
13.734603	0.104490	61
13.839093	0.092879	59
13.931973	0.104490	56
14.036463	0.058050	56
14.094513	0.139319	61
14.233832	0.371519	62
14.605351	0.371519	59
14.976871	0.127710	61
15.104581	0.371519	60
15.476100	0.267029	59
15.743129	0.232200	61
15.975328	0.081270	59
16.056599	0.185760	62
16.242359	0.162539	61
16.404898	0.313469	59
16.718367	0.127710	61
16.846077	0.301859	57
17.147936	0.313471	56
17.461407	0.150928	58
17.612335	0.348299	65
17.960634	0.220591	61
18.181225	0.290249	64
18.471474	0.162540	68
18.634014	1.126167	63
19.760181	0.603720	62
20.363901	0.127708	65
20.491610	0.208981	65
20.700590	0.371519	64
21.072109	0.197369	64
21.269478	0.104490	63
21.373968	0.487619	63
21.861588	0.232199	62
22.093786	0.255421	61
22.349207	0.255419	63
22.604626	0.255419	63
22.860044	0.510839	61
23.370884	0.150930	61
23.521814	0.150928	61
23.672743	0.313471	60
23.986214	0.162539	0
24.148752	0.127710	0
24.276463	0.673378	0
24.949841	0.545670	0
25.495510	0.104490	0
25.600000	0.243809	0
25.843809	0.116100	61
25.959909	0.127710	61
26.087620	0.139318	63
26.226938	0.232201	64
26.459139	0.139318	68
26.598457	0.232201	67
26.830658	0.336689	62
27.167347	0.429569	61
27.596916	0.127710	61
27.724627	0.359909	65
28.084536	0.278639	64
28.363174	0.092880	64
28.456055	0.162539	66
28.618593	0.301861	65
28.920454	0.174149	63
29.094603	0.150930	64
29.245533	0.336689	67
29.582222	0.243811	63
29.826033	0.127708	62
29.953741	0.290251	61
30.243992	0.139318	63
30.383310	0.127710	63
30.511021	0.116100	64
30.627121	0.383129	63
31.010250	0.243809	63
31.254059	0.359909	63
31.613968	0.127710	0
31.741678	0.243809	66
31.985487	0.406351	65
32.391838	0.336689	65
32.728527	0.394737	66
33.123264	0.255421	75
33.378685	0.476009	74
33.854694	0.116100	81
33.970795	0.267029	80
34.237823	0.243809	71
34.481632	0.243809	69
34.725441	0.394741	72
35.120182	0.882359	71
36.002541	0.731426	71
36.733967	0.986851	70
37.720818	0.092880	66
37.813698	0.139317	68
37.953014	0.534061	67
38.487076	0.267029	68
38.754105	0.267029	68
39.021133	0.127708	66
39.148842	0.092880	66
39.241722	0.232201	66
39.473923	0.499229	64
39.973152	0.255421	62
40.228573	0.243809	64
40.472382	0.116100	65
40.588482	0.092880	66
40.681362	0.313469	68
40.994831	0.243809	66
41.238640	0.232201	66
41.470840	0.139317	67
41.610157	0.104492	66
41.714649	0.243809	66
41.958458	0.267029	69
42.225487	0.278641	71
42.504128	0.220589	71
42.724716	0.383129	72
43.107845	0.870750	71
43.978596	0.731426	71
44.710022	0.545670	70
45.255692	0.476009	70
45.731701	0.232201	67
45.963902	0.510838	67
46.474739	0.267029	68
46.741768	0.510841	67
47.252609	0.383129	65
47.635738	0.371517	64
48.007256	0.127712	60
48.134968	0.394737	64
48.529705	0.441181	66
48.970886	0.325077	63
49.295963	0.417961	61
49.713924	0.313469	67
50.027393	0.441177	64
50.468571	0.278641	71
50.747211	0.139320	72
50.886532	0.406349	73
51.292881	0.069660	73
51.362541	0.104488	71
51.467030	0.487617	68
51.954647	0.243813	66
52.198460	0.882359	64
53.080818	0.150928	64
53.231747	0.278637	64
53.510384	0.116100	60
53.626484	0.290249	61
53.916733	0.139320	0
54.056053	0.150932	0
54.206985	0.325077	0
54.532063	2.530975	65
57.063038	0.290249	67
57.353287	0.034832	67
57.388119	0.150928	63
57.539047	0.220589	61
57.759636	0.522449	61
58.282085	0.534061	59
58.816147	0.429569	0
59.245716	0.243809	0
59.489525	0.139320	0
59.628845	0.278637	66
59.907482	0.058052	0
59.965534	0.301857	59
60.267391	0.220592	61
60.487984	0.127708	60
60.615692	0.824306	64
61.439999	0.661770	60
62.101768	0.162540	57
62.264309	0.162540	60
62.426849	0.174149	0
62.600998	0.162540	56
62.763538	0.243809	59
63.007347	0.232201	60
63.239548	0.139320	61
63.378868	0.208977	58
63.587845	0.174152	58
63.761997	0.220589	60
63.982586	0.267025	59
64.249611	0.208984	61
64.458595	0.383125	60
64.841721	0.058052	59
64.899773	2.589027	56
67.488800	0.232201	63
67.721001	0.162537	0
67.883537	0.081268	0
67.964806	0.290253	60
68.255058	0.232201	61
68.487259	0.116096	62
68.603355	0.975235	63
69.578590	0.255424	62
69.834015	0.197365	60
70.031380	0.348305	57
70.379684	0.232201	62
70.611885	0.139320	58
70.751205	0.243805	59
70.995010	0.267029	61
71.262039	0.185760	73
71.447800	0.290253	60
71.738052	0.232201	61
71.970253	0.510834	61
72.481087	0.383133	61
72.864220	0.580498	57
73.444717	0.208977	61
73.653694	0.220589	63
73.874283	0.104492	59
73.978775	0.220589	61
74.199364	0.197372	63
74.396736	0.243805	67
74.640541	0.673386	64
75.313927	0.429565	61
75.743492	0.139320	65
75.882812	0.255417	66
76.138229	0.255424	65
76.393654	0.092880	64
76.486534	0.150925	67
76.637459	0.359909	67
76.997368	0.255424	63
77.252792	0.139313	64
77.392105	0.081276	63
77.473381	0.232201	63
77.705582	0.174149	63
77.879730	0.116096	63
77.995827	0.127708	61
78.123535	0.197372	61
78.320908	0.301857	63
78.622765	0.139320	64
78.762085	1.393196	61
80.155281	0.127708	0
80.282990	0.708214	0
80.991203	0.371521	67
81.362724	0.278633	63
81.641357	0.336693	63
81.978050	0.267029	64
82.245079	0.255417	64
82.500496	0.127716	63
82.628212	0.185753	73
82.813965	0.290253	73
83.104218	0.534058	73
83.638275	0.661774	73
84.300049	0.301857	67
84.601906	0.139320	73
84.741226	0.208977	65
84.950203	0.116104	65
85.066307	0.290245	66
85.356552	0.162544	74
85.519096	0.290245	63
85.809341	0.150932	73
85.960274	0.208977	72
86.169250	0.150932	62
86.320183	0.127708	62
86.447891	0.325081	64
86.772972	0.208977	64
86.981949	0.220589	64
87.202538	0.046440	64
87.248978	0.174149	63
87.423126	0.162544	0
87.585670	0.127708	60
87.713379	0.290253	64
88.003632	0.359909	65
88.363541	0.255417	66
88.618958	0.139320	64
88.758278	0.150925	66
88.909203	0.104492	66
89.013695	0.139320	67
89.153015	0.174149	67
89.327164	0.417961	67
89.745125	0.127708	69
89.872833	0.104492	70
89.977325	0.255417	69
90.232742	0.243813	71
90.476555	0.243805	70
90.720360	0.394745	72
91.115105	0.893967	71
92.009071	0.708206	71
92.717278	0.534058	69
93.251335	0.499229	69
93.750565	0.232201	67
93.982765	0.092880	66
94.075645	0.417961	68
94.493607	0.278641	68
94.772247	0.243805	67
95.016052	0.104492	66
95.120544	0.371521	66
95.492065	0.092880	66
95.584946	0.336685	64
95.921631	0.290253	0
96.211884	0.255417	65
96.467300	0.162544	67
96.629845	0.371513	68
97.001358	0.104492	67
97.105850	0.139320	68
97.245171	0.150932	63
97.396103	0.232193	64
97.628296	0.534065	68
98.162361	0.208977	68
98.371338	0.406349	64
98.777687	0.185760	64
98.963448	0.197372	68
99.160820	0.336685	66
99.497505	0.592110	60
100.089615	0.185760	0
100.275375	0.464401	0
100.739777	0.534058	66
101.273834	0.499229	70
101.773064	0.592110	68
102.365173	0.394737	68
102.759911	0.499229	67
103.259140	0.255417	66
103.514557	0.104492	66
103.619049	0.371521	64
103.990570	0.127708	61
104.118279	0.859138	65
104.977417	0.731430	63
105.708847	0.777863	66
106.486710	0.290253	65
106.776962	1.207436	73
107.984398	0.290253	73
108.274651	0.452789	73
108.727440	0.406349	72
109.133789	0.116096	71
109.249886	0.220589	72
109.470474	0.162544	71
109.633018	0.127708	73
109.760727	0.417961	68
110.178688	0.243805	66
110.422493	0.325081	76
110.747574	0.290253	65
111.037827	0.150925	70
111.188751	0.278641	61
111.467392	0.325081	62
111.792473	0.092880	65
111.885353	0.243805	66
112.129158	0.348305	64
112.477463	0.313469	63
112.790932	0.313469	62
113.104401	0.127708	63
113.232109	0.255417	63
113.487526	0.208984	63
113.696510	0.220589	63
113.917099	0.371521	61
114.288620	0.127708	61
114.416328	0.429565	61
114.845894	0.139320	61
114.985214	0.127708	61
115.112923	1.381592	61
116.494514	0.243805	72
116.738319	0.325081	71
117.063400	0.348297	70
117.411697	0.081276	70
117.492973	0.255417	70
117.748390	0.325081	68
118.073471	0.301857	64
118.375328	0.267029	63
118.642357	0.406349	63
119.048706	0.301865	62
119.350571	0.417953	63
119.768524	0.301865	64
120.070389	0.220589	66
120.290977	0.383125	67
120.674103	0.301865	66
120.975967	0.313469	62
121.289436	0.174149	61
121.463585	0.348297	61
121.811882	0.452789	63
122.264671	0.499229	66
122.763901	0.162537	64
122.926437	0.359909	64
123.286346	0.150932	64
123.437279	0.905579	70
124.342857	0.278641	69
124.621498	0.081268	68
124.702766	0.510841	67
125.213608	0.940407	67
126.154015	0.801086	68
126.955101	0.499229	64
127.454330	0.174149	0
127.628479	1.590576	60
129.219055	0.267029	0
129.486084	0.139313	0
129.625397	0.255417	0
129.880814	0.104492	62
129.985306	0.278641	59
130.263947	0.104492	60
130.368439	0.092880	62
130.461319	0.127701	0
130.589020	0.162552	62
130.751572	0.743027	63
131.494598	0.232208	64
131.726807	0.452789	58
132.179596	0.069656	59
132.249252	0.348297	62
132.597549	0.150925	59
132.748474	0.243820	59
132.992294	0.127701	61
133.119995	0.104492	59
133.224487	0.162537	60
133.387024	0.267029	59
133.654053	0.127716	58
133.781769	0.208984	61
133.990753	0.232193	59
134.222946	0.243805	60
134.466751	0.592117	59
135.058868	0.116104	56
135.174973	0.801086	56
135.976059	0.174149	0
136.150208	0.336685	0
136.486893	0.812698	64
137.299591	0.174149	0
137.473740	0.150925	0
137.624664	0.243820	73
137.868484	0.116089	74
137.984573	0.255432	59
138.240005	0.081268	61
138.321274	0.139313	66
138.460587	0.882355	64
139.342941	0.406357	62
139.749298	0.069656	61
139.818954	0.371521	57
140.190475	0.290253	59
140.480728	0.139313	0
140.620041	0.116104	0
140.736145	0.441177	63
141.177322	0.220596	63
141.397919	0.116089	79
141.514008	0.220596	67
141.734604	0.267029	63
142.001633	0.243805	74
142.245438	0.116104	61
142.361542	0.127716	62
142.489258	0.127701	71
142.616959	0.220596	62
142.837555	0.278641	59
143.116196	0.139313	68
143.255508	0.220596	0
143.476105	0.174149	59
143.650253	0.208969	63
143.859222	0.127716	0
143.986938	0.278641	61
144.265579	0.220581	64
144.486160	0.127716	67
144.613876	0.487625	66
145.101501	0.882355	62
145.983856	0.348297	61
146.332153	0.406357	65
146.738510	0.383118	64
147.121628	0.150940	63
147.272568	0.232193	63
147.504761	0.162537	65
147.667297	0.208984	62
147.876282	0.197372	61
148.073654	0.290253	61
148.363907	0.243805	63
148.607712	0.267029	63
148.874741	0.092880	60
148.967621	1.010071	61
149.977692	0.557281	54
150.534973	0.417953	52
150.952927	0.476013	59
151.428940	0.522446	67
151.951385	0.127701	0
152.079086	0.127716	0
152.206802	0.243805	64
152.450607	0.150940	68
152.601547	0.464401	68
153.065948	0.777863	62
153.843811	0.510834	61
154.354645	0.255417	65
154.610062	0.325089	65
154.935150	0.208984	65
155.144135	0.208969	64
155.353104	0.174149	64
155.527252	0.348297	62
155.875549	0.220596	61
156.096146	0.197372	61
156.293518	0.220581	62
156.514099	0.104492	63
156.618591	0.394745	64
157.013336	0.208969	64
157.222305	0.476013	65
157.698318	0.278641	64
157.976959	0.232208	66
158.209167	0.104477	64
158.313644	0.557281	70
158.870926	0.127716	66
158.998642	0.232193	66
159.230835	0.359909	66
159.590744	0.255417	0
159.846161	0.116104	69
159.962265	0.255417	68
160.217682	0.267029	71
160.484711	0.220596	69
160.705307	0.406342	72
161.111649	0.870758	71
161.982407	0.708206	71
162.690613	0.534058	70
163.224670	0.476013	70
163.700684	0.267029	67
163.967712	0.371521	67
164.339233	0.139313	67
164.478546	0.232208	67
164.710754	0.267029	68
164.977783	0.243805	67
165.221588	0.278641	66
165.500229	0.104492	63
165.604721	0.371521	64
165.976242	0.243805	60
166.220047	0.127701	64
166.347748	0.116104	66
166.463852	0.116104	66
166.579956	0.127701	67
166.707657	0.476013	67
167.183670	0.348297	64
167.531967	0.615341	68
168.147308	0.127701	70
168.275009	0.116104	67
168.391113	0.092880	79
168.483994	0.243805	82
168.727798	0.127716	75
168.855515	0.267029	72
169.122543	0.325073	72
169.447617	0.777878	78
170.225494	0.464386	76
170.689880	0.545670	71
171.235550	0.499237	70
171.734787	0.464401	68
172.199188	0.058044	68
172.257233	0.476013	67
172.733246	0.267029	68
173.000275	0.394730	69
173.395004	0.174164	64
173.569168	0.406342	64
173.975510	0.127716	61
174.103226	0.406342	64
174.509567	0.429565	64
174.939133	0.336700	64
175.275833	0.116089	61
175.391922	0.290253	60
175.682175	0.313477	67
175.995651	0.232193	67
176.227844	0.208984	0
176.436829	0.754639	65
177.191467	0.766266	70
177.957733	0.267029	74
178.224762	0.243805	70
178.468567	1.486084	71
179.954651	0.267029	71
180.221680	0.232193	70
180.453873	0.232208	70
180.686081	0.394730	72
181.080811	0.870758	71
181.951569	0.673370	71
182.624939	0.081268	71
182.706207	0.522461	70
183.228668	0.464386	69
183.693054	0.243820	67
183.936874	0.394730	67
184.331604	0.394745	68
184.726349	0.243805	68
184.970154	0.232208	67
185.202362	0.278641	66
185.481003	0.127701	64
185.608704	0.348297	64
185.957001	0.243820	61
186.200821	0.127701	64
186.328522	0.232208	66
186.560730	0.116089	66
186.676819	0.139328	67
186.816147	0.197372	67
187.013519	0.127701	66
187.141220	0.081268	65
187.222488	0.301865	65
187.524353	0.429565	67
187.953918	0.267029	68
188.220947	0.162552	69
188.383499	0.116089	67
188.499588	0.069656	82
188.569244	0.278641	82
188.847885	0.255432	72
189.103317	0.325073	71
189.428391	0.789474	77
190.217865	0.487625	76
190.705490	0.522446	72
191.227936	0.220596	70
191.448532	0.290237	69
191.738770	0.139328	68
191.878098	0.406342	68
192.284439	0.417969	68
192.702408	0.290253	68
192.992661	0.197357	72
193.190018	0.371521	66
193.561539	0.150940	64
193.712479	0.267029	63
193.979507	0.104477	60
194.083984	0.383133	64
194.467117	0.464401	66
194.931519	0.336685	63
195.268204	0.394745	61
195.662949	0.301865	67
195.964813	0.243805	67
196.208618	7.395554	61
203.604172	0.208984	59
203.813156	0.127701	58
203.940857	0.255417	59
204.196274	0.255432	59
204.451706	0.267029	59
204.718735	0.127701	59
204.846436	0.290253	61
205.136688	0.139328	61
205.276016	0.139313	61
205.415329	0.522446	61
205.937775	0.150940	61
206.088715	0.092880	61
206.181595	0.185745	55
206.367340	0.325089	53
206.692429	0.150925	53
206.843353	0.220596	60
207.063950	0.475998	52
207.539948	0.220596	57
207.760544	0.092880	58
207.853424	0.162537	60
208.015961	0.162537	0
208.178497	0.150940	0
208.329437	0.847519	50
209.176956	0.661774	40
209.838730	0.139313	41
209.978043	0.255432	47
210.233475	0.092880	45
210.326355	0.267029	46
210.593384	0.777863	47
211.371246	0.127716	41
211.498962	0.058044	42
211.557007	0.162537	48
211.719543	0.348297	48
212.067841	1.300323	44
213.368164	0.092880	0
213.461044	0.232193	51
213.693237	0.325089	49
214.018326	0.174149	0
214.192474	0.069656	46
214.262131	0.371521	46
214.633652	0.267029	46
214.900681	0.243805	45
215.144485	0.185760	45
215.330246	0.301865	45
215.632111	0.127701	42
215.759811	0.325089	42
216.084900	0.905579	0
216.990479	0.185760	0
217.176239	0.092880	60
217.269119	0.336685	58
217.605804	0.487625	56
218.093430	0.092880	55
218.186310	0.534058	49
218.720367	0.232193	64
218.952560	0.174149	65
219.126709	0.371521	54
219.498230	0.313477	58
219.811707	0.116089	57
219.927795	0.162552	58
220.090347	0.092880	58
220.183228	0.255417	58
220.438644	0.255417	59
220.694061	0.139313	59
220.833374	0.127716	60
220.961090	0.383133	55
221.344223	0.441177	55
221.785400	0.243805	57
222.029205	0.127716	54
222.156921	0.313461	47
222.470383	0.243805	54
222.714188	0.638550	52
223.352737	0.684998	0
224.037735	0.162537	0
224.200272	0.290253	0
224.490524	0.116104	0
224.606628	0.301849	51
224.908478	0.359909	49
225.268387	0.394745	48
225.663132	0.208984	50
225.872116	0.417953	48
226.290070	1.520905	56
227.810974	0.116104	0
227.927078	0.208969	0
228.136047	0.476013	46
228.612061	0.348297	42
228.960358	0.208984	46
229.169342	0.232193	56
229.401535	0.232208	56
229.633743	0.464401	48
230.098145	0.452789	47
230.550934	1.346756	46
231.897690	0.185760	58
232.083450	0.197372	54
232.280823	0.278625	50
232.559448	0.371521	0
232.930969	0.243820	55
233.174789	0.417953	48
233.592743	0.162537	0
233.755280	0.104492	71
233.859772	0.220596	70
234.080368	0.383118	69
234.463486	0.092880	71
234.556366	0.232208	72
234.788574	0.255417	72
235.043991	0.116104	62
235.160095	0.510834	50
235.670929	0.127716	58
235.798645	0.127701	58
235.926346	0.150940	58
236.077286	0.092880	59
236.170166	0.243805	59
236.413971	0.267029	59
236.681000	0.127701	59
236.808701	0.116104	60
236.924805	0.162537	60
237.087341	0.139328	61
237.226669	0.069656	61
237.296326	0.557281	66
237.853607	0.580490	64
238.434097	0.139328	64
238.573425	0.150925	65
238.724350	0.116104	63
238.840454	0.174149	59
239.014603	0.139313	60
239.153915	0.220596	61
239.374512	0.417953	64
239.792465	0.116104	58
239.908569	0.336685	60
240.245255	0.034836	64
240.280090	0.359909	62
240.639999	0.255417	60
240.895416	0.150940	59
241.046356	0.290237	61
241.336594	0.081268	62
241.417862	0.406357	67
241.824219	0.325073	64
242.149292	0.127716	66
242.277008	0.267029	67
242.544037	0.452789	64
242.996826	0.185760	64
243.182587	0.278641	67
243.461227	0.116104	66
243.577332	0.232193	67
243.809525	0.139313	59
243.948837	0.243820	60
244.192657	0.232193	59
244.424850	0.267029	59
244.691879	0.104492	59
244.796371	0.116104	60
244.912476	0.174149	61
245.086624	0.290253	61
245.376877	0.359909	67
245.736786	0.092880	67
245.829666	0.058044	66
245.887711	0.104492	0
245.992203	0.359909	65
246.352112	0.348297	65
246.700409	0.104492	64
246.804901	0.185760	60
246.990662	0.150925	61
247.141586	0.208984	61
247.350571	0.359909	65
247.710480	0.081268	57
247.791748	0.127701	58
247.919449	0.359909	62
248.279358	0.383133	61
248.662491	0.267029	60
248.929520	0.104492	59
249.034012	0.150925	61
249.184937	0.150940	61
249.335876	0.069656	61
249.405533	0.092880	61
249.498413	0.255417	65
249.753830	0.150925	66
249.904755	0.116104	64
250.020859	0.150940	62
250.171799	0.383118	67
250.554916	0.417969	64
250.972885	0.208969	64
251.181854	0.383133	65
251.564987	0.232208	64
251.797195	0.220581	63
252.017776	0.104492	66
252.122269	0.150925	66
252.273193	0.174149	64
252.447342	0.081268	65
252.528610	0.464401	64
252.993011	0.359909	61
253.352921	0.568893	61
253.921814	0.522446	61
254.444260	1.172607	57
255.616867	0.150940	72
255.767807	0.127701	73
255.895508	0.452789	59
256.348297	0.081268	57
256.429565	0.278656	72
256.708221	0.243805	60
256.952026	0.208984	60
257.161011	0.301849	55
257.462860	0.371521	53
257.834381	0.301849	0
258.136230	0.325073	0
258.461304	0.127716	0
258.589020	0.116119	0
258.705139	0.394714	48
259.099854	0.174164	0
259.274017	0.232208	49
259.506226	0.208954	51
259.715179	0.069672	54
259.784851	0.139313	53
259.924164	0.139343	59
260.063507	0.325073	48
260.388580	0.267029	47
260.655609	0.162537	50
260.818146	0.568878	66
261.387024	0.127716	44
261.514740	0.232208	46
261.746948	0.139313	0
261.886261	0.139313	51
262.025574	0.348297	50
262.373871	0.081268	55
262.455139	0.046448	66
262.501587	0.626953	61
263.128540	0.162537	60
263.291077	0.034821	0
263.325897	0.476013	63
263.801910	0.069641	65
263.871552	0.185760	63
264.057312	0.116119	61
264.173431	0.220581	60
264.394012	0.638550	67
265.032562	0.034821	68
265.067383	0.034851	68
265.102234	0.197357	67
265.299591	0.847534	64
266.147125	0.325073	64
266.472198	0.162537	61
266.634735	0.255432	62
266.890167	0.684967	60
267.575134	0.162567	49
267.737701	0.243805	51
267.981506	0.278625	53
268.260132	0.510834	68
268.770966	0.568909	64
269.339874	0.162537	50
269.502411	0.545654	67
270.048065	0.243805	62
270.291870	0.139343	60
270.431213	0.499207	55
270.930420	0.104492	0
271.034912	0.220612	0
271.255524	0.348297	55
271.603821	0.313446	57
271.917267	0.371521	59
272.288788	0.116119	59
272.404907	0.232178	59
272.637085	0.359924	60
272.997009	0.267029	60
273.264038	0.313477	63
273.577515	0.232178	0
273.809692	0.325104	0
274.134796	0.232178	0
274.366974	0.255432	0
274.622406	0.359894	0
274.982300	0.464417	51
275.446716	0.383118	59
275.829834	0.336700	59
276.166534	0.104492	59
276.271027	0.116089	59
276.387115	0.220581	58
276.607697	0.325104	66
276.932800	0.116089	67
277.048889	0.534058	62
277.582947	0.104492	60
277.687439	0.208984	0
277.896423	0.278625	64
278.175049	0.220612	65
278.395660	0.104462	66
278.500122	0.348328	65
278.848450	0.058044	65
278.906494	0.243805	65
279.150299	0.464386	63
279.614685	0.150940	61
279.765625	0.127716	60
279.893341	0.150909	60
280.044250	0.116119	61
280.160370	0.359894	62
280.520264	0.243805	59
280.764069	0.197388	60
280.961456	0.603699	61
281.565155	0.104492	61
281.669647	0.568909	49
282.238556	0.243805	0
282.482361	0.081268	0
282.563629	0.116089	0
282.679718	0.069672	49
282.749390	0.174133	47
282.923523	0.476013	0
283.399536	0.243805	51
283.643341	0.348328	58
283.991669	1.683441	55
285.675110	0.197357	70
285.872467	0.441193	70
286.313660	0.185760	72
286.499420	0.220581	72
286.720001	0.208984	70
286.928986	0.208984	70
287.137970	0.208954	70
287.346924	0.208984	71
287.555908	0.208984	71
287.764893	0.197388	77
287.962280	0.208954	77
288.171234	0.150940	0
288.322174	0.197357	74
288.519531	0.116119	75
288.635651	0.243805	71
288.879456	0.232208	72
289.111664	0.255402	69
289.367065	0.139343	69
289.506409	0.162537	69
289.668945	0.267029	70
289.935974	0.185760	69
290.121735	0.232178	72
290.353912	0.197388	70
290.551300	0.197357	71
290.748657	0.185760	68
290.934418	0.220581	70
291.154999	0.208984	64
291.363983	0.197388	68
291.561371	0.208984	68
291.770355	0.220581	68
291.990936	0.174133	67
292.165070	0.232208	68
292.397278	0.220581	70
292.617859	0.197388	62
292.815247	0.104492	72
292.919739	0.174133	70
293.093872	0.185760	62
293.279633	0.185760	68
293.465393	0.197388	73
293.662781	0.197357	77
293.860138	0.197357	79
294.057495	0.220612	80
294.278107	0.174133	0
294.452240	0.197388	0
294.649628	0.185760	0
294.835388	0.139313	0
294.974701	0.162537	0
295.137238	0.162537	0
295.299774	3.803345	0
