0.870748	0.870748	0
1.741497	0.661769	0
2.403265	0.626939	0
3.030204	2.194286	0
5.224490	0.673379	0
5.897869	0.208980	0
6.106848	0.394739	0
6.501587	0.928798	0
7.430386	0.197370	0
7.627755	0.638549	0
8.266304	0.417959	0
8.684263	0.452789	53
9.137053	0.208980	0
9.346032	0.220590	53
9.566622	0.371519	47
9.938141	0.499228	46
10.437369	0.243810	0
10.681179	0.208980	53
10.890159	0.092880	0
10.983039	0.336689	0
11.319728	0.441179	52
11.760907	0.243810	0
12.004717	0.174150	0
12.178866	0.452789	55
12.631656	0.243809	0
12.875464	0.185760	0
13.061225	0.290249	0
13.351474	0.162539	0
13.514013	0.232200	49
13.746213	0.174150	48
13.920362	0.464399	61
14.384762	0.208980	0
14.593741	0.220590	0
14.814331	0.220590	0
15.034921	0.220590	0
15.255510	0.220590	0
15.476100	0.185760	0
15.661860	0.267030	53
15.928889	0.197370	54
16.126259	0.197369	0
16.323627	0.243811	0
16.567438	0.220589	53
16.788027	0.127710	53
16.915737	0.325079	0
17.240816	0.197371	0
17.438187	0.232199	58
17.670385	0.208981	0
17.879366	0.104488	0
17.983854	0.325081	0
18.308935	0.243809	0
18.552744	0.197369	0
18.750113	0.220591	0
18.970703	0.208979	0
19.179682	0.243811	55
19.423492	0.208979	55
19.632471	0.092880	0
19.725351	0.162540	0
19.887892	0.174149	64
20.062040	0.243811	65
20.305851	0.197369	64
20.503220	0.220591	0
20.723810	0.220589	0
20.944399	0.220591	68
21.164989	0.208979	63
21.373968	0.220591	62
21.594559	0.232199	64
21.826757	0.220589	64
22.047346	0.220591	65
22.267937	0.232199	67
22.500135	0.185760	63
22.685896	0.441179	58
23.127075	0.232199	58
23.359274	0.220591	62
23.579865	0.208979	68
23.788843	0.464399	60
24.253242	0.185760	55
24.439003	0.243809	55
24.682812	0.197371	63
24.880182	0.208979	61
25.089161	0.452789	59
25.541950	0.441179	57
25.983130	0.208979	57
26.192108	0.174150	52
26.366259	0.267029	56
26.633287	0.127710	56
26.760998	0.336689	67
27.097687	0.185760	56
27.283447	0.441179	57
27.724627	0.208979	59
27.933605	0.452789	60
28.386395	0.208981	57
28.595375	0.441177	55
29.036552	0.650160	54
29.686712	0.452789	58
30.139502	0.208979	58
30.348480	0.429569	58
30.778049	0.441179	59
31.219229	0.220591	57
31.439819	0.452789	56
31.892609	0.197369	59
32.089977	0.441177	58
32.531155	0.127712	58
32.658867	0.522449	57
33.181316	0.452789	55
33.634106	0.104488	56
33.738594	0.104488	65
33.843082	0.452789	61
34.295872	0.208981	57
34.504852	0.661770	58
35.166622	0.208981	58
35.375603	0.290249	58
35.665852	0.139320	58
35.805172	0.441177	58
36.246349	0.325081	57
36.571430	0.116096	57
36.687527	0.243813	56
36.931339	0.185757	55
37.117096	0.220592	56
37.337688	0.232197	57
37.569885	0.429569	56
37.999454	0.429569	59
38.429024	0.232201	62
38.661224	0.069660	58
38.730885	0.371517	65
39.102402	0.197372	65
39.299774	0.417957	66
39.717731	0.267029	67
39.984760	0.127712	66
40.112473	0.476009	63
40.588482	0.348297	74
40.936779	0.348301	72
41.285080	0.174149	71
41.459229	0.476009	73
41.935238	0.220589	65
42.155827	0.081272	69
42.237099	0.545670	65
42.782768	0.452785	65
43.235554	0.383133	67
43.618687	0.464397	74
44.083084	0.348301	74
44.431385	0.522446	72
44.953831	0.476009	74
45.429840	0.243813	74
45.673653	0.092876	65
45.766529	0.139320	65
45.905849	0.394741	65
46.300591	0.429569	64
46.730160	0.394737	67
47.124897	0.301861	63
47.426758	0.150928	58
47.577686	0.267029	61
47.844715	0.092880	62
47.937595	0.510841	67
48.448437	0.476009	62
48.924446	0.255417	65
49.179863	0.069660	65
49.249523	0.359909	65
49.609432	0.185760	65
49.795193	0.429569	65
50.224762	0.243809	65
50.468571	0.150932	63
50.619503	0.452785	73
51.072289	0.359913	64
51.432201	0.522446	62
51.954647	0.476009	62
52.430656	0.429569	64
52.860226	0.232201	66
53.092426	0.208981	65
53.301407	0.452789	65
53.754196	0.220589	61
53.974785	0.197369	60
54.172153	0.232201	62
54.404354	0.208981	65
54.613335	0.208977	65
54.822311	0.232201	62
55.054512	0.232201	66
55.286713	0.208981	0
55.495693	0.220589	67
55.716282	0.208981	66
55.925262	0.441177	67
56.366440	0.232201	64
56.598640	0.197369	66
56.796009	0.441177	64
57.237186	0.441181	61
57.678368	0.429569	64
58.107937	0.220589	65
58.328526	0.232201	66
58.560726	0.208981	64
58.769707	0.429569	57
59.199276	0.220589	0
59.419865	0.232201	53
59.652065	0.208977	54
59.861042	0.220592	55
60.081635	0.208977	52
60.290611	0.220589	52
60.511200	0.220592	52
60.731792	0.232197	49
60.963989	0.208981	47
61.172970	0.220589	51
61.393559	0.220592	53
61.614151	0.104488	52
61.718639	0.325081	50
62.043720	0.220589	50
62.264309	0.208981	49
62.473289	0.232197	44
62.705486	0.208981	0
62.914467	0.232201	53
63.146667	0.208981	55
63.355648	0.243809	53
63.599457	0.185760	53
63.785217	0.232201	53
64.017418	0.208977	50
64.226395	0.232201	56
64.458595	0.208977	60
64.667572	0.220589	67
64.888161	0.208984	66
65.097145	0.220589	64
65.317734	0.220589	65
65.538322	0.220589	65
65.758911	0.220589	65
65.979500	0.208984	64
66.188484	0.220589	61
66.409073	0.232201	64
66.641273	0.208977	66
66.850250	0.232201	65
67.082451	0.208977	65
67.291428	0.220589	65
67.512016	0.116104	0
67.628120	0.325073	60
67.953194	0.208984	60
68.162178	0.441177	65
68.603355	0.150932	62
68.754288	0.092880	61
68.847168	0.185760	62
69.032928	0.232193	62
69.265121	0.208984	62
69.474106	0.220589	0
69.694695	0.208977	0
69.903671	0.232201	62
70.135872	0.220589	62
70.356461	0.092880	62
70.449341	0.336693	64
70.786034	0.232201	65
71.018234	0.139320	63
71.157555	0.301857	62
71.459412	0.197365	62
71.656776	0.232201	62
71.888977	0.429573	68
72.318550	0.232201	62
72.550751	0.220589	61
72.771339	0.069656	63
72.840996	0.371521	0
73.212517	0.127708	66
73.340225	0.510841	70
73.851067	0.220589	0
74.071655	0.267029	77
74.338684	0.162537	73
74.501221	0.429573	71
74.930794	0.232201	67
75.162994	0.162537	67
75.325531	0.487617	65
75.813148	0.267036	71
76.080185	0.174149	74
76.254333	0.255417	72
76.509750	0.208977	71
76.718727	0.197372	69
76.916100	0.104492	76
77.020592	0.162537	76
77.183128	0.174149	69
77.357277	0.208984	69
77.566261	0.371513	68
77.937775	0.719818	70
78.657593	0.267036	0
78.924629	0.185753	69
79.110382	0.208984	65
79.319366	0.441177	71
79.760544	0.441177	68
80.201721	0.197372	66
80.399094	0.255417	78
80.654510	0.208984	74
80.863495	0.162537	69
81.026031	0.290253	69
81.316284	0.197365	71
81.513649	0.557281	62
82.070930	0.104492	67
82.175423	0.232193	63
82.407616	0.208984	64
82.616600	0.208977	68
82.825577	0.429573	75
83.255150	0.162537	70
83.417686	0.441177	70
83.858864	0.290253	69
84.149117	0.197372	69
84.346489	0.220589	68
84.567078	0.255417	69
84.822495	0.197372	69
85.019867	0.208977	69
85.228844	0.650162	74
85.879005	0.208977	79
86.087982	0.429565	64
86.517548	0.464401	71
86.981949	0.208984	70
87.190933	0.429565	69
87.620499	0.174149	70
87.794647	0.267029	69
88.061676	0.220589	68
88.282265	0.441185	69
88.723450	0.429565	69
89.153015	0.232201	69
89.385216	0.081268	66
89.466484	0.545670	66
90.012154	0.429573	65
90.441727	0.406349	66
90.848076	0.441177	73
91.289253	0.359909	74
91.649162	0.359909	72
92.009071	0.150932	72
92.160004	0.487617	73
92.647621	0.243805	74
92.891426	0.104492	71
92.995918	0.325081	0
93.320999	0.197365	0
93.518364	0.243813	65
93.762177	0.197372	65
93.959549	0.394737	66
94.354286	0.452789	74
94.807076	0.359909	74
95.166985	0.499229	73
95.666214	0.487617	73
96.153831	0.348297	70
96.502129	0.522453	66
97.024582	0.429565	65
97.454147	0.406349	67
97.860497	0.452789	73
98.313286	0.359909	62
98.673195	0.325081	72
98.998276	0.162544	72
99.160820	0.487617	63
99.648438	0.243805	70
99.892242	0.092880	70
99.985123	0.534058	66
100.519180	0.429573	65
100.948753	0.232201	66
101.180954	0.185760	66
101.366714	0.441177	72
101.807892	0.336685	78
102.144577	0.510841	72
102.655418	0.499229	73
103.154648	0.429573	74
103.584221	0.441177	73
104.025398	0.429565	77
104.454964	0.243813	79
104.698776	0.197372	79
104.896149	0.441177	74
105.337326	0.429565	74
105.766891	0.243813	74
106.010704	0.197365	74
106.208069	0.429573	74
106.637642	0.441177	72
107.078819	0.441177	70
107.519997	0.243813	74
107.763809	0.197372	74
107.961182	0.429565	70
108.390747	0.441177	68
108.831924	0.429573	71
109.261497	0.441177	71
109.702675	0.441177	66
110.143852	0.429573	69
110.573425	0.441177	73
111.014603	0.429573	77
111.444176	0.452789	79
111.896965	0.429565	75
112.326530	0.441177	74
112.767708	0.441177	74
113.208885	0.429573	74
113.638458	0.441177	72
114.079636	0.429573	70
114.509209	0.243805	73
114.753014	0.197372	74
114.950386	0.232201	73
115.182587	0.208977	67
115.391563	0.429573	68
115.821136	0.232201	70
116.053337	0.208977	71
116.262314	0.232201	72
116.494514	0.650154	68
117.144669	0.220589	68
117.365257	0.208984	70
117.574242	0.220589	74
117.794830	0.220589	73
118.015419	0.220589	65
118.236008	0.638550	66
118.874557	0.452789	74
119.327347	0.220589	74
119.547935	0.208984	74
119.756920	0.243805	74
120.000725	0.208977	0
120.209702	0.429573	74
120.639275	0.278641	72
120.917915	0.545670	70
121.463585	0.046440	69
121.510025	0.232201	73
121.742226	0.127708	74
121.869934	0.325081	73
122.195015	0.058044	67
122.253059	0.139320	67
122.392380	0.197372	67
122.589752	0.232201	69
122.821953	0.232201	70
123.054153	0.208977	71
123.263130	0.232201	72
123.495331	0.232201	71
123.727531	0.406349	65
124.133881	0.232193	69
124.366074	0.208984	70
124.575058	0.220589	72
124.795647	0.208977	72
125.004623	0.220589	65
125.225212	0.220596	0
125.445808	0.441177	67
125.886986	0.441177	73
126.328163	0.232201	74
126.560364	0.197372	74
126.757736	0.174149	74
126.931885	0.150925	74
127.082809	0.336693	77
127.419502	0.046440	74
127.465942	0.162537	74
127.628479	0.232201	72
127.860680	0.220589	71
128.081268	0.220596	70
128.301865	0.208969	70
128.510834	0.174149	74
128.684982	0.267029	73
128.952011	0.208984	74
129.160995	0.232208	71
129.393204	0.104477	67
129.497681	0.127716	67
129.625397	0.197372	72
129.822769	0.429565	70
130.252335	0.232193	72
130.484528	0.220596	71
130.705124	0.429565	66
131.134689	0.243820	69
131.378510	0.127701	70
131.506210	0.301865	67
131.808075	0.197372	73
132.005447	0.232193	77
132.237640	0.615326	72
132.852966	0.267029	74
133.119995	0.162552	74
133.282547	0.034821	74
133.317368	0.220596	74
133.537964	0.104492	73
133.642456	0.336685	73
133.979141	0.650162	77
134.629303	0.243805	72
134.873108	0.429565	72
135.302673	0.197372	70
135.500046	0.476013	72
135.976059	0.208969	66
136.185028	0.174149	67
136.359177	0.208984	67
136.568161	0.243805	69
136.811966	0.313477	70
137.125443	0.417953	72
137.543396	0.580505	67
138.123901	0.243805	68
138.367706	0.139328	59
138.507034	0.278641	60
138.785675	0.220581	62
139.006256	0.243805	65
139.250061	0.185760	65
139.435822	0.406357	66
139.842178	0.476013	62
140.318192	0.232193	61
140.550385	0.092880	62
140.643265	0.301865	61
140.945129	0.127701	61
141.072830	0.348297	0
141.421127	0.208984	0
141.630112	0.359909	72
141.990021	0.290253	70
142.280273	0.220581	69
142.500854	0.220596	65
142.721451	0.220596	65
142.942047	0.592102	64
143.534149	0.313477	71
143.847626	1.288696	70
145.136322	0.290253	70
145.426575	0.568893	68
145.995468	0.429565	65
146.425034	0.383133	66
146.808167	0.452789	73
147.260956	0.348297	74
147.609253	0.383133	73
147.992386	0.162537	74
148.154922	0.476013	74
148.630936	0.325073	72
148.956009	0.534058	69
149.490067	0.441177	67
149.931244	0.406357	67
150.337601	0.441177	68
150.778778	0.348297	70
151.127075	0.557281	71
151.684357	0.441177	66
152.125534	0.348297	68
152.473831	0.522446	67
152.996277	0.441177	65
153.437454	0.394745	67
153.832199	0.441177	74
154.273376	0.348297	74
154.621674	0.557281	70
155.178955	0.452789	73
155.631744	0.325089	73
155.956833	0.116089	71
156.072922	0.417969	70
156.490891	0.441177	68
156.932068	0.383118	66
157.315186	0.452789	72
157.767975	0.371521	70
158.139496	0.545670	68
158.685165	2.507767	59
161.192932	5.703400	0
