0.255419	0.185760	0
0.441179	0.208980	0
0.650159	0.197370	0
0.847528	0.208980	0
1.056508	0.208980	0
1.265488	0.197370	69
1.462857	0.208980	69
1.671837	0.220590	67
1.892426	0.197370	0
2.089796	0.208980	0
2.298775	0.208980	0
2.507755	0.208980	0
2.716735	0.208980	0
2.925714	0.208980	0
3.134694	0.208980	0
3.343673	0.185760	68
3.529433	0.220590	69
3.750023	0.208980	0
3.959002	0.208979	0
4.167982	0.208980	0
4.376961	0.197370	0
4.574331	0.185760	0
4.760091	0.208980	0
4.969070	0.232199	0
5.201270	1.625397	0
6.826667	0.232199	76
7.058866	0.208980	0
7.267846	0.208980	0
7.476825	0.197370	0
7.674195	0.208980	0
7.883174	0.208980	0
8.092155	0.208980	0
8.301134	0.208980	0
8.510114	0.208980	0
8.719093	0.208980	0
8.928073	0.208980	0
9.137053	0.197370	0
9.334422	0.208980	84
9.543402	0.208980	0
9.752381	0.208980	0
9.961361	0.104489	0
10.065850	0.116100	65
10.181951	0.197370	65
10.379320	0.197370	0
10.576690	0.208980	0
10.785669	0.208980	0
10.994649	0.208980	0
11.203629	0.208980	0
11.412608	0.197370	0
11.609978	0.208980	0
11.818957	0.208980	0
12.027937	0.208980	0
12.236917	0.208980	0
12.445896	0.208980	0
12.654876	0.197370	0
12.852245	0.127709	0
12.979955	0.081270	0
13.061225	0.208980	0
13.270205	0.116099	0
13.386304	0.092879	76
13.479183	0.208980	76
13.688163	0.208980	0
13.897142	0.197371	0
14.094513	0.208979	0
14.303492	0.220590	76
14.524081	0.197370	76
14.721451	0.208980	0
14.930430	0.197370	74
15.127800	0.220590	74
15.348390	0.197370	74
15.545759	0.208980	74
15.754739	0.197370	0
15.952108	0.220591	0
16.172699	0.208979	0
16.381678	0.208981	0
16.590658	0.104488	0
16.695147	0.081270	69
16.776417	0.232201	69
17.008617	0.197369	69
17.205986	0.208981	0
17.414967	0.174149	0
17.589115	0.441179	67
18.030294	0.208981	0
18.239275	0.185759	69
18.425034	0.232201	69
18.657234	0.208979	69
18.866213	0.197371	0
19.063583	0.185759	0
19.249342	0.777868	71
20.027210	0.313471	69
20.340681	0.174149	69
20.514830	0.220591	79
20.735420	0.185759	79
20.921179	0.208981	0
21.130159	0.197369	0
21.327528	0.232201	0
21.559729	0.174149	0
21.733877	0.220591	0
21.954468	0.185759	0
22.140226	0.243811	74
22.384037	0.185759	0
22.569796	0.220591	0
22.790386	0.197369	0
22.987755	0.232201	71
23.219955	0.185759	0
23.405714	0.220591	0
23.626305	0.185759	0
23.812063	0.208981	0
24.021044	0.208979	0
24.230022	0.208981	53
24.439003	0.197369	53
24.636372	0.371519	73
25.007891	0.046440	0
25.054331	0.220591	0
25.274921	0.185759	0
25.460680	0.220591	0
25.681271	0.197369	0
25.878639	0.220591	0
26.099230	0.197369	0
26.296598	0.232201	70
26.528799	0.162539	0
26.691338	0.267029	0
26.958366	0.162540	0
27.120907	0.220591	0
27.341497	0.162539	0
27.504036	0.255421	0
27.759457	0.197369	0
27.956825	0.371519	76
28.328344	0.267031	0
28.595375	0.185759	74
28.781134	0.220591	74
29.001724	0.185759	0
29.187483	0.232201	0
29.419683	0.185759	0
29.605442	0.255419	76
29.860861	0.150930	65
30.011791	0.255419	65
30.267210	0.174150	74
30.441360	0.220591	74
30.661951	0.185759	0
30.847710	0.243809	0
31.091518	0.174150	0
31.265669	0.243809	0
31.509478	0.162540	0
31.672018	0.267029	72
31.939047	0.150930	0
32.089977	0.220589	0
32.310566	0.197372	0
32.507938	0.220589	0
32.728527	0.162540	63
32.891068	0.267029	64
33.158096	0.174149	64
33.332245	0.232201	67
33.564445	0.185757	67
33.750202	0.232201	67
33.982403	0.185760	67
34.168163	0.220589	52
34.388752	0.185760	67
34.574512	0.232201	67
34.806713	0.185757	64
34.992470	0.185760	64
35.178230	0.232201	64
35.410431	0.208981	67
35.619411	0.185760	0
35.805172	0.232197	52
36.037369	0.174152	57
36.211521	0.267029	63
36.478550	0.162537	62
36.641087	0.232201	62
36.873287	0.197369	62
37.070656	0.220592	53
37.291248	0.174149	0
37.465397	0.220589	53
37.685986	0.197369	53
37.883354	0.429569	60
38.312923	0.220592	60
38.533516	0.197369	60
38.730885	0.220589	73
38.951473	0.185760	71
39.137234	0.220589	53
39.357822	0.197369	52
39.555191	0.232201	54
39.787392	0.162540	0
39.949932	0.220589	63
40.170521	0.208981	64
40.379501	0.220589	64
40.600090	0.197369	64
40.797459	0.232201	67
41.029659	0.185760	66
41.215420	0.232201	64
41.447620	0.139317	0
41.586937	0.243813	71
41.830750	0.208977	70
42.039726	0.208981	67
42.248707	0.197369	66
42.446075	0.220592	65
42.666668	0.197369	0
42.864037	0.232201	64
43.096237	0.150928	0
43.247166	0.243809	66
43.490974	0.208981	65
43.699955	0.208981	65
43.908936	0.197369	65
44.106304	0.429569	68
44.535873	0.208981	65
44.744854	0.174149	70
44.919003	0.232201	72
45.151203	0.185757	72
45.336960	0.243813	71
45.580772	0.197369	69
45.778141	0.208981	67
45.987122	0.185757	67
46.172878	0.232201	62
46.405079	0.185760	0
46.590839	0.232201	64
46.823040	0.185757	67
47.008797	0.220592	67
47.229389	0.208977	67
47.438366	0.185760	67
47.624126	0.197369	57
47.821495	0.243813	67
48.065308	0.185757	66
48.251064	0.208981	64
48.460045	0.174149	64
48.634193	0.232201	64
48.866394	0.208981	64
49.075375	0.220589	64
49.295963	0.185760	57
49.481724	0.232201	64
49.713924	0.185757	64
49.899681	0.220592	62
50.120274	0.197369	62
50.317642	0.220589	62
50.538231	0.197369	62
50.735600	0.208981	62
50.944580	0.208981	62
51.153561	0.232201	63
51.385761	0.185757	59
51.571518	0.185760	60
51.757278	0.220589	60
51.977867	0.220592	74
52.198460	0.185757	0
52.384216	0.220592	0
52.604809	0.197369	0
52.802177	0.243809	0
53.045986	0.150928	0
53.196915	0.243813	64
53.440727	0.197369	64
53.638096	0.185760	64
53.823856	0.208977	0
54.032833	0.243813	67
54.276646	0.185757	65
54.462402	0.232201	63
54.694603	0.174149	0
54.868752	0.185760	51
55.054512	0.150928	70
55.205441	0.104492	71
55.309933	0.139320	71
55.449253	0.267029	66
55.716282	0.232201	65
55.948483	0.174149	64
56.122631	0.243809	63
56.366440	0.150928	65
56.517368	0.429569	65
56.946938	0.220592	65
57.167530	0.162537	65
57.330067	0.267033	69
57.597099	0.185757	68
57.782856	0.220592	64
58.003448	0.174149	68
58.177597	0.220589	72
58.398186	0.197369	72
58.595554	0.232201	69
58.827755	0.185760	69
59.013515	0.220589	67
59.234104	0.185760	66
59.419865	0.255421	62
59.675285	0.162537	0
59.837822	0.441181	63
60.279003	0.185760	64
60.464764	0.220589	65
60.685352	0.232197	66
60.917549	0.197372	63
61.114922	0.185760	63
61.300682	0.220589	52
61.521271	0.232197	67
61.753468	0.185760	59
61.939228	0.174152	59
62.113380	0.232197	62
62.345577	0.208981	64
62.554558	0.197369	69
62.751926	0.197372	69
62.949299	0.208977	0
63.158276	0.232201	76
63.390476	0.197369	73
63.587845	0.197372	64
63.785217	0.220589	66
64.005806	0.197372	67
64.203178	0.220589	67
64.423767	0.406349	69
64.830116	0.220589	70
65.050705	0.197365	67
65.248070	0.185760	67
65.433830	0.208984	67
65.642815	0.220589	67
65.863403	0.185760	71
66.049164	0.208977	74
66.258141	0.220589	77
66.478729	0.174149	74
66.652878	0.255424	67
66.908302	0.185753	67
67.094055	0.220596	70
67.314651	0.232193	70
67.546844	0.174156	67
67.721001	0.185760	67
67.906761	0.232193	64
68.138954	0.232201	63
68.371155	0.174149	63
68.545303	0.197372	63
68.742676	0.116096	64
68.858772	0.301865	72
69.160637	0.197365	72
69.358002	0.220589	71
69.578590	0.208984	62
69.787575	0.232201	64
70.019775	0.185760	64
70.205536	0.185753	64
70.391289	0.220596	66
70.611885	0.208977	67
70.820862	0.197372	66
71.018234	0.208977	67
71.227211	0.208977	69
71.436188	0.626938	68
72.063126	0.197372	67
72.260498	0.220589	65
72.481087	0.185760	64
72.666847	0.197372	0
72.864220	0.208977	0
73.073196	0.243813	64
73.317009	0.197365	65
73.514374	0.417961	65
73.932335	0.220589	69
74.152924	0.185760	69
74.338684	0.417961	69
74.756645	0.208977	69
74.965622	0.197372	69
75.162994	0.208977	69
75.371971	0.208984	69
75.580956	0.174149	69
75.755104	0.139320	69
75.894424	0.116096	69
76.010521	0.208977	69
76.219498	0.197372	69
76.416870	0.406349	69
76.823219	0.394737	69
77.217957	0.417961	69
77.635918	0.441177	69
78.077095	0.406349	69
78.483444	0.220589	0
78.704033	0.208984	0
78.913017	0.208977	57
79.121994	0.197372	0
79.319366	0.220589	0
79.539955	0.150932	57
79.690887	0.255417	63
79.946304	0.185760	65
80.132065	0.232201	65
80.364265	0.197365	67
80.561630	0.220589	69
80.782219	0.197372	69
80.979591	0.243813	69
81.223404	0.174149	69
81.397552	0.069656	69
81.467209	0.301865	69
81.769073	0.255417	69
82.024490	0.185760	69
82.210251	0.383125	69
82.593376	0.452789	69
83.046165	0.406349	69
83.452515	0.417961	69
83.870476	0.406349	69
84.276825	0.394737	69
84.671562	0.429573	66
85.101135	0.220589	76
85.321724	0.197372	0
85.519096	0.220589	72
85.739685	0.139320	0
85.879005	0.278633	64
86.157639	0.116104	67
86.273743	0.301857	67
86.575600	0.185760	67
86.761360	0.220589	75
86.981949	0.208984	57
87.190933	0.197365	0
87.388298	0.197372	0
87.585670	0.116096	0
87.701767	0.301865	64
88.003632	0.220589	64
88.224220	0.185760	63
88.409981	0.220589	0
88.630569	0.197365	0
88.827934	0.220589	56
89.048523	0.185760	57
89.234283	0.232201	63
89.466484	0.197372	62
89.663857	0.220589	62
89.884445	0.185760	62
90.070206	0.220589	62
90.290794	0.208977	62
90.499771	0.197372	62
90.697144	0.220589	62
90.917732	0.208977	63
91.126709	0.197372	60
91.324081	0.220589	60
91.544670	0.185760	68
91.730431	0.220589	71
91.951019	0.185760	53
92.136780	0.220589	0
92.357368	0.208984	0
92.566353	0.232193	70
92.798546	0.162544	0
92.961090	0.232201	64
93.193291	0.116096	64
93.309387	0.290253	63
93.599640	0.197365	63
93.797005	0.243813	67
94.040817	0.185760	67
94.226578	0.394737	64
94.621315	0.243813	70
94.865128	0.185760	0
95.050888	0.220589	67
95.271477	0.197365	66
95.468842	0.208984	64
95.677826	0.185760	64
95.863586	0.243805	64
96.107391	0.162544	69
96.269936	0.429565	65
96.699501	0.208977	65
96.908478	0.174156	65
97.082634	0.243805	69
97.326439	0.197372	69
97.523811	0.383125	65
97.906937	0.243813	72
98.150749	0.150932	72
98.301682	0.046440	69
98.348122	0.220589	69
98.568710	0.197365	69
98.766075	0.220589	67
98.986664	0.174156	67
99.160820	0.255417	62
99.416237	0.081268	67
99.497505	0.325081	65
99.822586	0.197365	67
100.019951	0.208984	66
100.228935	0.197365	56
100.426300	0.185760	0
100.612061	0.220596	64
100.832657	0.232193	66
101.064850	0.197372	64
101.262222	0.208977	64
101.471199	0.197372	64
101.668571	0.208977	0
101.877548	0.197372	0
102.074921	0.220589	0
102.295509	0.185760	0
102.481270	0.255417	63
102.736687	0.406349	62
103.143036	0.185760	62
103.328796	0.220589	62
103.549385	0.197372	53
103.746758	0.208977	0
103.955734	0.208984	65
104.164719	0.232201	63
104.396919	0.174149	53
104.571068	0.220589	53
104.791656	0.197365	60
104.989021	0.220596	70
105.209618	0.197365	60
105.406982	0.208984	53
105.615967	0.208977	52
105.824944	0.232201	51
106.057144	0.174149	0
106.231293	0.255417	64
106.486710	0.162544	64
106.649254	0.220589	64
106.869843	0.162537	64
107.032379	0.348305	67
107.380684	0.104485	0
107.485168	0.243813	64
107.728981	0.104485	64
107.833466	0.058052	0
107.891518	0.255424	71
108.146942	0.162537	73
108.309479	0.220589	66
108.530067	0.185760	66
108.715828	0.232201	65
108.948029	0.185760	64
109.133789	0.243805	64
109.377594	0.162544	65
109.540138	0.406349	80
109.946487	0.220589	65
110.167076	0.197365	65
110.364441	0.232201	69
110.596642	0.185760	67
110.782402	0.232201	64
111.014603	0.162537	71
111.177139	0.255424	72
111.432564	0.174149	72
111.606712	0.208977	73
111.815689	0.185760	68
112.001450	0.243813	67
112.245262	0.197365	67
112.442627	0.150932	67
112.593559	0.255417	63
112.848976	0.441185	63
113.290161	0.174149	64
113.464310	0.208977	65
113.673286	0.429573	65
114.102859	0.197365	63
114.300224	0.232201	64
114.532425	0.417961	60
114.950386	0.174149	60
115.124535	0.220589	62
115.345123	0.232201	67
115.577324	0.185760	69
115.763084	0.208977	72
115.972061	0.220589	62
116.192650	0.232201	64
116.424850	0.185760	64
116.610611	0.197372	64
116.807983	0.208977	66
117.016960	0.232201	67
117.249161	0.197372	66
117.446533	0.174149	69
117.620682	0.232201	69
117.852882	0.232201	73
118.085083	0.185753	78
118.270836	0.185760	77
118.456596	0.220589	67
118.677185	0.220596	67
118.897781	0.185753	67
119.083534	0.197372	67
119.280907	0.220589	67
119.501495	0.185760	78
119.687256	0.243813	67
119.931068	0.197365	67
120.128433	0.208984	69
120.337418	0.232201	70
120.569618	0.185753	67
120.755371	0.185760	67
120.941132	0.232201	64
121.173332	0.208984	63
121.382317	0.197365	63
121.579681	0.197372	63
121.777054	0.104485	65
121.881538	0.313477	72
122.195015	0.197365	72
122.392380	0.208984	72
122.601364	0.208977	63
122.810341	0.220589	64
123.030930	0.197372	64
123.228302	0.174149	66
123.402451	0.232201	66
123.634651	0.220589	67
123.855240	0.185760	66
124.041000	0.197365	67
124.238365	0.220589	69
124.458954	0.626945	67
125.085899	0.197365	67
125.283264	0.220589	69
125.503853	0.197372	72
125.701225	0.208977	76
125.910202	0.174149	66
126.084351	0.255424	64
126.339775	0.185760	65
126.525536	0.220589	77
126.746124	0.197365	0
126.943489	0.208984	69
127.152473	0.197365	69
127.349838	0.243813	69
127.593651	0.197372	69
127.791023	0.185760	69
127.976784	0.185753	69
128.162537	0.220596	69
128.383133	0.197372	69
128.580505	0.185760	69
128.766266	0.139313	69
128.905579	0.116104	69
129.021683	0.417953	69
129.439636	0.406357	69
129.845993	0.429565	69
130.275558	0.406342	69
130.681900	0.417969	69
131.099869	0.406342	69
131.506210	0.232208	76
131.738419	0.185760	0
131.924179	0.220581	0
132.144760	0.185760	0
132.330521	0.348297	0
132.678818	0.278641	63
132.957458	0.185760	65
133.143219	0.232193	65
133.375412	0.197372	67
133.572784	0.232208	69
133.804993	0.185760	69
133.990753	0.208969	69
134.199722	0.208984	69
134.408707	0.092880	69
134.501587	0.290253	69
134.791840	0.243805	69
135.035645	0.197372	69
135.233017	0.371521	69
135.604538	0.476013	69
136.080551	0.406342	69
136.486893	0.406357	69
136.893250	0.406342	69
137.299591	0.417953	69
137.717545	0.406357	69
138.123901	0.220581	73
138.344482	0.197372	64
138.541855	0.208984	0
138.750839	0.208984	52
138.959824	0.243805	64
139.203629	0.092880	54
139.296509	0.092880	0
139.389389	0.429565	59
139.818954	0.208984	60
140.027939	0.197372	58
140.225311	0.208969	60
140.434280	0.185760	60
140.620041	0.243820	57
140.863861	0.174149	57
141.038010	0.220581	59
141.258591	0.185760	60
141.444351	0.208984	60
141.653336	0.197372	57
141.850708	0.232193	55
142.082901	0.185760	59
142.268661	0.232193	59
142.500854	0.174164	56
142.675018	0.243805	56
142.918823	0.185760	55
143.104584	0.220581	57
143.325165	0.197372	65
143.522537	0.220596	69
143.743134	0.197372	70
143.940506	0.232193	66
144.172699	0.185760	77
144.358459	0.208984	76
144.567444	0.208969	0
144.776413	0.220596	78
144.997009	0.197372	79
145.194382	0.208969	68
145.403351	0.197372	0
145.600723	0.243805	65
145.844528	0.139328	65
145.983856	0.267029	62
146.250885	0.162537	59
146.413422	0.232208	77
146.645630	0.185760	79
146.831390	0.220581	0
147.051971	0.197372	0
147.249344	0.232193	76
147.481537	0.162552	76
147.644089	0.243805	0
147.887894	0.197372	74
148.085266	0.220581	73
148.305847	0.185760	0
148.491608	0.208984	0
148.700592	0.208984	75
148.909576	0.232193	75
149.141769	0.162537	0
149.304306	0.243805	0
149.548111	0.185760	0
149.733871	0.220596	74
149.954468	0.174149	66
150.128616	0.243805	67
150.372421	0.197372	67
150.569794	0.232208	72
150.802002	0.150925	72
150.952927	0.243805	0
151.196732	0.197372	0
151.394104	0.220596	74
151.614700	0.185760	74
151.800461	0.220581	73
152.021042	0.208984	74
152.230026	0.220581	75
152.450607	0.197372	70
152.647980	0.232208	60
152.880188	0.185760	63
153.065948	0.220581	64
153.286530	0.185760	64
153.472290	0.220596	61
153.692886	0.185760	60
153.878647	0.243805	60
154.122452	0.174149	60
154.296600	0.220581	64
154.517181	0.185760	61
154.702942	0.220596	64
154.923538	0.174149	64
155.097687	0.243805	59
155.341492	0.185760	62
155.527252	0.243820	65
155.771072	0.174149	62
155.945221	0.220581	72
156.165802	0.185760	72
156.351562	0.220596	72
156.572159	0.208969	72
156.781128	0.220596	72
157.001724	0.197372	72
157.199097	0.417953	71
157.617050	0.220596	69
157.837646	0.197372	68
158.035019	0.208969	77
158.243988	0.197372	75
158.441360	0.220596	72
158.661957	0.197357	72
158.859314	0.394745	66
159.254059	0.232193	57
159.486252	0.197372	67
159.683624	0.208984	67
159.892609	0.162537	0
160.055145	0.255417	0
160.310562	0.197372	72
160.507935	0.232208	74
160.740143	0.150925	76
160.891068	0.255417	0
161.146484	0.197372	0
161.343857	0.220581	74
161.564438	0.185760	0
161.750198	0.232208	0
161.982407	0.185760	71
162.168167	0.232193	71
162.400360	0.150940	71
162.551300	0.452774	71
163.004074	0.208984	69
163.213058	0.185760	69
163.398819	0.243805	69
163.642624	0.185760	69
163.828384	0.220596	72
164.048981	0.174149	72
164.223129	0.243805	72
164.466934	0.185760	72
164.652695	0.232208	72
164.884903	0.174149	70
165.059052	0.441177	70
165.500229	0.394730	71
165.894958	0.452789	66
166.347748	0.185760	65
166.533508	0.220596	65
166.754105	0.429565	65
167.183670	0.174149	63
167.357819	0.220596	0
167.578415	0.208984	60
167.787399	0.208969	60
167.996368	0.185760	60
168.182129	0.220596	61
168.402725	0.208969	73
168.611694	0.197372	69
168.809067	0.197372	69
169.006439	0.208984	64
169.215424	0.232193	64
169.447617	0.197372	64
169.644989	0.208984	64
169.853973	0.197357	66
170.051331	0.232208	67
170.283539	0.197372	67
170.480911	0.232193	68
170.713104	0.185760	69
170.898865	0.417953	68
171.316818	0.185760	67
171.502579	0.208984	67
171.711563	0.220596	68
171.932159	0.197357	67
172.129517	0.208984	67
172.338501	0.197372	57
172.535873	0.185760	67
172.721634	0.255417	67
172.977051	0.185760	67
173.162811	0.208984	70
173.371796	0.220581	70
173.592377	0.197372	67
173.789749	0.174149	67
173.963898	0.232208	64
174.196106	0.220581	64
174.416687	0.185760	64
174.602448	0.197372	63
174.799820	0.104492	63
174.904312	0.162537	72
175.066849	0.162537	72
175.229385	0.197372	72
175.426758	0.208984	72
175.635742	0.208969	64
175.844711	0.220596	76
176.065308	0.197372	0
176.262680	0.197372	66
176.460052	0.208969	66
176.669022	0.220596	67
176.889618	0.185760	67
177.075378	0.208969	67
177.284348	0.220596	69
177.504944	0.441177	69
177.946121	0.185760	67
178.131882	0.197372	67
178.329254	0.220581	67
178.549835	0.197372	67
178.747208	0.197372	0
178.944580	0.197372	0
179.141953	0.243805	64
179.385757	0.185760	65
179.571518	0.220596	65
179.792114	0.197357	68
179.989471	0.220596	69
180.210068	0.185760	69
180.395828	0.243805	69
180.639633	0.394745	69
181.034378	0.185760	69
181.220139	0.208984	69
181.429123	0.208969	69
181.638092	0.174149	69
181.812241	0.139328	69
181.951569	0.116089	69
182.067657	0.197372	69
182.265030	0.208984	69
182.474014	0.406342	69
182.880356	0.406357	69
183.286713	0.417953	69
183.704666	0.406357	69
184.111023	0.232193	69
184.343216	0.197372	0
184.540588	0.232208	57
184.772797	0.185745	57
184.958542	0.208984	57
185.167526	0.208984	63
185.376511	0.243805	77
185.620316	0.116104	0
185.736420	0.267029	64
186.003448	0.174149	65
186.177597	0.255417	65
186.433014	0.185760	0
186.618774	0.232208	69
186.850983	0.185745	69
187.036728	0.197372	69
187.234100	0.220596	69
187.454697	0.116104	69
187.570801	0.267029	69
187.837830	0.243805	69
188.081635	0.197372	69
188.279007	0.220581	69
188.499588	0.174149	69
188.673737	0.441177	69
189.114914	0.406357	69
189.521271	0.417953	69
189.939224	0.406357	69
190.345581	0.417953	69
190.763535	0.220596	68
190.984131	0.185760	74
191.169891	0.220581	74
191.390472	0.197372	0
191.587845	0.208984	0
191.796829	0.116089	74
191.912918	0.104492	74
192.017410	0.208984	74
192.226395	0.162537	0
192.388931	0.464401	69
192.853333	0.185760	64
193.039093	0.220596	65
193.259689	0.429565	65
193.689255	0.174149	63
193.863403	0.232193	63
194.095596	0.081268	65
194.176865	0.139328	66
194.316193	0.197372	60
194.513565	0.174149	61
194.687714	0.232193	61
194.919907	0.220596	69
195.140503	0.185760	72
195.326263	0.208969	72
195.535233	0.220596	68
195.755829	0.208984	64
195.964813	0.208969	64
196.173782	0.208984	64
196.382767	0.208984	65
196.591751	0.232193	67
196.823944	0.208984	67
197.032928	0.069656	71
197.102585	0.139313	70
197.241898	0.197372	69
197.439270	0.197372	67
197.636642	0.208984	66
197.845627	0.197372	67
198.042999	0.208969	67
198.251968	0.208984	67
198.460953	0.208984	67
198.669937	0.197357	72
198.867294	0.220596	74
199.087891	0.174149	67
199.262039	0.255417	67
199.517456	0.185760	67
199.703217	0.208984	69
199.912201	0.243805	70
200.156006	0.174149	67
200.330154	0.197372	67
200.527527	0.208984	64
200.736511	0.220581	63
200.957092	0.197372	64
201.154465	0.208984	63
201.363449	0.104492	65
201.467941	0.127701	76
201.595642	0.185760	72
201.781403	0.185760	72
201.967163	0.208984	67
202.176147	0.208984	62
202.385132	0.220581	64
202.605713	0.197372	64
202.803085	0.185760	66
202.988846	0.220581	66
203.209427	0.232208	67
203.441635	0.185760	67
203.627396	0.197372	67
203.824768	0.220581	69
204.045349	0.208984	68
204.254333	0.232193	67
204.486526	0.185760	67
204.672287	0.197372	67
204.869659	0.208984	65
205.078644	0.197372	62
205.276016	0.197357	76
205.473373	0.208984	71
205.682358	0.452789	70
206.135147	0.185760	64
206.320908	0.208984	65
206.529892	0.197357	66
206.727249	0.232208	64
206.959457	0.174149	66
207.133606	0.232193	71
207.365799	0.208984	60
207.574783	0.197372	59
207.772156	0.197372	61
207.969528	0.208969	64
208.178497	0.208984	76
208.387482	0.197372	72
208.584854	0.208984	61
208.793839	0.208969	62
209.002808	0.220596	64
209.223404	0.197372	64
209.420776	0.220581	64
209.641357	0.197372	66
209.838730	0.220596	67
210.059326	0.208969	67
210.268295	0.208984	66
210.477280	0.429565	69
210.906845	0.197372	66
211.104218	0.185760	67
211.289978	0.220596	67
211.510574	0.220581	71
211.731155	0.197372	76
211.928528	0.208984	76
212.137512	0.208969	77
212.346481	0.162537	72
212.509018	0.255432	67
212.764450	0.185760	67
212.950211	0.208969	69
213.159180	0.243820	69
213.403000	0.174149	67
213.577148	0.208969	67
213.786118	0.220596	64
214.006714	0.220581	63
214.227295	0.197372	63
214.424667	0.197372	62
214.622040	0.104492	64
214.726532	0.150925	71
214.877457	0.185760	71
215.063217	0.197372	71
215.260590	0.208984	73
215.469574	0.208969	67
215.678543	0.208984	64
215.887527	0.208984	63
216.096512	0.185760	64
216.282272	0.220581	66
216.502853	0.208984	67
216.711838	0.197372	66
216.909210	0.197372	63
217.106583	0.220581	69
217.327164	0.208984	71
217.536148	0.220581	67
217.756729	0.208984	67
217.965714	0.185760	67
218.151474	0.197372	71
218.348846	0.197372	58
218.546219	0.220581	66
218.766800	0.197372	70
218.964172	0.441177	65
219.405350	0.197372	64
219.602722	0.208984	65
219.811707	0.220581	66
220.032288	0.185760	64
220.218048	0.197372	63
220.415421	0.220581	69
220.636002	0.220596	52
220.856598	0.197372	59
221.053970	0.185760	60
221.239731	0.220581	61
221.460312	0.208984	68
221.669296	0.197372	69
221.866669	0.208984	60
222.075653	0.208969	64
222.284622	0.220596	64
222.505219	0.208969	64
222.714188	0.208984	64
222.923172	0.197372	66
223.120544	0.232193	67
223.352737	0.197372	67
223.550110	0.127716	67
223.677826	0.069656	68
223.747482	0.208984	69
223.956467	0.208969	69
224.165436	0.208984	66
224.374420	0.185760	67
224.560181	0.208984	67
224.769165	0.220581	67
224.989746	0.197372	67
225.187119	0.220596	75
225.407715	0.197357	70
225.605072	0.162552	60
225.767624	0.255417	67
226.023041	0.197372	67
226.220413	0.220581	69
226.440994	0.243820	69
226.684814	0.162537	67
226.847351	0.208969	67
227.056320	0.220596	65
227.276917	0.208984	63
227.485901	0.197357	63
227.683258	0.197372	63
227.880630	0.127716	64
228.008347	0.127701	64
228.136047	0.174164	71
228.310211	0.185745	72
228.495956	0.208984	0
228.704941	0.208984	66
228.913925	0.220581	64
229.134506	0.197372	64
229.331879	0.197372	64
229.529251	0.208984	66
229.738235	0.232193	67
229.970428	0.185760	67
230.156189	0.208984	67
230.365173	0.208969	69
230.574142	0.208984	69
230.783127	0.127716	67
230.910843	0.116089	67
231.026932	0.174164	67
231.201096	0.197357	67
231.398453	0.220596	65
231.619049	0.197372	55
231.816422	0.208969	55
232.025391	0.197372	53
232.222763	0.441177	63
232.663940	0.185760	64
232.849701	0.220596	65
233.070297	0.417953	65
233.488251	0.185760	63
233.674011	0.232208	52
233.906219	0.208969	52
234.115189	0.208984	60
234.324173	0.185760	60
234.509933	0.208984	63
234.718918	0.208969	64
234.927887	0.208984	69
235.136871	0.197372	60
235.334244	0.208969	63
235.543213	0.220596	64
235.763809	0.197372	64
235.961182	0.208984	64
236.170166	0.208969	66
236.379135	0.232208	67
236.611343	0.185760	67
236.797104	0.417953	69
237.215057	0.208984	70
237.424042	0.208969	66
237.633011	0.197372	66
237.830383	0.208984	67
238.039368	0.220581	66
238.259949	0.197372	55
238.457321	0.197372	74
238.654694	0.220596	75
238.875290	0.174149	60
239.049438	0.255417	67
239.304855	0.197372	68
239.502228	0.208969	69
239.711197	0.220596	70
239.931793	0.185760	67
240.117554	0.197372	67
240.314926	0.220581	64
240.535507	0.232208	64
240.767715	0.185760	63
240.953476	0.197357	63
241.150833	0.255432	67
241.406265	0.174149	71
241.580414	0.197357	72
241.777771	0.208984	74
241.986755	0.208984	0
242.195740	0.220581	0
242.416321	0.197372	0
242.613693	0.197372	65
242.811066	0.208984	66
243.020050	0.220581	67
243.240631	0.197372	67
243.438004	0.208984	67
243.646988	0.220581	69
243.867569	0.197372	71
244.064941	0.220596	0
244.285538	0.197357	0
244.482895	0.197372	0
244.680267	0.220596	0
244.900864	0.197372	0
245.098236	0.208969	0
245.307205	0.185760	0
245.492966	0.441177	0
245.934143	0.185760	0
246.119904	0.208984	0
246.328888	0.243805	0
246.572693	0.197372	0
246.770065	0.197372	0
246.967438	0.208984	0
247.176422	0.220581	0
247.397003	0.185760	0
247.582764	0.208984	0
247.791748	0.208984	0
248.000732	0.208969	0
248.209702	0.208984	0
248.418686	0.197372	0
248.616058	0.208969	0
248.825027	0.232208	0
249.057236	0.208984	0
249.266220	0.197357	0
249.463577	0.220596	0
249.684174	0.499222	0
250.183395	0.116104	0
250.299500	5.700500	0
