0.429569	0.185760	0
0.615329	0.383129	0
0.998458	0.197370	0
1.195828	0.197370	0
1.393197	0.197370	0
1.590567	0.185760	0
1.776327	0.197370	0
1.973696	0.174150	0
2.147846	0.394739	0
2.542585	0.197370	0
2.739955	0.185760	0
2.925714	0.197370	0
3.123084	0.185760	0
3.308844	0.197370	0
3.506213	0.185760	0
3.691973	0.232200	0
3.924172	0.116100	0
4.040272	0.046440	0
4.086712	0.185760	0
4.272471	0.197370	0
4.469841	0.197370	0
4.667211	0.185760	0
4.852971	0.174150	0
5.027120	0.255420	0
5.282540	0.325079	0
5.607619	0.220589	0
5.828208	0.325079	0
6.153288	0.417959	0
6.571247	0.197370	0
6.768617	0.116100	0
6.884717	0.255420	80
7.140136	0.220589	79
7.360725	0.150930	74
7.511655	0.232200	73
7.743855	0.174150	72
7.918005	0.220589	71
8.138594	0.185760	69
8.324354	0.197370	71
8.521724	0.185760	71
8.707483	0.127709	0
8.835193	0.092880	65
8.928073	0.162539	66
9.090612	0.139319	67
9.229932	0.267030	67
9.496962	0.185760	87
9.682721	0.197370	87
9.880091	0.185760	87
10.065850	0.185760	0
10.251610	0.220590	0
10.472199	0.185760	0
10.657959	0.185760	0
10.843719	0.185760	0
11.029478	0.208980	69
11.238458	0.383130	68
11.621588	0.197370	0
11.818957	0.197370	0
12.016327	0.185760	0
12.202086	0.185760	0
12.387846	0.208980	0
12.596826	0.185760	0
12.782585	0.348299	0
13.130884	0.232200	81
13.363084	0.208980	77
13.572063	0.185760	81
13.757823	0.197370	80
13.955193	0.162539	79
14.117732	0.220590	79
14.338322	0.185760	70
14.524081	0.197370	71
14.721451	0.197371	71
14.918821	0.185760	76
15.104581	0.185760	76
15.290340	0.150929	73
15.441270	0.046440	76
15.487710	0.185760	77
15.673470	0.197370	0
15.870839	0.208980	72
16.079819	0.185759	74
16.265577	0.185760	75
16.451338	0.208981	0
16.660318	0.185759	87
16.846077	0.185760	88
17.031837	0.197369	79
17.229206	0.220591	80
17.449797	0.034830	82
17.484627	0.336689	82
17.821316	0.185759	0
18.007074	0.185760	0
18.192835	0.197369	0
18.390203	0.197371	0
18.587574	0.185759	0
18.773333	0.208981	0
18.982313	0.174149	68
19.156462	0.208981	66
19.365442	0.185759	73
19.551201	0.116100	0
19.667301	0.278641	70
19.945942	0.185759	71
20.131701	0.185760	71
20.317461	0.220589	0
20.538050	0.197371	71
20.735420	0.174149	70
20.909569	0.185760	69
21.095329	0.208979	70
21.304308	0.185760	67
21.490068	0.150928	66
21.640997	0.243811	0
21.884808	0.162539	0
22.047346	0.232201	0
22.279547	0.185759	0
22.465305	0.185760	0
22.651066	0.208979	0
22.860044	0.174150	0
23.034195	0.197371	0
23.231565	0.174149	0
23.405714	0.232201	0
23.637915	0.185759	0
23.823673	0.185760	0
24.009434	0.197369	0
24.206802	0.174150	75
24.380953	0.197369	72
24.578321	0.208981	71
24.787302	0.185759	75
24.973061	0.150930	74
25.123991	0.255419	74
25.379410	0.104490	74
25.483900	0.069660	80
25.553560	0.185759	79
25.739319	0.220591	79
25.959909	0.174150	0
26.134060	0.197369	0
26.331429	0.197371	0
26.528799	0.197369	74
26.726168	0.197371	0
26.923538	0.185759	74
27.109297	0.185760	78
27.295057	0.185759	0
27.480816	0.220591	79
27.701406	0.174149	79
27.875555	0.208981	79
28.084536	0.197369	74
28.281904	0.197371	74
28.479275	0.162539	73
28.641813	0.208981	83
28.850794	0.185759	83
29.036552	0.208981	74
29.245533	0.174150	74
29.419683	0.197369	79
29.617052	0.174150	0
29.791203	0.417959	68
30.209162	0.081268	0
30.290430	0.116100	0
30.406530	0.081270	0
30.487801	0.383129	65
30.870930	0.139320	64
31.010250	0.150928	62
31.161179	0.185760	63
31.346939	0.208979	65
31.555918	0.197371	70
31.753288	0.208979	65
31.962267	0.197371	64
32.159637	0.185760	65
32.345398	0.197369	65
32.542767	0.383129	65
32.925896	0.150928	66
33.076824	0.232201	67
33.309025	0.197369	68
33.506393	0.174152	62
33.680546	0.383129	71
34.063675	0.394737	76
34.458412	0.197369	82
34.655781	0.174152	75
34.829933	0.232197	77
35.062130	0.174152	78
35.236282	0.197369	77
35.433651	0.197369	77
35.631020	0.383129	77
36.014149	0.162540	76
36.176689	0.208981	75
36.385670	0.197369	78
36.583038	0.197369	74
36.780407	0.162540	77
36.942947	0.232201	77
37.175148	0.197369	75
37.372517	0.185760	0
37.558277	0.243809	0
37.802086	0.336689	77
38.138775	0.197369	77
38.336143	0.197372	76
38.533516	0.185757	77
38.719273	0.394741	77
39.114014	0.162540	78
39.276554	0.220589	78
39.497143	0.174149	81
39.671291	0.208981	76
39.880272	0.208981	78
40.089252	0.185760	79
40.275013	0.197369	74
40.472382	0.116100	75
40.588482	0.348297	71
40.936779	0.301861	77
41.238640	0.197369	77
41.436008	0.197369	76
41.633377	0.185760	77
41.819138	0.394741	77
42.213879	0.162540	78
42.376419	0.220589	78
42.597008	0.185760	77
42.782768	0.197369	76
42.980137	0.220589	77
43.200726	0.139320	78
43.340046	0.429569	79
43.769615	0.185760	80
43.955376	0.092876	79
44.048252	0.301861	77
44.350113	0.185760	78
44.535873	0.394737	76
44.930611	0.545670	76
45.476280	0.220589	74
45.696869	0.197372	74
45.894241	0.150928	75
46.045170	0.255421	77
46.300591	0.174149	76
46.474739	0.371521	75
46.846260	0.348297	71
47.194557	0.243809	74
47.438366	0.197372	74
47.635738	0.185757	74
47.821495	0.197372	74
48.018867	0.208977	75
48.227844	0.174152	75
48.401997	0.174149	75
48.576145	0.220589	76
48.796734	0.197369	75
48.994102	0.185760	77
49.179863	0.208981	77
49.388844	0.185760	76
49.574604	0.208981	75
49.783585	0.139317	76
49.922901	0.394741	71
50.317642	0.220589	74
50.538231	0.092880	74
50.631111	0.104488	0
50.735600	0.197372	73
50.932972	0.174149	74
51.107121	0.383129	75
51.490250	0.185760	75
51.676010	0.208977	75
51.884987	0.197372	74
52.082359	0.185760	74
52.268120	0.185757	75
52.453876	0.208981	75
52.662857	0.185760	74
52.848618	0.197369	75
53.045986	0.371521	78
53.417507	0.371517	77
53.789024	0.232201	74
54.021225	0.174149	74
54.195374	0.208981	0
54.404354	0.185760	0
54.590115	0.208977	0
54.799091	0.174152	71
54.973244	0.162540	78
55.135784	0.220589	67
55.356373	0.197369	66
55.553741	0.185760	67
55.739502	0.197369	64
55.936871	0.197369	65
56.134239	0.371521	69
56.505760	0.220589	76
56.726349	0.185760	64
56.912109	0.174149	64
57.086258	0.197369	65
57.283627	0.406349	58
57.689976	0.383129	66
58.073105	0.220592	66
58.293697	0.174149	66
58.467846	0.197369	67
58.665215	0.185760	74
58.850975	0.208981	74
59.059956	0.174149	0
59.234104	0.313469	0
59.547573	0.464401	65
60.011974	0.174149	65
60.186123	0.208981	65
60.395103	0.394737	65
60.789841	0.208981	65
60.998821	0.116100	65
61.114922	0.046440	65
61.161362	0.208977	65
61.370338	0.197372	65
61.567711	0.220589	63
61.788300	0.104488	59
61.892788	0.255421	72
62.148209	0.116100	71
62.264309	0.267029	64
62.531338	0.116100	0
62.647438	0.092880	71
62.740318	0.197369	72
62.937687	0.174149	62
63.111835	0.185760	60
63.297596	0.197369	59
63.494965	0.208981	75
63.703945	0.185760	65
63.889706	0.104488	65
63.994194	0.278641	65
64.272835	0.220589	65
64.493423	0.174149	65
64.667572	0.197372	65
64.864944	0.197365	65
65.062309	0.371521	67
65.433830	0.394745	67
65.828575	0.383125	68
66.211700	0.208977	67
66.420677	0.081276	68
66.501953	0.476006	77
66.977959	0.394737	67
67.372696	0.371521	67
67.744217	0.220589	67
67.964806	0.162544	67
68.127350	0.417953	70
68.545303	0.359909	74
68.905212	0.417961	73
69.323174	0.394737	69
69.717911	0.731430	72
70.449341	0.452789	0
70.902130	0.336693	0
71.238823	0.220589	0
71.459412	0.197365	66
71.656776	0.208984	66
71.865761	0.208977	64
72.074738	0.150932	63
72.225670	0.150932	63
72.376602	0.232193	64
72.608795	0.185760	66
72.794556	0.197372	65
72.991928	0.197372	0
73.189301	0.383125	65
73.572426	0.359909	65
73.932335	0.197372	67
74.129707	0.220589	67
74.350296	0.208977	67
74.559273	0.162544	63
74.721817	0.197365	65
74.919182	0.197372	64
75.116554	0.359909	63
75.476463	0.197372	64
75.673836	0.208977	77
75.882812	0.383125	65
76.265938	0.208984	64
76.474922	0.185760	65
76.660683	0.406349	65
77.067032	0.162537	64
77.229568	0.197372	74
77.426941	0.208977	70
77.635918	0.174149	63
77.810066	0.162544	65
77.972610	0.232193	64
78.204803	0.208984	62
78.413788	0.174149	63
78.587936	0.197372	64
78.785309	0.081268	64
78.866577	0.313469	65
79.180046	0.197372	64
79.377419	0.185753	64
79.563171	0.197372	65
79.760544	0.383133	65
80.143677	0.394737	66
80.538414	0.197365	73
80.735779	0.185760	77
80.921539	0.394745	79
81.316284	0.220589	74
81.536873	0.116096	74
81.652969	0.336693	76
81.989662	0.301857	76
82.291519	0.185760	76
82.477280	0.185760	76
82.663040	0.197365	76
82.860405	0.383133	77
83.243538	0.174149	79
83.417686	0.208977	85
83.626663	0.197372	75
83.824036	0.150932	76
83.974968	0.255417	80
84.230385	0.139320	77
84.369705	0.417961	75
84.787666	0.301857	81
85.089523	0.301857	79
85.391380	0.174156	79
85.565536	0.208977	77
85.774513	0.185760	76
85.960274	0.383125	80
86.343399	0.150932	79
86.494331	0.232201	79
86.726532	0.208977	74
86.935509	0.174149	74
87.109657	0.220589	77
87.330246	0.185760	77
87.516006	0.359909	75
87.875916	0.348305	74
88.224220	0.452789	75
88.677010	0.185760	75
88.862770	0.197365	75
89.060135	0.383133	75
89.443268	0.162537	75
89.605804	0.220589	76
89.826393	0.208984	76
90.035378	0.185753	0
90.221130	0.383133	76
90.604263	0.394737	76
90.999001	0.371521	75
91.370522	0.208977	72
91.579498	0.081276	75
91.660774	0.127708	75
91.788483	0.359909	74
92.148392	0.371521	75
92.519913	0.174149	74
92.694061	0.208977	75
92.903038	0.220589	74
93.123627	0.185760	74
93.309387	0.185760	75
93.495148	0.232201	74
93.727348	0.359909	67
94.087257	0.371521	61
94.458778	0.208977	61
94.667755	0.174149	59
94.841904	0.197372	58
95.039276	0.197365	57
95.236641	0.232201	58
95.468842	0.150932	59
95.619774	0.208977	59
95.828751	0.185760	60
96.014511	0.162544	60
96.177055	0.127708	0
96.304764	0.301857	54
96.606621	0.185760	54
96.792381	0.197372	54
96.989754	0.185753	58
97.175507	0.197372	67
97.372879	0.185760	66
97.558640	0.232201	66
97.790840	0.162537	67
97.953377	0.197372	66
98.150749	0.197372	67
98.348122	0.220589	67
98.568710	0.162537	66
98.731247	0.197372	66
98.928619	0.185760	67
99.114380	0.383125	67
99.497505	0.197372	67
99.694878	0.197365	67
99.892242	0.371521	62
100.263763	0.197372	63
100.461136	0.197365	63
100.658501	0.197372	72
100.855873	0.197372	74
101.053246	0.185760	72
101.239006	0.197365	71
101.436371	0.394737	62
101.831108	0.185760	63
102.016869	0.185760	63
102.202629	0.232201	66
102.434830	0.162537	72
102.597366	0.197372	65
102.794739	0.197372	63
102.992111	0.383125	77
103.375237	0.197372	77
103.572609	0.139320	77
103.711929	0.267029	78
103.978958	0.174149	77
104.153107	0.208977	76
104.362083	0.185760	76
104.547844	0.220589	77
104.768433	0.162544	77
104.930977	0.383125	77
105.314102	0.394745	77
105.708847	0.174149	76
105.882996	0.197365	80
106.080360	0.220589	82
106.300949	0.174156	79
106.475105	0.406349	73
106.881454	0.197365	78
107.078819	0.185760	79
107.264580	0.197372	79
107.461952	0.174149	79
107.636101	0.220589	77
107.856689	0.174149	78
108.030838	0.185760	79
108.216599	0.185760	77
108.402359	0.208977	79
108.611336	0.174149	79
108.785484	0.208984	73
108.994469	0.174149	67
109.168617	0.394737	67
109.563354	0.208984	71
109.772339	0.174149	69
109.946487	0.197365	69
110.143852	0.185760	70
110.329613	0.394737	67
110.724350	0.197372	74
110.921722	0.185760	74
111.107483	0.197372	71
111.304855	0.197365	65
111.502220	0.197372	66
111.699593	0.185760	67
111.885353	0.185760	68
112.071114	0.185760	68
112.256874	0.394737	67
112.651611	0.394737	68
113.046349	0.197372	67
113.243721	0.197365	69
113.441086	0.197372	69
113.638458	0.185760	70
113.824219	0.197365	69
114.021584	0.197372	71
114.218956	0.185760	70
114.404716	0.197372	70
114.602089	0.208977	70
114.811066	0.174149	70
114.985214	0.197372	68
115.182587	0.197365	67
115.379951	0.383133	67
115.763084	0.197372	70
115.960457	0.185753	74
116.146210	0.208984	74
116.355194	0.185760	73
116.540955	0.208977	68
116.749931	0.174149	67
116.924080	0.208984	72
117.133064	0.197365	67
117.330429	0.185760	67
117.516190	0.185760	71
117.701950	0.208977	68
117.910927	0.185760	69
118.096687	0.185760	70
118.282448	0.197372	70
118.479820	0.383125	70
118.862946	0.348305	70
119.211250	0.336685	64
119.547935	0.301857	62
119.849792	0.104492	0
119.954285	0.255417	0
120.209702	0.127716	0
120.337418	0.104485	0
120.441902	0.127716	0
120.569618	0.150925	0
120.720543	0.069664	0
120.790207	0.185760	0
120.975967	0.208977	0
121.184944	0.185760	0
121.370705	0.185760	0
121.556465	0.185760	0
121.742226	0.197365	0
121.939590	0.406349	0
122.345940	0.174149	0
122.520088	0.208984	0
122.729073	0.185760	0
122.914833	0.174149	0
123.088982	0.208977	0
123.297958	0.174149	0
123.472107	0.092880	0
123.564987	0.313469	0
123.878456	0.174149	0
124.052605	0.232201	0
124.284805	0.185760	0
124.470566	0.197372	0
124.667938	0.174149	0
124.842087	0.162537	0
125.004623	0.243813	0
125.248436	0.150932	0
125.399368	0.371513	73
125.770882	0.278641	74
126.049522	0.174149	73
126.223671	0.162544	72
126.386215	0.232201	0
126.618416	0.185753	69
126.804169	0.116104	70
126.920273	0.081268	71
127.001541	0.371521	71
127.373062	0.197372	72
127.570435	0.197365	72
127.767799	0.150932	0
127.918732	0.150925	0
128.069656	0.313477	0
128.383133	0.116089	0
128.499222	0.232208	0
128.731430	0.557281	65
129.288712	0.208969	63
129.497681	0.185760	63
129.683441	0.801086	65
130.484528	0.197372	65
130.681900	0.185760	65
130.867661	0.220596	65
131.088257	0.162537	66
131.250793	0.162537	66
131.413330	0.220596	67
131.633926	0.197372	76
131.831299	0.174149	63
132.005447	0.383118	65
132.388565	0.220596	63
132.609161	0.162537	63
132.771698	0.208984	65
132.980682	0.185760	60
133.166443	0.208969	66
133.375412	0.197372	66
133.572784	0.197372	64
133.770157	0.197372	65
133.967529	0.383133	65
134.350662	0.150925	64
134.501587	0.220596	66
134.722183	0.197357	67
134.919540	0.185760	63
135.105301	0.162552	68
135.267853	0.232193	66
135.500046	0.371521	63
135.871567	0.197372	64
136.068939	0.092880	64
136.161819	0.301849	58
136.463669	0.197372	64
136.661041	0.208984	64
136.870026	0.174149	65
137.044174	0.394745	65
137.438919	0.383118	66
137.822037	0.185760	69
138.007797	0.197372	72
138.205170	0.220596	72
138.425766	0.197357	72
138.623123	0.197372	75
138.820496	0.116104	75
138.936600	0.348297	76
139.284897	0.301865	76
139.586761	0.185760	77
139.772522	0.197357	77
139.969879	0.185760	77
140.155640	0.383133	77
140.538773	0.371521	78
140.910294	0.208984	76
141.119278	0.162537	76
141.281815	0.255417	77
141.537231	0.127716	76
141.664948	0.429565	76
142.094513	0.290253	74
142.384766	0.475998	68
142.860764	0.394745	65
143.255508	0.371521	65
143.627029	0.185760	63
143.812790	0.208984	64
144.021774	0.208969	74
144.230743	0.127716	74
144.358459	0.243805	66
144.602264	0.127716	65
144.729980	0.441177	75
145.171158	0.208984	72
145.380142	0.127701	72
145.507843	0.452789	74
145.960632	0.208984	74
146.169617	0.174149	74
146.343765	0.394745	74
146.738510	0.150925	75
146.889435	0.220581	76
147.110016	0.208984	76
147.319000	0.197372	77
147.516373	0.394745	77
147.911118	0.174149	70
148.085266	0.208969	69
148.294235	0.174149	69
148.468384	0.127716	74
148.596100	0.278641	80
148.874741	0.197372	79
149.072113	0.197372	70
149.269485	0.174149	75
149.443634	0.208969	74
149.652603	0.336700	74
149.989304	0.220581	75
150.209885	0.197372	74
150.407257	0.208984	75
150.616241	0.197357	75
150.813599	0.568893	73
151.382492	0.383133	69
151.765625	0.208984	66
151.974609	0.150925	70
152.125534	0.220581	67
152.346115	0.150940	67
152.497055	0.429565	71
152.926620	0.174149	67
153.100769	0.185760	67
153.286530	0.220596	67
153.507126	0.383118	67
153.890244	0.127716	62
154.017960	0.452789	66
154.470749	0.197372	73
154.668121	0.185760	76
154.853882	0.220581	74
155.074463	0.139328	72
155.213791	0.243805	79
155.457596	0.150925	78
155.608521	0.417969	74
156.026489	0.208969	75
156.235458	0.150940	74
156.386398	0.232193	75
156.618591	0.174149	69
156.792740	0.197372	74
156.990112	0.162537	74
157.152649	0.232208	74
157.384857	0.185760	73
157.570618	0.220581	74
157.791199	0.174149	74
157.965347	0.208984	71
158.174332	0.150925	70
158.325256	0.394745	69
158.720001	0.232193	73
158.952194	0.174149	74
159.126343	0.348312	73
159.474655	0.417953	72
159.892609	0.197372	74
160.089981	0.185760	76
160.275742	0.394730	75
160.670471	0.371521	74
161.041992	0.220596	74
161.262589	0.185760	75
161.448349	0.185760	75
161.634109	0.185760	74
161.819870	0.208969	75
162.028839	0.174149	74
162.202988	0.383133	78
162.586121	0.208984	79
162.795105	0.777863	77
163.572968	0.185760	79
163.758728	0.208984	79
163.967712	0.185760	78
164.153473	0.208969	76
164.362442	0.150940	76
164.513382	0.220581	77
164.733963	0.162552	77
164.896515	0.255417	77
165.151932	0.162537	77
165.314468	0.371521	78
165.685989	0.220581	78
165.906570	0.174149	79
166.080719	0.394745	78
166.475464	0.371521	79
166.846985	0.208984	78
167.055969	0.185760	79
167.241730	0.371506	75
167.613235	0.220596	75
167.833832	0.150925	74
167.984756	0.429581	72
168.414337	0.359909	71
168.774246	0.232193	71
169.006439	0.371521	71
169.377960	0.139313	71
169.517273	0.417969	72
169.935242	0.208969	64
170.144211	0.185760	73
170.329971	0.208984	69
170.538956	0.150925	70
170.689880	0.243820	71
170.933701	0.116089	75
171.049789	0.267029	74
171.316818	0.197372	74
171.514191	0.313477	65
171.827667	0.069656	67
171.897324	0.162537	67
172.059860	0.243820	71
172.303680	0.383118	72
172.686798	0.197372	74
172.884171	0.162537	77
173.046707	0.394745	75
173.441452	0.208984	78
173.650436	0.185760	77
173.836197	0.197357	77
174.033554	0.185760	74
174.219315	0.394745	75
174.614059	0.185760	75
174.799820	0.197372	75
174.997192	0.197372	75
175.194565	0.185745	75
175.380310	0.174164	74
175.554474	0.208969	76
175.763443	0.383133	78
176.146576	3.289597	75
