0.290249	1.520907	0
1.811157	1.555737	0
3.366894	1.381587	0
4.748481	0.162539	0
4.911020	0.185760	0
5.096780	0.394740	0
5.491519	0.185760	0
5.677279	0.824308	0
6.501587	0.046440	0
6.548027	0.243810	0
6.791837	0.452789	62
7.244626	0.150929	63
7.395555	0.394739	62
7.790295	0.185760	60
7.976054	0.092880	59
8.068934	0.174150	59
8.243084	0.383129	60
8.626213	0.162539	55
8.788753	0.394739	55
9.183492	0.208980	54
9.392471	0.185760	53
9.578231	0.162540	53
9.740771	0.394739	51
10.135510	0.034830	52
10.170341	0.185760	53
10.356100	0.150929	54
10.507030	0.162539	54
10.669569	0.278640	52
10.948209	0.232200	58
11.180408	0.336689	55
11.517097	0.801088	56
12.318186	0.069660	56
12.387846	0.255420	0
12.643266	0.336689	0
12.979955	0.476009	62
13.455964	0.197370	62
13.653334	0.174150	62
13.827483	0.127709	61
13.955193	0.243810	0
14.199002	0.243810	59
14.442812	0.162539	61
14.605351	0.348299	54
14.953650	0.313470	56
15.267120	0.104489	0
15.371610	0.383129	54
15.754739	0.278640	53
16.033379	0.313469	52
16.346848	0.371519	54
16.718367	0.185760	0
16.904127	0.220589	0
17.124716	0.197371	0
17.322086	0.719818	56
18.041904	0.104490	56
18.146395	0.197369	56
18.343763	0.116100	55
18.459864	0.394739	0
18.854603	0.162540	54
19.017143	0.348299	55
19.365442	0.139320	58
19.504763	0.383129	59
19.887892	0.267029	60
20.154921	0.174150	63
20.329071	0.301859	61
20.630930	0.348299	59
20.979229	0.208981	58
21.188210	0.232199	54
21.420408	0.116100	52
21.536509	0.603718	58
22.140226	0.336689	57
22.476915	0.371519	56
22.848434	0.069660	55
22.918095	0.220591	55
23.138685	0.139318	55
23.278004	0.928799	53
24.206802	0.232201	53
24.439003	0.220589	50
24.659592	0.301859	0
24.961451	0.290251	67
25.251701	0.557278	57
25.808979	0.371519	57
26.180498	0.406349	57
26.586847	0.208981	56
26.795828	0.185759	58
26.981586	0.371521	57
27.353107	0.301859	56
27.654966	0.243809	56
27.898775	0.232201	55
28.130976	0.220589	68
28.351564	0.162540	59
28.514105	0.325079	56
28.839184	0.464399	56
29.303583	0.208979	57
29.512562	0.162540	59
29.675102	0.336689	57
30.011791	0.278639	0
30.290430	0.092880	0
30.383310	0.267031	66
30.650341	0.197369	65
30.847710	0.092880	63
30.940590	0.092880	64
31.033470	0.185759	63
31.219229	0.092880	65
31.312109	0.081270	65
31.393379	0.243809	63
31.637188	1.160999	66
32.798187	0.139317	67
32.937504	0.243813	68
33.181316	0.348297	77
33.529613	0.197372	0
33.726986	0.127708	0
33.854694	0.267029	0
34.121723	0.139320	0
34.261044	0.069660	75
34.330704	0.197369	66
34.528072	0.406349	77
34.934422	0.162540	79
35.096962	0.232201	78
35.329163	0.104488	78
35.433651	0.162540	78
35.596191	0.197369	77
35.793560	0.092880	77
35.886440	0.104488	78
35.990929	0.174152	78
36.165081	0.348297	80
36.513378	0.174149	64
36.687527	0.150932	66
36.838459	0.557278	69
37.395737	0.243809	75
37.639545	1.021679	78
38.661224	0.220589	78
38.881813	0.127712	78
39.009525	0.185757	79
39.195282	0.150932	79
39.346214	0.058048	80
39.404263	0.174149	80
39.578411	0.046440	80
39.624851	0.267033	81
39.891884	0.220589	81
40.112473	0.232197	76
40.344669	0.092880	76
40.437550	0.359909	82
40.797459	1.462860	75
42.260319	0.325077	73
42.585396	0.092880	0
42.678276	0.092880	0
42.771156	0.069660	0
42.840816	0.255421	65
43.096237	0.081268	63
43.177505	0.406349	76
43.583855	0.058048	0
43.641903	0.197372	71
43.839275	1.358368	70
45.197643	0.116096	73
45.313740	0.174152	75
45.487892	0.301857	75
45.789749	0.081272	76
45.871021	0.313469	69
46.184490	0.069660	65
46.254150	0.278637	64
46.532787	0.174152	64
46.706940	0.278637	84
46.985577	1.451248	74
48.436825	0.313469	81
48.750294	0.092880	67
48.843174	0.208981	65
49.052155	0.197369	79
49.249523	0.185760	78
49.435284	0.139320	78
49.574604	0.197369	79
49.771973	0.278641	79
50.050613	0.325077	77
50.375690	0.069660	0
50.445351	0.150932	0
50.596283	0.789478	82
51.385761	0.348297	78
51.734058	0.197369	78
51.931427	0.313473	78
52.244900	0.208977	77
52.453876	0.104492	76
52.558369	0.336689	0
52.895058	0.336689	0
53.231747	0.255421	62
53.487167	0.185757	63
53.672924	0.220592	62
53.893517	0.162537	62
54.056053	0.116100	60
54.172153	0.058052	0
54.230206	0.243809	59
54.474014	0.208981	58
54.682995	0.127708	59
54.810703	0.197369	60
55.008072	0.255421	54
55.263493	0.208981	55
55.472473	0.174149	55
55.646622	0.174149	54
55.820770	0.208981	0
56.029751	0.220589	53
56.250340	0.336689	51
56.587029	0.499229	53
57.086258	0.092880	53
57.179138	0.394741	59
57.573879	0.777866	55
58.351746	0.452789	56
58.804535	0.313469	0
59.118004	0.325081	0
59.443085	0.359909	66
59.802994	0.069660	65
59.872654	0.104488	67
59.977142	0.301861	66
60.279003	0.197369	67
60.476372	0.162540	66
60.638912	0.255421	66
60.894333	0.185757	66
61.080090	0.139320	68
61.219410	0.290249	66
61.509659	0.174152	60
61.683811	0.255417	61
61.939228	0.092880	60
62.032108	0.383129	63
62.415237	0.371521	0
62.786758	0.058048	0
62.844807	0.127708	75
62.972515	0.116100	0
63.088615	0.139320	0
63.227936	0.139320	73
63.367256	0.162540	73
63.529797	0.313469	71
63.843266	0.429569	80
64.272835	0.104492	78
64.377327	0.197365	75
64.574692	0.185760	68
64.760452	0.058052	67
64.818504	0.174149	67
64.992653	0.290253	67
65.282906	0.197365	68
65.480270	0.127708	68
65.607979	0.208984	72
65.816963	0.301857	70
66.118820	0.348297	68
66.467117	0.754654	68
67.221771	0.185760	68
67.407532	0.162537	68
67.570068	0.348297	56
67.918365	0.267029	73
68.185394	0.220589	67
68.405983	0.208984	69
68.614967	0.150925	0
68.765892	0.325081	56
69.090973	0.487617	56
69.578590	0.150932	57
69.729523	0.174149	55
69.903671	0.336693	78
70.240364	0.522446	59
70.762810	0.325081	57
71.087891	0.220589	0
71.308479	0.104492	0
71.412971	0.139320	65
71.552292	0.139320	66
71.691612	0.185760	65
71.877373	0.092880	63
71.970253	0.092873	64
72.063126	0.197372	63
72.260498	0.081268	65
72.341766	0.081276	65
72.423042	0.243805	63
72.666847	1.160995	66
73.827843	0.139320	67
73.967163	0.243813	68
74.210976	0.348297	68
74.559273	0.197372	66
74.756645	0.127708	66
74.884354	0.267029	63
75.151382	0.139320	64
75.290703	0.069656	63
75.360359	0.197372	65
75.557732	0.406349	70
75.964081	0.162544	66
76.126625	0.243805	65
76.370430	0.092880	66
76.463310	0.162537	66
76.625847	0.394745	65
77.020592	0.174149	66
77.194740	0.348297	78
77.543037	0.174149	64
77.717186	0.150932	65
77.868118	0.557281	71
78.425400	0.243805	75
78.669205	1.381592	78
80.050797	0.185760	79
80.236557	0.139313	79
80.375870	0.058052	80
80.433922	0.092880	79
80.526802	0.139320	80
80.666122	0.127708	82
80.793831	0.116104	82
80.909935	0.232193	81
81.142128	0.220596	76
81.362724	0.104485	76
81.467209	0.359909	81
81.827118	1.149391	82
82.976509	0.150932	86
83.127441	0.162537	84
83.289978	0.325081	75
83.615059	0.092880	0
83.707939	0.092880	0
83.800819	0.313469	74
84.114288	0.092880	66
84.207169	0.417953	76
84.625122	0.046440	0
84.671562	0.174149	70
84.845711	1.381592	67
86.227303	0.116096	59
86.343399	0.174149	0
86.517548	0.301865	64
86.819412	0.092880	63
86.912292	0.301857	67
87.214149	0.069656	65
87.283806	0.278641	64
87.562447	0.185760	62
87.748207	0.278641	65
88.026848	1.671837	65
89.698685	0.081268	82
89.779953	0.139320	82
89.919273	0.127708	0
90.046982	0.267029	75
90.314011	0.325081	65
90.639091	0.255424	65
90.894516	0.255417	70
91.149933	0.394737	79
91.544670	0.406349	76
91.951019	0.174149	76
92.125168	1.033287	82
93.158455	0.232201	83
93.390656	0.208984	83
93.599640	0.174149	80
93.773788	0.174149	79
93.947937	0.174149	77
94.122086	0.220589	80
94.342674	0.162544	80
94.505219	0.046440	79
94.551659	0.034828	0
94.586487	0.104485	0
94.690971	0.290253	76
94.981224	0.034828	75
95.016052	0.278641	77
95.294693	0.208977	68
95.503670	0.162544	68
95.666214	0.046440	66
95.712654	0.116096	65
95.828751	0.243813	76
96.072563	0.301857	76
96.374420	0.150932	74
96.525352	0.429565	81
96.954918	0.069664	76
97.024582	0.185760	76
97.210342	0.232201	68
97.442543	0.220589	75
97.663132	0.127708	0
97.790840	0.301857	76
98.092697	0.290253	76
98.382950	0.220589	67
98.603539	0.162537	68
98.766075	0.162544	66
98.928619	0.464394	75
99.393013	0.139320	71
99.532333	0.301865	78
99.834198	0.267029	76
100.101227	0.220589	71
100.321815	0.208977	67
100.530792	0.185760	75
100.716553	0.162537	66
100.879089	0.220596	76
101.099686	0.116096	75
101.215782	0.255417	75
101.471199	0.220589	67
101.691788	0.162544	68
101.854332	0.185760	70
102.040092	0.406349	75
102.446442	0.383125	77
102.829567	0.034836	78
102.864403	1.265480	75
104.129883	0.325081	68
104.454964	0.464401	68
104.919365	0.092880	74
105.012245	0.220589	0
105.232834	0.116104	0
105.348938	0.104485	0
105.453423	0.139320	65
105.592743	0.139320	66
105.732063	0.185760	65
105.917824	0.220589	63
106.138412	0.174149	63
106.312561	0.162544	65
106.475105	0.255417	67
106.730522	0.185760	0
106.916283	0.139320	65
107.055603	0.359909	66
107.415512	0.278641	66
107.694153	0.197365	67
107.891518	0.325081	67
108.216599	0.441177	67
108.657776	0.220589	67
108.878365	0.092880	65
108.971245	0.150932	76
109.122177	0.081268	76
109.203445	0.220589	78
109.424034	0.174149	69
109.598183	0.243813	67
109.841995	0.267029	72
110.109024	0.046440	77
110.155464	0.255417	76
110.410881	0.069664	76
110.480545	0.058052	0
110.538597	0.267029	73
110.805626	0.174149	72
110.979774	0.325081	73
111.304855	0.267029	73
111.571884	0.301857	72
111.873741	0.058052	73
111.931793	0.081268	75
112.013062	0.208977	80
112.222038	0.255424	79
112.477463	0.208977	73
112.686440	0.232201	62
112.918640	0.197372	63
113.116013	0.174149	62
113.290161	0.278641	76
113.568802	0.069656	0
113.638458	0.232201	73
113.870659	0.232201	67
114.102859	0.174149	64
114.277008	0.104492	61
114.381500	0.255417	62
114.636917	0.766258	75
115.403175	0.069656	76
115.472832	0.092880	80
115.565712	0.417961	84
115.983673	0.267029	79
116.250702	0.197372	78
116.448074	0.150925	76
116.598999	1.448349	76
