1.404807	1.869206	64
3.274014	0.139320	65
3.413333	0.174150	65
3.587483	0.371519	65
3.959002	1.462857	65
5.421859	0.162540	65
5.584399	0.197370	65
5.781769	0.278639	65
6.060408	0.417959	76
6.478367	0.139320	73
6.617687	0.092880	77
6.710567	0.185760	77
6.896327	1.637007	73
8.533334	0.325079	60
8.858413	0.684989	78
9.543402	0.081269	70
9.624671	1.079728	70
10.704399	1.091338	75
11.795737	0.940408	0
12.736145	0.127709	0
12.863854	0.197371	64
13.061225	1.578957	65
14.640182	0.150929	65
14.791111	0.185760	65
14.976871	0.417959	65
15.394830	0.719819	65
16.114649	0.162539	65
16.277187	0.174150	65
16.451338	0.313469	65
16.764807	0.197371	68
16.962177	0.487619	68
17.449797	0.197369	66
17.647165	0.162540	65
17.809706	0.278639	65
18.088345	0.267029	65
18.355373	0.882359	63
19.237732	0.371519	64
19.609251	0.371519	60
19.980770	0.348301	73
20.329071	1.439636	70
21.768707	0.429569	77
22.198277	0.650158	70
22.848434	0.325081	71
23.173515	0.708208	77
23.881723	0.638548	69
24.520271	0.267031	74
24.787302	0.162539	72
24.949841	0.139320	73
25.089161	0.290249	74
25.379410	0.150930	74
25.530340	0.162540	64
25.692881	0.383129	64
26.076010	0.673378	60
26.749388	1.683447	58
28.432835	0.824308	0
29.257143	0.371519	0
29.628662	0.383129	0
30.011791	0.290249	0
30.302040	0.220591	0
30.522631	0.185759	0
30.708389	0.348301	0
31.056690	0.197369	0
31.254059	0.348299	0
31.602358	0.162540	0
31.764898	0.174149	0
31.939047	0.139322	0
32.078369	0.777866	0
32.856236	0.336689	0
33.192924	0.208981	0
33.401905	0.174149	0
33.576054	0.371521	0
33.947575	0.174149	0
34.121723	0.371521	0
34.493244	0.150928	0
34.644173	0.174149	0
34.818321	0.162540	0
34.980862	0.197369	0
35.178230	0.174152	0
35.352383	0.371517	0
35.723900	0.325081	0
36.048981	0.208977	0
36.257957	0.185760	0
36.443718	0.348301	0
36.792019	0.174149	0
36.966167	0.371521	58
37.337688	0.174149	0
37.511837	0.150928	0
37.662766	0.174152	0
37.836918	0.406349	0
38.243267	0.336689	0
38.579956	0.336689	0
38.916645	0.197369	0
39.114014	0.185760	0
39.299774	0.371517	0
39.671291	0.162540	0
39.833832	0.208981	58
40.042812	0.174149	58
40.216961	0.150928	58
40.367889	0.359913	58
40.727802	0.371517	58
41.099319	0.348301	57
41.447620	0.325077	0
41.772697	0.197372	0
41.970070	0.185757	0
42.155827	0.371521	0
42.527348	0.174149	0
42.701496	0.348301	0
43.049797	0.185757	0
43.235554	0.174152	0
43.409706	0.162540	0
43.572247	0.301857	0
43.874104	0.208981	0
44.083084	0.150928	0
44.234013	0.081272	0
44.315285	0.325077	0
44.640362	0.197372	0
44.837734	0.174149	0
45.011883	0.383129	0
45.395012	0.185760	0
45.580772	0.325077	0
45.905849	0.174152	0
46.080002	0.162537	0
46.242538	0.197372	0
46.439911	0.174149	0
46.614059	0.383129	0
46.997189	0.162540	0
47.159729	0.325077	0
47.484806	0.208981	57
47.693787	0.174149	58
47.867935	0.359909	58
48.227844	0.174152	58
48.401997	0.359909	58
48.761906	0.174149	0
48.936054	0.174149	0
49.110203	0.162540	0
49.272743	0.290249	70
49.562992	0.406349	70
49.969341	0.394741	0
50.364082	0.185760	0
50.549843	0.174149	0
50.723991	0.743038	0
51.467030	0.174149	0
51.641178	0.162540	0
51.803719	0.150928	0
51.954647	0.197372	0
52.152020	0.150928	0
52.302948	0.185760	52
52.488708	0.359909	51
52.848618	0.371517	52
53.220135	0.336689	53
53.556824	0.429569	52
53.986393	0.174152	52
54.160545	0.499229	52
54.659775	0.301857	52
54.961632	0.417961	53
55.379593	0.731426	52
56.111019	0.162540	50
56.273560	0.476009	50
56.749569	0.603718	50
57.353287	0.348301	0
57.701588	0.150928	0
57.852516	0.429569	49
58.282085	0.267029	0
58.549114	0.092880	50
58.641994	0.348301	49
58.990295	0.661770	51
59.652065	0.394737	50
60.046803	0.429569	51
60.476372	0.220589	53
60.696960	0.650158	53
61.347118	0.650162	49
61.997280	0.220589	50
62.217869	0.859138	50
63.077007	0.174149	0
63.251156	0.174149	0
63.425304	0.139320	0
63.564625	0.313469	0
63.878094	0.417957	55
64.296051	0.092880	55
64.388931	0.301865	58
64.690796	0.371513	58
65.062309	0.371521	58
65.433830	0.197372	58
65.631203	0.464401	57
66.095604	0.348297	0
66.443901	0.394737	55
66.838638	0.673378	58
67.512016	0.429573	60
67.941589	0.139320	60
68.080910	0.197365	63
68.278275	0.441185	72
68.719460	0.185753	67
68.905212	0.069664	59
68.974876	0.336685	60
69.311562	0.371521	72
69.683083	0.371521	70
70.054604	0.150932	76
70.205536	0.174149	78
70.379684	0.661766	78
71.041451	0.081268	0
71.122719	0.174149	60
71.296867	0.185760	62
71.482628	0.580498	62
72.063126	0.522453	58
72.585579	0.336685	58
72.922264	0.510841	60
73.433105	1.091339	60
74.524445	0.476006	0
75.000450	0.232201	0
75.232651	0.522453	50
75.755104	0.336685	51
76.091789	0.534058	52
76.625847	0.278641	51
76.904488	0.116104	67
77.020592	0.313469	52
77.334061	0.243805	55
77.577866	0.127716	52
77.705582	0.197365	53
77.902946	0.208984	53
78.111931	0.104485	0
78.216415	0.406349	53
78.622765	0.383133	50
79.005898	0.162537	50
79.168434	0.429573	51
79.598007	0.383125	62
79.981133	0.383133	62
80.364265	0.371513	60
80.735779	0.139320	62
80.875099	0.220589	51
81.095688	0.174156	50
81.269844	0.708206	69
81.978050	0.232201	67
82.210251	0.359909	63
82.570160	0.336685	50
82.906845	0.580505	51
83.487350	0.127708	53
83.615059	0.174149	55
83.789207	0.208977	54
83.998184	0.592110	55
84.590294	0.139320	61
84.729614	0.139320	62
84.868935	0.197372	61
85.066307	0.359909	62
85.426216	0.487617	61
85.913834	0.220589	0
86.134422	0.185760	54
86.320183	0.139320	53
86.459503	0.371521	55
86.831024	0.232193	69
87.063217	0.487625	57
87.550842	0.371513	57
87.922356	0.359909	72
88.282265	0.719818	70
89.002083	0.185760	0
89.187843	0.127708	0
89.315552	0.290253	66
89.605804	0.487617	58
90.093422	0.336693	59
90.430115	0.162537	60
90.592651	0.174149	76
90.766800	0.417961	76
91.184761	0.661766	72
91.846527	0.313477	76
92.160004	0.185753	75
92.345757	0.197372	74
92.543129	0.394737	72
92.937866	1.068123	72
94.005989	0.197365	73
94.203354	0.708214	81
94.911568	0.371513	75
95.283081	0.185760	87
95.468842	0.127708	87
95.596550	0.220596	82
95.817146	0.371513	87
96.188660	0.336693	74
96.525352	0.208977	72
96.734329	0.557281	76
97.291611	0.127708	79
97.419319	0.174149	77
97.593468	0.301865	77
97.895332	0.034828	77
97.930161	0.359909	76
98.290070	0.185760	75
98.475830	0.174149	76
98.649979	0.534058	79
99.184036	0.893967	77
100.078003	0.534058	75
100.612061	0.174156	82
100.786217	0.696594	78
101.482811	0.359909	75
101.842720	0.197372	73
102.040092	0.185760	73
102.225853	0.359909	73
102.585762	0.081268	73
102.667030	0.278641	74
102.945671	0.383125	74
103.328796	0.325081	75
103.653877	0.371521	76
104.025398	0.336685	76
104.362083	0.406349	75
104.768433	0.127716	75
104.896149	0.557274	75
105.453423	0.174149	75
105.627571	0.174149	75
105.801720	0.359917	75
106.161636	0.336685	75
106.498322	0.719818	75
107.218140	0.325081	73
107.543221	0.220589	79
107.763809	0.510841	75
108.274651	0.220589	75
108.495239	0.150932	78
108.646172	0.371513	76
109.017685	0.348305	77
109.365990	0.348297	77
109.714287	0.371521	73
110.085808	0.534058	73
110.619865	0.905579	70
111.525444	0.534058	70
112.059502	0.162537	70
112.222038	0.359909	70
112.581947	0.232201	74
112.814148	0.499229	75
113.313377	0.174149	78
113.487526	0.719818	72
114.207344	0.174156	72
114.381500	0.162537	73
114.544037	0.359909	75
114.903946	0.185760	74
115.089706	0.359909	76
115.449615	0.139320	70
115.588936	0.208977	74
115.797913	0.545670	74
116.343582	0.893967	72
117.237549	0.185760	72
117.423309	0.359909	72
117.783218	0.162544	72
117.945763	0.545670	72
118.491432	0.174149	73
118.665581	0.534058	76
119.199638	0.917191	79
120.116829	0.162537	77
120.279366	0.522446	76
120.801811	0.313469	77
121.115280	0.232201	76
121.347481	0.185760	76
121.533241	0.534058	73
122.067299	1.602180	74
123.669479	0.371521	74
124.041000	0.348297	74
124.389297	0.534058	74
124.923355	0.893967	73
125.817322	0.127708	76
125.945030	0.580505	75
126.525536	0.464394	77
126.989929	0.267029	78
127.256958	0.522453	76
127.779411	0.905571	75
128.684982	0.534073	75
129.219055	0.162537	75
129.381592	0.383118	75
129.764709	0.348312	75
130.113022	0.371506	75
130.484528	0.162552	74
130.647079	0.545670	75
131.192749	0.174149	75
131.366898	0.174149	77
131.541046	0.174149	77
131.715195	0.220581	77
131.935776	0.127716	76
132.063492	0.162537	78
132.226028	0.197372	76
132.423401	0.081268	77
132.504669	0.116104	78
132.620773	0.162537	79
132.783310	0.174149	75
132.957458	0.116104	74
133.073563	0.417953	77
133.491516	0.557281	77
134.048798	0.893967	74
134.942764	0.162537	72
135.105301	0.719818	70
135.825119	0.545670	71
136.370789	0.534058	70
136.904846	0.348312	64
137.253159	0.139313	63
137.392471	0.557281	65
137.949753	0.743042	65
138.692795	0.290237	58
138.983032	0.255432	65
139.238464	0.278641	57
139.517105	1.323532	58
140.840637	0.719818	58
141.560455	1.428024	58
142.988480	0.684982	0
143.673462	0.743042	71
144.416504	0.499237	74
144.915741	0.220581	74
145.136322	0.359909	74
145.496231	0.034836	74
145.531067	0.301865	74
145.832932	0.673370	74
146.506302	0.406357	0
146.912659	0.336685	0
147.249344	0.534058	75
147.783401	0.545670	75
148.329071	0.058044	75
148.387115	0.150940	75
148.538055	0.162537	75
148.700592	0.522446	75
149.223038	0.174149	75
149.397186	0.174149	75
149.571335	0.150940	0
149.722275	0.383118	74
150.105392	0.534058	72
150.639450	0.208984	72
150.848434	0.336685	72
151.185120	0.371521	72
151.556641	0.510849	72
152.067490	0.174149	71
152.241638	0.336685	0
152.578323	0.383133	0
152.961456	0.534058	74
153.495514	0.580490	74
154.076004	0.174149	0
154.250153	0.162552	0
154.412704	0.684982	0
155.097687	0.336685	0
155.434372	0.208984	0
155.643356	0.197372	0
155.840729	0.522446	0
156.363174	0.197372	0
156.560547	0.359909	0
156.920456	0.359909	0
157.280365	0.522446	0
157.802811	0.116104	0
157.918915	0.046432	0
157.965347	0.731430	0
158.696777	0.522446	0
159.219223	0.197372	0
159.416595	0.359909	0
159.776505	0.359909	0
160.136414	0.150940	0
160.287354	0.534058	0
160.821411	0.325073	0
161.146484	0.220596	84
161.367081	0.197357	86
161.564438	0.522461	0
162.086899	0.197357	0
162.284256	0.348312	0
162.632568	0.197357	0
162.829926	0.162552	0
162.992477	0.359909	0
163.352386	0.162537	0
163.514923	0.185760	0
163.700684	0.719818	0
164.420502	0.348297	0
164.768799	0.162537	0
164.931335	0.208984	0
165.140320	0.336685	0
165.477005	0.243805	0
165.720810	0.139328	0
165.860138	0.185760	0
166.045898	0.499222	0
166.545120	0.197372	0
166.742493	0.127716	0
166.870209	0.417953	0
167.288162	0.325073	0
167.613235	0.197372	0
167.810608	0.197372	0
168.007980	0.359909	0
168.367889	0.150925	0
168.518814	0.197372	0
168.716187	0.684998	0
169.401184	0.371521	0
169.772705	0.185760	0
169.958466	0.174149	0
170.132614	0.534058	0
170.666672	0.197357	0
170.864029	0.359909	0
171.223938	0.348312	0
171.572250	0.684982	0
172.257233	0.220596	0
172.477829	0.150925	0
172.628754	0.185760	0
172.814514	0.174149	0
172.988663	0.359909	0
173.348572	0.185760	0
173.534332	0.545670	0
174.080002	0.359909	0
174.439911	0.534058	0
174.973969	0.162537	0
175.136505	0.359909	0
175.496414	0.359909	0
175.856323	0.534058	62
176.390381	0.197372	61
176.587753	0.359909	60
176.947662	0.348297	0
177.295959	0.684998	0
177.980957	0.208969	0
178.189926	0.127716	0
178.317642	0.208984	0
178.526627	0.185760	0
178.712387	0.545670	0
179.258057	0.185760	0
179.443817	0.383118	58
179.826935	0.348297	70
180.175232	0.499237	69
180.674469	0.162537	67
180.837006	0.743042	70
181.580048	1.091339	70
182.671387	1.044891	0
183.716278	0.731430	79
184.447708	0.534058	75
184.981766	0.557281	75
185.539047	1.764709	71
187.303757	0.673386	76
187.977142	0.243805	76
188.220947	0.336700	76
188.557648	0.174149	76
188.731796	0.534058	78
189.265854	0.359909	73
189.625763	0.174149	73
189.799911	0.185760	79
189.985672	0.185760	80
190.171432	1.428024	76
191.599457	0.522446	75
192.121902	0.174149	74
192.296051	0.545670	74
192.841721	0.162537	71
193.004257	0.557281	76
193.561539	0.893967	74
194.455505	0.534058	74
194.989563	0.174149	76
195.163712	0.359909	77
195.523621	0.267044	76
195.790665	0.092880	77
195.883545	0.534058	76
196.417603	0.534058	75
196.951660	0.174149	75
197.125809	0.185760	75
197.311569	0.359909	75
197.671478	0.348297	75
198.019775	0.719818	75
198.739594	0.522446	74
199.262039	0.510834	72
199.772873	0.394745	64
200.167618	0.185760	76
200.353378	0.534058	77
200.887436	0.348297	75
201.235733	0.185760	74
201.421494	0.185760	73
201.607254	0.534058	73
202.141312	1.602173	70
203.743484	0.359924	72
204.103409	0.719818	74
204.823227	0.174149	74
204.997375	0.348297	73
205.345673	0.545670	73
205.891342	0.174149	72
206.065491	0.359909	74
206.425400	0.185760	74
206.611160	0.336685	74
206.947845	0.174149	74
207.121994	0.185760	75
207.307755	0.545670	73
207.853424	0.905579	72
208.759003	0.696594	72
209.455597	0.731430	72
210.187027	0.534058	75
210.721085	0.185760	72
210.906845	0.534058	74
211.440903	0.174149	73
211.615051	0.534058	76
212.149109	0.174164	77
212.323273	0.371506	78
212.694778	0.174149	80
212.868927	0.174164	77
213.043091	0.534058	76
213.577148	0.893967	76
214.471115	0.197372	73
214.668488	0.522446	73
215.190933	0.708206	73
215.899139	0.522446	74
216.421585	0.557281	76
216.978867	0.348297	77
217.327164	0.185760	77
217.512924	0.359909	78
217.872833	0.174149	80
218.046982	0.185760	80
218.232742	0.197372	80
218.430115	0.162537	80
218.592651	0.174149	82
218.766800	0.534058	78
219.300858	0.534058	78
219.834915	0.359909	78
220.194824	0.348312	78
220.543137	0.174149	78
220.717285	0.174149	78
220.891434	0.348297	78
221.239731	0.394730	78
221.634460	0.510849	77
222.145309	0.348297	73
222.493607	0.220581	73
222.714188	0.162552	72
222.876740	0.174149	72
223.050888	0.394730	74
223.445618	0.313477	72
223.759094	0.255417	74
224.014511	0.464401	72
224.478912	0.545670	70
225.024582	0.592102	69
225.616684	0.127716	75
225.744400	0.197372	77
225.941772	0.522446	77
226.464218	0.150925	75
226.615143	0.731430	72
227.346573	0.534058	67
227.880630	0.522461	69
228.403091	0.371506	71
228.774597	0.534058	66
229.308655	0.185760	64
229.494415	0.708221	65
230.202637	0.220581	70
230.423218	1.915649	62
232.338867	0.743042	62
233.081909	1.404800	61
234.486710	0.743042	67
235.229752	0.650162	44
235.879913	0.510834	0
236.390747	0.139328	0
236.530075	5.572754	0
