0.592109	0.754649	0
1.346757	0.371519	0
1.718277	0.348299	0
2.066576	0.383129	0
2.449705	0.336689	0
2.786395	0.417959	0
3.204354	0.325079	0
3.529433	0.383129	0
3.912562	0.371519	0
4.284081	0.371520	0
4.655601	0.359909	0
5.015510	0.359910	0
5.375420	0.313469	0
5.688889	0.417959	0
6.106848	0.336689	0
6.443537	0.417959	0
6.861496	0.348300	0
7.209796	0.383129	0
7.592925	0.336689	0
7.929615	0.383130	0
8.312744	0.313469	0
8.626213	0.383129	0
9.009342	0.359909	0
9.369251	0.743039	0
10.112290	0.406349	0
10.518640	0.348299	0
10.866939	0.371519	0
11.238458	0.313470	0
11.551928	0.383129	0
11.935057	0.348299	0
12.283356	1.102948	52
13.386304	0.174150	0
13.560453	0.638549	49
14.199002	0.116099	49
14.315102	0.592110	56
14.907211	0.325079	63
15.232290	0.743038	64
15.975328	0.383129	0
16.358458	0.336689	0
16.695147	0.383131	0
17.078278	0.336689	0
17.414967	0.417959	0
17.832926	0.325079	59
18.158005	0.743038	64
18.901043	0.545670	0
19.446712	0.580498	0
20.027210	0.046440	0
20.073650	0.313469	0
20.387119	0.197371	0
20.584490	0.336689	63
20.921179	0.197371	63
21.118549	1.068117	58
22.186666	0.359909	0
22.546576	0.371519	0
22.918095	0.348299	0
23.266394	0.394741	59
23.661135	0.139318	0
23.800453	0.139320	0
23.939774	0.290249	50
24.230022	0.824308	50
25.054331	0.232201	49
25.286531	0.174149	48
25.460680	0.534060	62
25.994740	0.789478	60
26.784218	0.127710	60
26.911928	0.255419	63
27.167347	0.487619	64
27.654966	0.371519	0
28.026485	0.359909	0
28.386395	0.383129	0
28.769524	0.336689	0
29.106213	0.394739	63
29.500952	0.150930	64
29.651882	0.615328	61
30.267210	0.673380	66
30.940590	0.116100	0
31.056690	0.278639	0
31.335329	0.127710	59
31.463039	0.127708	60
31.590748	0.243811	0
31.834558	0.220591	0
32.055149	0.359909	49
32.415058	0.394737	63
32.809795	1.079727	58
33.889523	0.336689	0
34.226212	0.383129	59
34.609341	0.348301	0
34.957642	0.673378	58
35.631020	0.069660	56
35.700680	0.557278	56
36.257957	0.185760	53
36.443718	0.313469	55
36.757187	0.185760	0
36.942947	0.952019	58
37.894966	0.406349	62
38.301315	0.336689	59
38.638004	0.522449	59
39.160454	0.208981	0
39.369434	0.383129	0
39.752563	0.325077	0
40.077641	0.754650	0
40.832291	0.383129	0
41.215420	0.290249	0
41.505669	0.046440	0
41.552109	0.406349	0
41.958458	0.127708	0
42.086166	0.162540	0
42.248707	0.383129	70
42.631836	0.383129	66
43.014965	0.150932	58
43.165897	0.429569	60
43.595467	0.325077	63
43.920544	0.232201	63
44.152744	0.069660	62
44.222404	0.290249	63
44.512653	0.580498	62
45.093151	0.510841	0
45.603992	0.336689	0
45.940681	0.394737	0
46.335419	0.325081	0
46.660500	0.394737	0
47.055237	0.336689	0
47.391926	0.383129	0
47.775055	0.174152	0
47.949207	0.220589	56
48.169796	0.301861	56
48.471657	0.185757	0
48.657413	0.185760	69
48.843174	0.719818	71
49.562992	0.441181	74
50.004173	0.348297	79
50.352470	0.174152	79
50.526623	0.162537	71
50.689159	0.208981	70
50.898140	0.174149	0
51.072289	0.371521	0
51.443810	0.325081	0
51.768890	0.406349	0
52.175240	0.162537	0
52.337776	0.185760	0
52.523537	0.371521	0
52.895058	0.325077	52
53.220135	0.580502	53
53.800636	0.208977	55
54.009613	0.336689	58
54.346302	0.197372	58
54.543674	0.917187	60
55.460861	0.255421	63
55.716282	0.116100	64
55.832382	0.394737	63
56.227119	0.684990	47
56.912109	0.394737	47
57.306847	0.383129	58
57.689976	0.383129	59
58.073105	0.301861	59
58.374966	0.568890	61
58.943855	0.905579	56
59.849434	0.487617	59
60.337051	0.243809	59
60.580860	0.336689	57
60.917549	0.406353	57
61.323902	0.464397	58
61.788300	0.220589	55
62.008888	1.172607	56
63.181496	0.301861	56
63.483356	0.301861	52
63.785217	0.394737	52
64.179955	0.267029	58
64.446983	0.150932	59
64.597916	0.336685	58
64.934601	0.383133	58
65.317734	0.359909	57
65.677643	0.371521	58
66.049164	0.359909	57
66.409073	0.371513	53
66.780586	0.371521	54
67.152107	0.359909	54
67.512016	0.162544	76
67.674561	0.208977	65
67.883537	0.719818	66
68.603355	0.383133	68
68.986488	0.359909	71
69.346397	0.371513	74
69.717911	0.232201	75
69.950111	0.127708	75
70.077820	0.371521	75
70.449341	0.371521	67
70.820862	0.371521	79
71.192383	0.197365	76
71.389748	0.150932	72
71.540680	0.371521	70
71.912201	0.208977	66
72.121178	0.150932	66
72.272110	0.383125	70
72.655235	0.336693	73
72.991928	0.394737	77
73.386665	0.348297	69
73.734962	0.383133	68
74.118095	0.348297	64
74.466393	0.359909	64
74.826302	0.208984	70
75.035286	0.150925	71
75.186211	0.371521	72
75.557732	0.220589	68
75.778320	0.150932	71
75.929253	0.371521	79
76.300774	0.359909	68
76.660683	0.371513	70
77.032196	0.359909	71
77.392105	0.371521	65
77.763626	0.162544	64
77.926170	0.197365	70
78.123535	0.371521	69
78.495056	0.359909	69
78.854965	0.359909	68
79.214874	0.162544	66
79.377419	0.208977	64
79.586395	0.383125	0
79.969521	0.348305	63
80.317825	0.371513	65
80.689339	0.208984	66
80.898323	0.150932	66
81.049255	0.371513	66
81.420769	0.220589	62
81.641357	0.139320	62
81.780678	0.243813	64
82.024490	0.348297	71
82.372787	0.150932	73
82.523720	0.359909	73
82.883629	0.359909	69
83.243538	0.371521	69
83.615059	0.359909	70
83.974968	0.371521	71
84.346489	0.359909	71
84.706398	0.371513	70
85.077911	0.371521	70
85.449432	0.348297	68
85.797729	0.371521	68
86.169250	0.359909	70
86.529160	0.359909	71
86.889069	0.383133	72
87.272202	0.220589	71
87.492790	0.139320	76
87.632111	0.371521	78
88.003632	0.359909	71
88.363541	0.371513	70
88.735054	0.348305	71
89.083359	0.371513	71
89.454872	0.371521	71
89.826393	0.371521	69
90.197914	0.359909	69
90.557823	0.232201	70
90.790024	0.150932	70
90.940956	0.325073	66
91.266029	0.406349	63
91.672379	0.348305	63
92.020683	0.371513	65
92.392197	0.371521	70
92.763718	0.348297	71
93.112015	0.371521	66
93.483536	0.371521	63
93.855057	0.359909	63
94.214966	0.371521	64
94.586487	0.359909	67
94.946396	0.383125	68
95.329521	0.359909	65
95.689430	0.359909	64
96.049339	0.359909	64
96.409248	0.371521	62
96.780769	0.359909	56
97.140678	0.383133	58
97.523811	0.348297	59
97.872108	0.371521	61
98.243629	0.371521	63
98.615150	0.348297	66
98.963448	0.371521	61
99.334969	0.359909	60
99.694878	0.359909	61
100.054787	0.359909	62
100.414696	0.371521	66
100.786217	0.383125	66
101.169342	0.359909	66
101.529251	0.359909	63
101.889160	0.220589	60
102.109749	0.162544	66
102.272293	0.185760	66
102.458054	0.150925	66
102.608978	0.336693	66
102.945671	0.232201	74
103.177872	0.545662	71
103.723534	0.220596	70
103.944130	0.534058	72
104.478188	0.220589	73
104.698776	0.487617	66
105.186394	0.580498	68
105.766891	0.162544	55
105.929436	0.243805	56
106.173241	0.499229	56
106.672470	0.371521	0
107.043991	0.336693	0
107.380684	0.371513	0
107.752197	0.359909	66
108.112106	0.220589	0
108.332695	0.406349	49
108.739044	0.116104	53
108.855148	0.719818	57
109.574966	0.348297	0
109.923264	0.406349	67
110.329613	0.383133	49
110.712746	0.325081	47
111.037827	0.278633	61
111.316460	0.116104	63
111.432564	0.197365	63
111.629929	0.150932	64
111.780861	0.383133	59
112.163994	0.336685	62
112.500679	0.371521	0
112.872200	0.359909	0
113.232109	0.359909	0
113.592018	0.371521	0
113.963539	0.394737	59
114.358276	0.243813	0
114.602089	0.104485	0
114.706573	0.371521	69
115.078094	0.359909	59
115.438004	0.359909	58
115.797913	0.174149	0
115.972061	0.208984	68
116.181046	0.359909	58
116.540955	0.359909	55
116.900864	0.185760	72
117.086624	0.290245	73
117.376869	0.185760	0
117.562630	0.452789	60
118.015419	0.336693	60
118.352112	0.371513	60
118.723625	0.359909	0
119.083534	0.359909	0
119.443443	0.383133	64
119.826576	0.371521	59
120.198097	0.162537	56
120.360634	0.174149	55
120.534782	0.406349	49
120.941132	0.348305	54
121.289436	0.371513	61
121.660950	0.220589	0
121.881538	0.139320	0
122.020859	0.719818	59
122.740677	0.220596	60
122.961273	0.174149	0
123.135422	0.255417	63
123.390839	0.104492	64
123.495331	0.708206	60
124.203537	0.371521	54
124.575058	0.348297	54
124.923355	0.383133	58
125.306488	0.348297	59
125.654785	0.719818	58
126.374603	0.406349	56
126.780952	0.185760	62
126.966713	0.162537	59
127.129250	0.336693	56
127.465942	0.197365	58
127.663307	0.220596	58
127.883904	0.348289	58
128.232193	0.348312	61
128.580505	0.383118	63
128.963623	0.359909	69
129.323532	0.359909	63
129.683441	0.359909	56
130.043350	0.371521	63
130.414871	0.371521	64
130.786392	0.371521	64
131.157913	0.243805	61
131.401718	0.116104	59
131.517822	0.383133	63
131.900955	0.278641	59
132.179596	0.058044	58
132.237640	0.394745	54
132.632385	0.139313	61
132.771698	0.185760	66
132.957458	0.359909	59
133.317368	0.394745	58
133.712112	0.383133	60
134.095245	0.348297	60
134.443542	0.383118	63
134.826660	0.383133	65
135.209793	0.348297	62
135.558090	0.348297	59
135.906387	0.371521	59
136.277908	0.359909	59
136.637817	0.359909	59
136.997726	0.371521	0
137.369247	0.394745	58
137.763992	0.325073	56
138.089066	0.394745	60
138.483810	0.150925	57
138.634735	0.081268	63
138.716003	0.116104	57
138.832108	0.336685	62
139.168793	0.220596	63
139.389389	0.208984	61
139.598373	0.348297	59
139.946671	0.336685	59
140.283356	0.394745	62
140.678101	0.185760	59
140.863861	0.174149	0
141.038010	0.371521	59
141.409531	0.348297	61
141.757828	0.371521	62
142.129349	0.371506	59
142.500854	0.359909	64
142.860764	0.359924	63
143.220688	0.383118	63
143.603806	0.348297	59
143.952103	0.371521	61
144.323624	0.174149	65
144.497772	0.197372	57
144.695145	0.325089	58
145.020233	0.220581	64
145.240814	0.534058	61
145.774872	0.220596	61
145.995468	0.150925	60
146.146393	0.359909	64
146.506302	0.371521	63
146.877823	0.371521	63
147.249344	0.348297	63
147.597641	0.371521	59
147.969162	0.081268	0
148.050430	0.290253	59
148.340683	0.383133	60
148.723816	0.336685	59
149.060501	0.394730	61
149.455231	0.232208	60
149.687439	0.116104	60
149.803543	0.394730	59
150.198273	0.325089	56
150.523361	0.371521	61
150.894882	0.150925	58
151.045807	0.220581	58
151.266388	0.359909	59
151.626297	0.371521	60
151.997818	0.383133	58
152.380951	0.348297	58
152.729248	0.731430	56
153.460678	0.371521	68
153.832199	0.359909	68
154.192108	0.336685	64
154.528793	0.185760	59
154.714554	0.220596	0
154.935150	0.313461	60
155.248611	0.417969	59
155.666580	0.359909	58
156.026489	0.371521	58
156.398010	0.359909	57
156.757919	0.359909	57
157.117828	0.359909	58
157.477737	0.371521	58
157.849258	0.359909	61
158.209167	0.139313	66
158.348480	0.232193	63
158.580673	0.696609	63
159.277283	0.383133	59
159.660416	0.208969	59
159.869385	0.150940	64
160.020325	0.371506	63
160.391830	0.359909	63
160.751740	0.383133	62
161.134872	0.174149	62
161.309021	0.197372	70
161.506393	0.359909	73
161.866302	0.359909	68
162.226212	0.371521	72
162.597733	0.232193	72
162.829926	0.127716	66
162.957642	0.371521	73
163.329163	0.232193	70
163.561356	0.139328	74
163.700684	0.383133	72
164.083817	0.359909	70
164.443726	0.359909	68
164.803635	0.197357	65
165.000992	0.162552	75
165.163544	0.371506	71
165.535049	0.220596	71
165.755646	0.139313	69
165.894958	0.371521	72
166.266479	0.208984	71
166.475464	0.150925	76
166.626389	0.371521	79
166.997910	0.174149	71
167.172058	0.197372	71
167.369431	0.359909	70
167.729340	0.359909	71
168.089249	0.383133	69
168.472382	0.359909	65
168.832291	0.359909	69
169.192200	0.371521	69
169.563721	0.359909	71
169.923630	0.371521	74
170.295151	0.371521	74
170.666672	0.208969	74
170.875641	0.139328	75
171.014969	0.371521	74
171.386490	0.185760	72
171.572250	0.162537	66
171.734787	0.371521	74
172.106308	0.359909	74
172.466217	0.267029	71
172.733246	0.487610	72
173.220856	0.371521	73
173.592377	0.348297	71
173.940674	0.383133	70
174.323807	0.174149	70
174.497955	0.162537	67
174.660492	0.394745	70
175.055237	0.336685	71
175.391922	0.394745	71
175.786667	0.359909	70
176.146576	0.359909	68
176.506485	0.348297	67
176.854782	0.371521	70
177.226303	0.220596	72
177.446899	0.139313	71
177.586212	0.383133	72
177.969345	0.220581	71
178.189926	0.139328	71
178.329254	0.371521	78
178.700775	0.359909	70
179.060684	0.383133	70
179.443817	0.348297	71
179.792114	0.371521	71
180.163635	0.139313	71
180.302948	0.232193	75
180.535141	0.371521	73
180.906662	0.359909	72
181.266571	0.371521	72
181.638092	0.197372	73
181.835464	0.162537	73
181.998001	0.383133	72
182.381134	0.348297	72
182.729431	0.359909	66
183.089340	0.371521	65
183.460861	0.371521	66
183.832382	0.348297	66
184.180679	0.383133	66
184.563812	0.348297	75
184.912109	0.371521	74
185.283630	0.359909	69
185.643539	0.371521	69
186.015060	0.359909	76
186.374969	0.371521	78
186.746490	0.359909	80
187.106400	0.383118	76
187.489517	0.348312	80
187.837830	0.371506	75
188.209335	0.359909	66
188.569244	0.359909	66
188.929153	0.359924	69
189.289078	0.383118	64
189.672195	0.348297	66
190.020493	0.383133	65
190.403625	0.348297	62
190.751923	0.383133	69
191.135056	0.359909	66
191.494965	0.371521	66
191.866486	0.348297	71
192.214783	0.383133	70
192.597916	0.348297	71
192.946213	0.383133	72
193.329346	0.197372	80
193.526718	0.162537	80
193.689255	0.371521	72
194.060776	0.348297	66
194.409073	0.383133	66
194.792206	0.359909	66
195.152115	0.371506	66
195.523621	0.359924	66
195.883545	0.394730	65
196.278275	0.325089	67
196.603363	0.383118	71
196.986481	0.348297	69
197.334778	0.383133	66
197.717911	0.348297	70
198.066208	0.383133	66
198.449341	0.348297	73
198.797638	0.394745	72
199.192383	0.325073	73
199.517456	0.394745	64
199.912201	0.359909	64
200.272110	0.371521	64
200.643631	0.359909	64
201.003540	0.371521	64
201.375061	0.359909	66
201.734970	0.371521	65
202.106491	0.359909	73
202.466400	0.371521	73
202.837921	0.359909	70
203.197830	0.371506	71
203.569336	0.348312	69
203.917648	0.371506	66
204.289154	0.359909	66
204.649063	0.383133	66
205.032196	0.371521	67
205.403717	1.265488	56
206.669205	0.162537	0
206.831741	0.150940	57
206.982681	0.452789	57
207.435471	0.162537	54
207.598007	0.197372	59
207.795380	0.174149	59
207.969528	0.150925	0
208.120453	0.940414	54
209.060867	0.557266	0
209.618134	0.162552	0
209.780685	0.371521	57
210.152206	0.139313	58
210.291519	0.220596	57
210.512115	0.162537	59
210.674652	0.267029	58
210.941681	0.150925	57
211.092606	0.185760	58
211.278366	1.044907	60
212.323273	0.150925	0
212.474197	0.185760	0
212.659958	0.290253	58
212.950211	0.487610	58
213.437820	0.278641	58
213.716461	0.348297	57
214.064758	0.464401	58
214.529160	0.348297	51
214.877457	0.243820	51
215.121277	0.150925	56
215.272202	0.139313	59
215.411514	0.220596	57
215.632111	0.255417	64
215.887527	0.104492	59
215.992020	0.185760	59
216.177780	0.185760	0
216.363541	0.371521	57
216.735062	0.208969	59
216.944031	0.150940	60
217.094971	0.371521	61
217.466492	0.359909	72
217.826401	0.359909	72
218.186310	0.359909	73
218.546219	0.371521	73
218.917740	0.348297	73
219.266037	0.383118	71
219.649155	0.127716	71
219.776871	0.243805	76
220.020676	0.383133	74
220.403809	0.185760	74
220.589569	0.150925	74
220.740494	0.383133	74
221.123627	0.185760	71
221.309387	0.150925	71
221.460312	0.394745	74
221.855057	0.359909	77
222.214966	0.371521	71
222.586487	0.174149	77
222.760635	0.197372	79
222.958008	0.359909	80
223.317917	0.359909	80
223.677826	0.371521	73
224.049347	0.208969	69
224.258316	0.150940	75
224.409256	0.371521	73
224.780777	0.220581	72
225.001358	0.139328	73
225.140686	0.359909	73
225.500595	0.383118	71
225.883713	0.371521	68
226.255234	0.348297	67
226.603531	0.371521	69
226.975052	0.359909	78
227.334961	0.359909	73
227.694870	0.220596	71
227.915466	0.139313	71
228.054779	0.383133	78
228.437912	0.359909	71
228.797821	0.371521	70
229.169342	0.359909	71
229.529251	0.359909	71
229.889160	0.139328	71
230.028488	0.232193	76
230.260681	0.371521	73
230.632202	0.371521	73
231.003723	0.487610	73
231.491333	0.232208	75
231.723541	0.394730	74
232.118271	0.325089	74
232.443359	0.371521	75
232.814880	0.359909	75
233.174789	0.371521	74
233.546310	0.359909	74
233.906219	0.383118	74
234.289337	0.359909	73
234.649246	0.383133	73
235.032379	0.348297	73
235.380676	0.371521	73
235.752197	0.359909	73
236.112106	0.383133	73
236.495239	0.348297	73
236.843536	0.243805	72
237.087341	0.290253	77
237.377594	0.197372	75
237.574966	0.383133	74
237.958099	0.348297	75
238.306396	0.371521	75
238.677917	0.359909	74
239.037827	0.371521	75
239.409348	0.220581	75
239.629929	0.150940	74
239.780869	0.371506	74
240.152374	0.359909	72
240.512283	0.371521	71
240.883804	0.336700	70
241.220505	0.383118	71
241.603622	0.359909	71
241.963531	0.359909	70
242.323441	0.371521	70
242.694962	0.383133	74
243.078094	0.371521	77
243.449615	0.348297	74
243.797913	0.359909	74
244.157822	0.383133	74
244.540955	0.348297	75
244.889252	0.383133	75
245.272385	0.359909	75
245.632294	0.371521	74
246.003815	0.359909	73
246.363724	0.371521	73
246.735245	0.348297	67
247.083542	0.371521	71
247.455063	0.359909	68
247.814972	0.371506	70
248.186478	0.359924	74
248.546402	0.754639	72
249.301041	0.359909	74
249.660950	0.348297	75
250.009247	0.359909	75
250.369156	0.359909	74
250.729065	0.371521	74
251.100586	0.208984	74
251.309570	0.150925	75
251.460495	0.383133	74
251.843628	0.359909	71
252.203537	0.371521	71
252.575058	0.348297	70
252.923355	0.394745	71
253.318100	0.336685	70
253.654785	0.383133	70
254.037918	0.359909	69
254.397827	0.371521	69
254.769348	0.359909	70
255.129257	2.600632	64
257.729889	0.336700	0
258.066589	0.371521	0
258.438110	0.371490	0
258.809601	0.359924	0
259.169525	0.359894	0
259.529419	0.371521	0
259.900940	0.359924	0
260.260864	0.371521	0
260.632385	0.371521	0
261.003906	0.371521	0
261.375427	0.359894	0
261.735321	0.359924	0
262.095245	0.383118	0
262.478363	0.371521	0
262.849884	0.371521	0
263.221405	0.371521	0
263.592926	0.371521	0
263.964447	5.122894	0
