0.580499	0.185760	0
0.766258	0.150930	0
0.917188	0.208980	0
1.126168	0.383129	0
1.509297	0.185760	0
1.695057	0.185760	0
1.880816	0.197370	0
2.078186	0.220589	0
2.298775	0.185760	0
2.484535	0.185760	0
2.670295	0.185760	0
2.856054	0.185760	0
3.041814	0.185760	0
3.227574	0.197370	0
3.424943	0.208980	0
3.633923	0.174150	0
3.808073	0.185760	0
3.993832	0.208980	0
4.202812	0.185760	0
4.388571	0.185760	0
4.574331	0.197370	0
4.771701	0.197370	0
4.969070	0.174150	0
5.143220	0.197370	0
5.340590	0.185760	0
5.526349	0.208980	0
5.735329	0.174150	0
5.909479	0.185760	0
6.095238	0.174150	61
6.269388	0.220590	62
6.489977	0.174150	61
6.664127	0.592109	61
7.256236	0.185760	0
7.441996	0.185760	0
7.627755	0.197370	0
7.825125	0.174150	0
7.999274	0.208980	0
8.208254	0.383129	0
8.591383	0.185760	0
8.777143	0.185760	0
8.962902	0.220590	0
9.183492	0.174150	0
9.357642	0.197370	0
9.555012	0.174150	53
9.729161	0.208980	54
9.938141	0.185760	0
10.123900	0.197370	0
10.321270	0.185760	0
10.507030	0.197370	0
10.704399	0.185760	0
10.890159	0.185760	0
11.075918	0.197370	0
11.273288	0.197370	42
11.470657	0.162539	42
11.633197	0.208980	42
11.842176	0.174150	0
12.016327	0.208980	54
12.225307	0.174150	53
12.399456	0.220590	54
12.620046	0.162539	61
12.782585	0.777868	67
13.560453	0.394739	67
13.955193	0.162539	66
14.117732	0.116100	66
14.233832	0.081269	66
14.315102	0.220590	66
14.535691	0.394739	66
14.930430	0.162540	65
15.092971	0.197370	64
15.290340	0.383129	63
15.673470	0.197370	0
15.870839	0.197370	0
16.068209	0.174150	0
16.242359	0.220589	0
16.462948	0.174150	0
16.637098	0.174149	0
16.811247	0.185760	0
16.997007	0.197369	0
17.194376	0.208981	0
17.403357	0.174149	0
17.577505	0.197371	0
17.774876	0.197369	0
17.972244	0.185760	0
18.158005	0.174149	0
18.332153	0.174150	75
18.506304	0.208981	75
18.715284	0.185759	75
18.901043	0.580500	61
19.481543	0.139318	61
19.620861	0.058050	67
19.678911	0.174150	68
19.853062	0.116098	0
19.969160	0.278641	69
20.247801	0.162539	69
20.410339	0.243811	70
20.654150	0.174149	67
20.828299	0.197371	68
21.025669	0.185759	68
21.211428	0.197371	69
21.408798	0.208979	68
21.617777	0.162540	0
21.780317	0.185760	68
21.966078	0.208979	68
22.175056	0.197371	69
22.372427	0.383129	69
22.755556	0.197369	69
22.952925	0.185760	69
23.138685	0.197369	69
23.336054	0.185760	68
23.521814	0.197369	68
23.719183	0.162540	68
23.881723	0.220589	68
24.102312	0.174150	67
24.276463	0.185760	75
24.462223	0.185759	72
24.647982	0.197371	59
24.845352	0.174149	58
25.019501	0.406349	67
25.425850	0.197371	54
25.623220	0.162539	54
25.785759	0.417959	69
26.203718	0.185760	69
26.389479	0.336689	69
26.726168	0.255419	69
26.981586	0.383131	68
27.364717	0.162539	52
27.527256	0.197371	68
27.724627	0.197369	68
27.921995	0.197371	68
28.119366	0.185759	64
28.305124	0.185760	60
28.490885	0.220589	58
28.711473	0.162540	0
28.874014	0.185759	52
29.059772	0.185760	52
29.245533	0.185759	0
29.431292	0.208981	0
29.640272	0.150930	0
29.791203	0.220589	0
30.011791	0.197371	0
30.209162	0.197369	0
30.406530	0.185760	0
30.592291	0.174149	61
30.766439	0.220591	0
30.987030	0.174149	0
31.161179	0.197371	53
31.358549	0.185759	51
31.544308	0.197371	61
31.741678	0.174149	62
31.915827	0.197371	68
32.113197	0.371521	67
32.484718	0.208977	69
32.693695	0.174152	66
32.867847	0.116096	56
32.983944	0.267033	56
33.250977	0.197369	56
33.448345	0.197369	57
33.645714	0.185760	0
33.831474	0.208981	0
34.040455	0.185757	64
34.226212	0.197372	68
34.423584	0.185757	69
34.609341	0.208981	69
34.818321	0.174149	57
34.992470	0.185760	57
35.178230	0.197372	0
35.375603	0.174149	0
35.549751	0.197369	0
35.747120	0.197369	56
35.944489	0.185760	56
36.130249	0.208981	68
36.339230	0.197369	68
36.536598	0.174149	0
36.710747	0.185760	0
36.896507	0.197369	54
37.093876	0.174152	0
37.268028	0.406349	63
37.674377	0.383129	63
38.057507	0.185760	63
38.243267	0.208977	64
38.452244	0.174152	63
38.626396	0.359909	66
38.986305	0.197369	69
39.183674	0.789478	78
39.973152	0.383129	76
40.356281	0.383129	75
40.739410	0.580498	77
41.319908	0.185760	76
41.505669	0.185760	75
41.691429	0.197369	75
41.888798	0.185760	75
42.074558	0.174149	76
42.248707	0.615330	76
42.864037	0.174149	76
43.038185	0.371521	74
43.409706	0.394737	62
43.804443	0.371521	76
44.175964	0.197369	75
44.373333	0.197369	76
44.570702	0.197372	76
44.768074	0.359909	73
45.127983	0.197369	70
45.325352	0.777866	76
46.103218	0.383133	75
46.486351	0.371517	75
46.857868	0.383129	75
47.240997	0.197369	75
47.438366	0.197372	75
47.635738	0.371517	75
48.007256	0.185760	76
48.193016	0.197369	75
48.390385	0.777870	76
49.168255	0.359909	75
49.528164	0.383129	0
49.911293	0.336689	0
50.247982	0.243809	0
50.491791	0.185760	0
50.677551	0.208981	0
50.886532	0.174149	67
51.060680	0.174149	68
51.234829	0.197372	68
51.432201	0.754646	64
52.186848	0.394741	63
52.581589	0.383129	63
52.964718	0.394737	63
53.359455	0.185760	63
53.545216	0.174149	63
53.719364	0.394741	63
54.114105	0.185760	63
54.299866	0.185757	63
54.485622	0.789478	70
55.275101	0.208981	67
55.484081	0.348301	67
55.832382	0.197369	72
56.029751	0.232201	75
56.261951	0.139317	73
56.401268	0.383133	68
56.784401	0.208977	71
56.993378	0.371521	68
57.364899	0.185760	68
57.550659	0.766258	78
58.316917	0.220589	75
58.537506	0.371517	68
58.909023	0.185760	71
59.094784	0.197369	75
59.292152	0.197372	76
59.489525	0.185760	78
59.675285	0.162537	78
59.837822	0.220592	72
60.058414	0.359909	67
60.418324	0.197369	68
60.615692	0.766258	72
61.381950	0.371517	76
61.753468	0.232201	67
61.985668	0.174149	68
62.159817	0.348301	68
62.508118	0.220589	67
62.728706	0.174152	65
62.902859	0.197369	66
63.100227	0.174149	66
63.274376	0.220589	67
63.494965	0.185760	65
63.680725	0.174149	58
63.854874	0.208984	65
64.063858	0.208977	56
64.272835	0.174149	56
64.446983	0.197372	57
64.644356	0.197365	60
64.841721	0.174156	60
65.015877	0.197365	60
65.213242	0.208984	60
65.422226	0.162537	51
65.584763	0.185760	52
65.770523	0.197365	52
65.967888	0.197372	49
66.165260	0.197372	50
66.362633	0.185760	49
66.548393	0.185753	0
66.734146	0.197372	0
66.931519	0.185760	56
67.117279	0.185760	60
67.303040	0.174149	59
67.477188	0.220589	56
67.697777	0.174149	59
67.871925	0.208984	54
68.080910	0.185760	61
68.266670	0.185753	61
68.452423	0.185760	61
68.638184	0.220589	68
68.858772	0.139320	63
68.998093	0.232201	56
69.230293	0.359909	50
69.590202	0.185760	0
69.775963	0.232201	68
70.008163	0.162537	68
70.170700	0.383133	68
70.553833	0.197372	68
70.751205	0.197365	67
70.948570	0.197372	68
71.145943	0.174149	68
71.320091	0.383125	68
71.703217	0.185760	68
71.888977	0.197372	69
72.086349	0.359909	68
72.446259	0.208977	67
72.655235	0.174156	67
72.829391	0.406349	67
73.235741	0.185753	51
73.421494	0.174156	63
73.595650	0.220589	55
73.816238	0.162537	54
73.978775	0.243813	67
74.222588	0.174149	55
74.396736	0.359909	54
74.756645	0.383125	67
75.139771	0.116104	0
75.255875	0.452789	54
75.708664	0.220589	56
75.929253	0.185760	56
76.115013	0.174149	0
76.289162	0.139320	57
76.428482	0.267029	56
76.695511	0.185760	45
76.881271	0.174149	0
77.055420	0.197372	53
77.252792	0.185753	56
77.438545	0.383133	54
77.821678	0.185760	52
78.007439	0.197365	52
78.204803	0.185760	0
78.390564	0.208984	0
78.599548	0.174149	0
78.773697	0.185760	0
78.959457	0.197365	0
79.156822	0.185760	49
79.342583	0.185760	56
79.528343	0.174149	61
79.702492	0.406349	56
80.108841	0.208984	54
80.317825	0.185760	61
80.503586	0.208977	55
80.712563	0.162537	65
80.875099	0.197372	58
81.072472	0.197372	52
81.269844	0.116096	52
81.385941	0.452789	50
81.838730	0.185760	56
82.024490	0.232201	60
82.256691	0.162537	0
82.419228	0.185760	68
82.604988	0.116104	68
82.721092	0.290245	68
83.011337	0.174149	67
83.185486	0.383133	68
83.568619	0.383125	68
83.951744	0.197372	69
84.149117	0.185760	68
84.334877	0.371521	68
84.706398	0.197365	68
84.903763	0.174149	68
85.077911	0.220589	68
85.298500	0.185760	68
85.484261	0.162544	0
85.646805	0.208977	0
85.855782	0.185760	66
86.041542	0.185760	66
86.227303	0.208977	65
86.436279	0.174149	63
86.610428	0.394745	66
87.005173	0.197365	64
87.202538	0.174149	64
87.376686	0.208984	64
87.585670	0.197365	67
87.783035	0.162544	65
87.945580	0.185760	68
88.131340	0.801086	64
88.932426	0.383125	63
89.315552	0.383133	63
89.698685	0.394737	63
90.093422	0.174149	63
90.267570	0.185760	63
90.453331	0.394745	63
90.848076	0.185753	63
91.033829	0.197372	64
91.231201	0.766258	68
91.997459	0.359909	67
92.357368	0.220589	65
92.577957	0.150932	64
92.728889	0.406349	69
93.135239	0.208977	68
93.344215	0.104492	69
93.448708	0.081268	68
93.529976	0.185760	68
93.715736	0.359909	68
94.075645	0.197372	68
94.273018	0.777870	64
95.050888	0.394737	63
95.445625	0.371521	63
95.817146	0.394737	63
96.211884	0.174149	63
96.386032	0.197372	63
96.583405	0.383125	63
96.966530	0.185760	63
97.152290	0.197372	63
97.349663	0.777863	78
98.127525	0.220596	67
98.348122	0.336685	67
98.684807	0.220589	70
98.905396	0.185760	74
99.091156	0.197372	75
99.288528	0.371513	78
99.660042	0.197372	80
99.857414	0.371521	78
100.228935	0.174149	80
100.403084	0.777870	82
101.180954	0.394737	82
101.575691	0.371521	0
101.947212	0.394737	0
102.341949	0.174149	0
102.516098	0.185760	76
102.701859	0.394737	75
103.096596	0.174156	75
103.270752	0.197365	75
103.468117	0.777870	76
104.245987	0.185760	76
104.431747	0.359909	68
104.791656	0.208977	70
105.000633	0.371521	74
105.372154	0.383133	68
105.755287	0.208977	68
105.964264	0.359909	68
106.324173	0.185760	68
106.509933	0.417961	74
106.927895	0.348297	76
107.276192	0.208977	76
107.485168	0.208984	69
107.694153	0.162537	64
107.856689	0.197372	70
108.054062	0.394737	75
108.448799	0.208977	67
108.657776	0.127708	63
108.785484	0.220596	69
109.006081	0.359909	67
109.365990	0.197365	69
109.563354	0.766258	67
110.329613	0.441177	63
110.770790	0.162544	0
110.933334	0.185760	68
111.119095	0.208977	69
111.328072	0.162544	0
111.490616	0.197365	51
111.687981	0.185760	0
111.873741	0.197372	0
112.071114	0.185760	57
112.256874	0.197365	57
112.454239	0.174149	57
112.628387	0.220589	56
112.848976	0.150932	56
112.999908	0.208977	60
113.208885	0.185760	61
113.394646	0.208984	0
113.603630	0.174149	0
113.777779	0.197372	0
113.975151	0.185753	60
114.160904	0.371521	55
114.532425	0.197372	52
114.729797	0.197365	52
114.927162	0.197372	0
115.124535	0.197372	0
115.321907	0.174149	0
115.496056	0.174149	0
115.670204	0.232201	49
115.902405	0.162537	50
116.064941	0.197372	66
116.262314	0.197372	63
116.459686	0.197365	56
116.657051	0.174149	0
116.831200	0.197372	0
117.028572	0.185760	52
117.214333	0.394737	54
117.609070	0.185760	52
117.794830	0.185760	52
117.980591	0.197365	0
118.177956	0.208984	0
118.386940	0.174149	57
118.561089	0.185760	57
118.746849	0.383125	56
119.129974	0.197372	45
119.327347	0.185760	45
119.513107	0.220589	45
119.733696	0.162537	0
119.896233	0.197372	45
120.093605	0.185760	45
120.279366	0.383125	45
120.662491	0.197372	44
120.859863	0.185760	44
121.045624	0.197372	44
121.242996	0.197365	45
121.440361	0.185760	39
121.626122	0.162544	40
121.788666	0.417953	52
122.206619	0.174149	58
122.380768	0.197372	58
122.578140	0.208977	55
122.787117	0.185760	47
122.972878	0.208984	63
123.181862	0.162537	63
123.344398	0.394737	63
123.739136	0.185760	62
123.924896	0.197372	64
124.122269	0.185760	63
124.308029	0.348297	63
124.656326	0.197372	65
124.853699	0.638550	70
125.492249	0.150925	63
125.643173	0.232201	63
125.875374	0.150932	63
126.026306	0.220589	63
126.246895	0.139320	63
126.386215	0.406349	78
126.792564	0.174149	78
126.966713	0.174149	75
127.140862	0.394737	58
127.535599	0.197372	83
127.732971	0.185760	77
127.918732	0.766251	77
128.684982	0.394745	77
129.079727	0.371521	75
129.451248	0.406342	75
129.857590	0.185760	75
130.043350	0.174149	75
130.217499	0.197372	75
130.414871	0.359909	75
130.774780	0.197372	78
130.972153	0.789474	76
131.761627	0.243820	76
132.005447	0.150925	0
132.156372	0.197372	76
132.353745	0.174149	75
132.527893	0.406342	75
132.934235	0.174149	75
133.108383	0.185760	75
133.294144	0.383133	75
133.677277	0.185760	76
133.863037	0.185760	75
134.048798	0.394745	76
134.443542	0.185760	76
134.629303	0.185760	77
134.815063	0.383118	82
135.198181	0.406357	68
135.604538	0.348297	68
135.952835	0.383133	66
136.335968	0.197372	66
136.533340	0.150925	66
136.684265	0.232193	64
136.916458	0.185760	65
137.102219	0.208984	66
137.311203	0.185760	65
137.496964	0.185760	57
137.682724	0.197372	63
137.880096	0.197357	63
138.077454	0.185760	61
138.263214	0.197372	60
138.460587	0.174149	60
138.634735	0.383133	55
139.017868	0.197372	52
139.215240	0.197372	52
139.412613	0.185760	0
139.598373	0.208969	0
139.807343	0.174149	0
139.981491	0.174149	0
140.155640	0.220596	0
140.376236	0.174149	47
140.550385	0.185760	51
140.736145	0.174149	0
140.910294	0.220596	0
141.130890	0.162537	0
141.293427	0.220581	56
141.514008	0.174149	60
141.688156	0.232208	54
141.920364	0.139313	0
142.059677	0.208984	52
142.268661	0.116104	52
142.384766	0.267029	65
142.651794	0.185760	57
142.837555	0.197372	58
143.034927	0.174149	65
143.209076	0.220581	65
143.429657	0.150940	65
143.580597	0.232193	65
143.812790	0.185760	0
143.998550	0.185760	68
144.184311	0.197372	68
144.381683	0.371521	68
144.753204	0.383118	69
145.136322	0.383133	69
145.519455	0.394745	69
145.914200	0.197357	68
146.111557	0.162552	68
146.274109	0.394730	68
146.668839	0.185760	59
146.854599	0.174149	63
147.028748	0.371521	63
147.400269	0.417969	66
147.818237	0.359909	56
148.178146	0.406342	69
148.584488	0.185760	67
148.770248	0.348297	57
149.118546	0.232208	57
149.350754	0.104477	57
149.455231	0.290253	63
149.745483	0.174149	65
149.919632	0.197372	0
150.117004	0.208984	58
150.325989	0.197372	59
150.523361	0.185760	54
150.709122	0.174149	60
150.883270	0.383118	56
151.266388	0.197372	52
151.463760	0.174149	52
151.637909	0.197372	52
151.835281	0.197372	0
152.032654	0.174149	0
152.206802	0.197372	0
152.404175	0.208984	0
152.613159	0.174149	69
152.787308	0.197357	68
152.984665	0.162552	61
153.147217	0.220581	56
153.367798	0.185760	0
153.553558	0.208984	56
153.762543	0.174149	56
153.936691	0.220581	61
154.157272	0.162552	63
154.319824	0.197357	68
154.517181	0.197372	66
154.714554	0.162537	68
154.877090	0.394745	69
155.271835	0.116104	66
155.387939	0.092880	0
155.480820	0.185760	68
155.666580	0.197372	68
155.863953	0.185745	68
156.049698	0.185760	68
156.235458	0.208984	68
156.444443	0.185760	67
156.630203	0.197372	64
156.827576	0.185760	68
157.013336	0.208969	69
157.222305	0.185760	69
157.408066	0.185760	69
157.593826	0.174149	69
157.767975	0.208984	69
157.976959	0.174149	68
158.151108	0.185760	68
158.336868	0.185760	66
158.522629	0.197372	68
158.720001	0.197372	68
158.917374	0.185760	63
159.103134	0.185760	58
159.288895	0.383118	61
159.672012	0.394745	68
160.066757	0.394745	68
160.461502	0.208969	67
160.670471	0.162552	61
160.833023	0.208969	66
161.041992	0.185760	66
161.227753	0.185760	66
161.413513	0.174149	65
161.587662	0.220596	66
161.808258	0.197372	65
162.005630	0.174149	64
162.179779	0.174149	64
162.353928	0.220581	64
162.574509	0.174149	68
162.748657	0.197372	69
162.946030	0.185760	68
163.131790	0.371521	68
163.503311	0.197372	68
163.700684	0.185760	68
163.886444	0.394730	68
164.281174	0.208984	68
164.490158	0.150925	68
164.641083	0.243820	68
164.884903	0.162537	67
165.047440	0.185760	67
165.233200	0.185760	75
165.418961	0.197372	68
165.616333	0.185760	68
165.802094	0.220581	68
166.022675	0.150925	68
166.173599	0.220596	56
166.394196	0.174149	56
166.568344	0.197372	67
166.765717	0.174149	65
166.939865	0.220581	66
167.160446	0.162552	66
167.322998	0.208969	67
167.531967	0.185760	65
167.717728	0.232208	65
167.949936	0.185760	65
168.135696	0.174149	64
168.309845	0.150925	64
168.460770	0.220596	68
168.681366	0.185760	68
168.867126	0.208969	68
169.076096	0.174149	69
169.250244	0.371521	68
169.621765	0.208984	68
169.830750	0.174149	68
170.004898	0.232193	68
170.237091	0.162552	68
170.399643	0.208969	64
170.608612	0.162552	63
170.771164	0.243805	63
171.014969	0.162537	64
171.177505	0.185760	65
171.363266	0.185760	77
171.549026	0.208984	62
171.758011	0.174149	68
171.932159	0.383118	68
172.315277	0.383133	54
172.698410	0.208984	67
172.907394	0.174149	54
173.081543	0.197372	66
173.278915	0.208969	66
173.487885	0.174164	66
173.662048	0.185745	65
173.847794	0.394745	65
174.242538	0.185760	64
174.428299	0.174149	65
174.602448	0.208984	71
174.811432	0.197372	68
175.008804	0.208969	68
175.217773	0.174149	69
175.391922	0.371521	68
175.763443	0.197372	68
175.960815	0.174149	68
176.134964	0.394745	69
176.529709	0.208969	68
176.738678	0.162552	68
176.901230	0.394730	68
177.295959	0.185760	70
177.481720	0.162537	69
177.644257	0.220596	56
177.864853	0.162537	65
178.027390	0.220596	68
178.247986	0.185760	66
178.433746	0.383118	54
178.816864	0.208984	67
179.025848	0.162537	65
179.188385	0.220596	66
179.408981	0.185760	66
179.594742	0.185760	67
179.780502	0.185760	65
179.966263	0.220581	65
180.186844	0.185760	64
180.372604	0.174149	64
180.546753	0.185760	64
180.732513	0.208984	67
180.941498	0.174149	69
181.115646	0.394745	68
181.510391	0.348297	69
181.858688	0.208969	69
182.067657	0.197372	69
182.265030	0.220596	69
182.485626	0.174149	68
182.659775	0.197372	68
182.857147	0.162537	68
183.019684	0.232193	68
183.251877	0.174149	68
183.426025	0.185760	69
183.611786	0.174149	71
183.785934	0.220596	73
184.006531	0.162537	72
184.169067	0.208984	68
184.378052	0.185760	68
184.563812	0.371521	0
184.935333	0.208969	67
185.144302	0.174149	65
185.318451	0.208984	66
185.527435	0.139328	66
185.666763	0.046432	67
185.713196	0.185760	67
185.898956	0.197372	0
186.096329	0.208984	0
186.305313	0.197357	0
186.502670	0.174149	0
186.676819	0.174164	0
186.850983	0.220581	0
187.071564	0.185760	0
187.257324	0.383133	0
187.640457	0.197372	0
187.837830	0.174149	0
188.011978	0.185760	0
188.197739	0.185760	0
188.383499	0.232193	0
188.615692	0.162537	0
188.778229	0.220596	0
188.998825	0.150925	0
189.149750	0.394745	0
189.544495	0.185760	0
189.730255	0.185760	0
189.916016	0.185760	0
190.101776	0.197357	0
190.299133	0.383133	0
190.682266	0.394745	0
191.077011	0.185760	0
191.262772	0.174149	0
191.436920	0.417953	0
191.854874	0.371521	0
192.226395	7.166260	0
