0.104490	0.081270	70
0.185760	0.220590	71
0.406349	0.150930	71
0.557279	0.116100	73
0.673379	0.127710	75
0.801088	0.104490	74
0.905578	0.243809	72
1.149388	0.139320	70
1.288707	0.092880	70
1.381587	0.139320	69
1.520907	0.116100	70
1.637007	0.127710	77
1.764717	0.104490	77
1.869206	0.139320	73
2.008526	0.116100	69
2.124626	0.139320	69
2.263946	0.081270	69
2.345215	0.139320	72
2.484535	0.116100	81
2.600635	0.127710	73
2.728345	0.104490	73
2.832834	0.139320	70
2.972154	0.116100	69
3.088254	0.139320	68
3.227574	0.104490	68
3.332063	0.116100	68
3.448163	0.116100	75
3.564263	0.127710	67
3.691973	0.116100	67
3.808073	0.127710	68
3.935782	0.116100	78
4.051882	0.139319	68
4.191202	0.092880	67
4.284081	0.127710	67
4.411791	0.116100	69
4.527891	0.127710	70
4.655601	0.116100	69
4.771701	0.116099	67
4.887800	0.127710	67
5.015510	0.139320	69
5.154830	0.104490	0
5.259320	0.127710	0
5.387030	0.104490	0
5.491519	0.116100	0
5.607619	0.127709	0
5.735329	0.127710	76
5.863039	0.127710	76
5.990748	0.220590	78
6.211338	0.139319	0
6.350657	0.116100	78
6.466757	0.127710	78
6.594467	0.104490	74
6.698957	0.267029	74
6.965986	0.104490	67
7.070476	0.383130	62
7.453606	0.220589	74
7.674195	0.139320	74
7.813515	0.139320	74
7.952835	0.127710	74
8.080544	0.092879	74
8.173424	0.116100	74
8.289524	0.383129	72
8.672653	0.127709	0
8.800363	0.243810	71
9.044172	0.127709	71
9.171882	0.255420	72
9.427301	0.104490	72
9.531792	0.174150	73
9.705941	0.185760	70
9.891701	0.139319	71
10.031020	0.104490	74
10.135510	0.267029	78
10.402539	0.116100	78
10.518640	0.116099	0
10.634739	0.127710	66
10.762449	0.150929	67
10.913379	0.208980	64
11.122358	0.255420	63
11.377778	0.220590	64
11.598368	0.150929	64
11.749297	0.116099	63
11.865396	0.359910	63
12.225307	0.359909	62
12.585216	0.127709	58
12.712925	0.081270	60
12.794195	0.174150	59
12.968345	0.116099	59
13.084444	0.348300	60
13.432744	0.232200	62
13.664944	0.139319	61
13.804263	0.127709	62
13.931973	0.116100	62
14.048073	0.127709	61
14.175782	0.116100	60
14.291883	0.232199	59
14.524081	0.243810	60
14.767891	0.719819	59
15.487710	0.325079	79
15.812789	0.696599	72
16.509388	0.313469	61
16.822857	0.174150	72
16.997007	0.069660	81
17.066668	0.255419	76
17.322086	0.116100	72
17.438187	0.116098	0
17.554285	0.139320	71
17.693605	0.116100	71
17.809706	0.232199	76
18.041904	0.150930	77
18.192835	0.092880	76
18.285715	0.139318	77
18.425034	0.255421	76
18.680454	0.058048	69
18.738503	0.290251	73
19.028753	0.150928	76
19.179682	0.092880	76
19.272562	0.127710	75
19.400272	0.150928	74
19.551201	0.104490	69
19.655691	0.116100	69
19.771791	0.139320	68
19.911112	0.104488	68
20.015600	0.116100	73
20.131701	0.127710	74
20.259411	0.116098	74
20.375509	0.116100	74
20.491610	0.139320	74
20.630930	0.116100	74
20.747030	0.220589	74
20.967619	0.243809	69
21.211428	0.127710	68
21.339138	0.127710	74
21.466848	0.232199	75
21.699047	0.255421	74
21.954468	0.116098	74
22.070566	0.243811	74
22.314377	0.359909	74
22.674286	0.220589	77
22.894875	0.267031	73
23.161905	0.232199	74
23.394104	0.127710	74
23.521814	0.139320	74
23.661135	0.359909	72
24.021044	0.243809	75
24.264853	0.127710	74
24.392563	0.243809	71
24.636372	0.243811	71
24.880182	0.139318	71
25.019501	0.116100	72
25.135601	0.139320	74
25.274921	0.092878	68
25.367800	0.150930	60
25.518730	0.116100	65
25.634830	0.139318	70
25.774149	0.104490	77
25.878639	0.127710	77
26.006350	0.139318	76
26.145668	0.104490	77
26.250158	0.127710	73
26.377869	0.116100	73
26.493969	0.116098	75
26.610067	0.243811	76
26.853878	0.127708	76
26.981586	0.116100	72
27.097687	0.220591	73
27.318277	0.267029	58
27.585306	0.150930	55
27.736237	0.092878	56
27.829115	0.127710	61
27.956825	0.116100	55
28.072926	0.139318	55
28.212244	0.104490	57
28.316734	0.127710	74
28.444445	0.104490	74
28.548935	0.174149	74
28.723083	0.069660	74
28.792744	0.139320	74
28.932064	0.104488	74
29.036552	0.232201	65
29.268753	0.150930	55
29.419683	0.116098	55
29.535782	0.139320	55
29.675102	0.104490	54
29.779593	0.232199	55
30.011791	0.127710	55
30.139502	0.116098	55
30.255600	0.243811	55
30.499411	0.220589	55
30.719999	0.255421	55
30.975420	0.139318	75
31.114738	0.116100	75
31.230839	0.139320	0
31.370159	0.104490	0
31.474649	0.267029	72
31.741678	0.150930	72
31.892609	0.081268	72
31.973877	0.232201	72
32.206078	0.243809	71
32.449886	0.243809	71
32.693695	0.150932	70
32.844627	0.104488	0
32.949116	0.127708	0
33.076824	0.104492	0
33.181316	0.139320	0
33.320637	0.116096	0
33.436733	0.162540	69
33.599274	0.081272	70
33.680546	0.139317	69
33.819862	0.104492	69
33.924355	0.127708	68
34.052063	0.116100	0
34.168163	0.127708	0
34.295872	0.127712	69
34.423584	0.208977	70
34.632561	0.139320	69
34.771881	0.104492	69
34.876373	0.232197	62
35.108570	0.243813	0
35.352383	0.150928	68
35.503311	0.104488	68
35.607800	0.127712	67
35.735512	0.116096	79
35.851608	0.116100	80
35.967709	0.116100	0
36.083809	0.116100	0
36.199909	0.127708	67
36.327618	0.232201	67
36.559818	0.127708	70
36.687527	0.127712	74
36.815239	0.116100	75
36.931339	0.127708	68
37.059048	0.127708	68
37.186756	0.116100	67
37.302856	0.162540	0
37.465397	0.069660	0
37.535057	0.127708	0
37.662766	0.104492	0
37.767258	0.127708	0
37.894966	0.127708	0
38.022675	0.116100	0
38.138775	0.127712	0
38.266487	0.127708	0
38.394196	0.104488	0
38.498684	0.127712	0
38.626396	0.127708	0
38.754105	0.116100	0
38.870205	0.139320	0
39.009525	0.127708	0
39.137234	0.127708	0
39.264942	0.220592	74
39.485535	0.255417	64
39.740952	0.232201	75
39.973152	0.127708	74
40.100861	0.139320	74
40.240181	0.371521	74
40.611702	0.127708	77
40.739410	0.127708	78
40.867119	0.116100	78
40.983219	0.116100	72
41.099319	0.127708	71
41.227028	0.232201	74
41.459229	0.139320	70
41.598549	0.127708	72
41.726257	0.116100	0
41.842358	0.092880	61
41.935238	0.150928	60
42.086166	0.127712	59
42.213879	0.150928	78
42.364807	0.081268	79
42.446075	0.243813	73
42.689888	0.127708	71
42.817596	0.116100	0
42.933697	0.116100	55
43.049797	0.127708	56
43.177505	0.174149	64
43.351654	0.417961	65
43.769615	0.232201	65
44.001816	0.150928	0
44.152744	0.139320	63
44.292065	0.116100	64
44.408165	0.336689	62
44.744854	0.127708	57
44.872562	0.116100	61
44.988663	0.150928	71
45.139591	0.208981	59
45.348572	0.150928	60
45.499500	0.104492	61
45.603992	0.139317	61
45.743309	0.104492	75
45.847801	0.127708	75
45.975510	0.104492	62
46.080002	0.150928	62
46.230930	0.092880	62
46.323811	0.127708	62
46.451519	0.127708	61
46.579227	0.116100	60
46.695328	0.116100	59
46.811428	0.139320	59
46.950748	0.104488	60
47.055237	0.696598	60
47.751835	0.301861	69
48.053696	0.743038	0
48.796734	0.290249	0
49.086983	0.243813	71
49.330795	0.267029	71
49.597824	0.116100	72
49.713924	0.104488	0
49.818413	0.267029	73
50.085442	0.243809	77
50.329250	0.139320	75
50.468571	0.116100	73
50.584671	0.139320	72
50.723991	0.116100	70
50.840092	0.116100	69
50.956192	0.104488	69
51.060680	0.150928	69
51.211609	0.104492	69
51.316101	0.139317	69
51.455418	0.092880	69
51.548298	0.127712	70
51.676010	0.127708	0
51.803719	0.104488	75
51.908207	0.127712	69
52.035919	0.150928	68
52.186848	0.208981	68
52.395828	0.139320	70
52.535149	0.116100	68
52.651249	0.127708	68
52.778957	0.116100	0
52.895058	0.150928	74
53.045986	0.220589	74
53.266575	0.150932	0
53.417507	0.092876	68
53.510384	0.255421	68
53.765804	0.127712	68
53.893517	0.116096	74
54.009613	0.255421	74
54.265034	0.220589	74
54.485622	0.243813	74
54.729435	0.127708	74
54.857143	0.116100	0
54.973244	0.139320	66
55.112564	0.104488	65
55.217052	0.150928	74
55.367981	0.104492	74
55.472473	0.243809	74
55.716282	0.127708	74
55.843990	0.139320	74
55.983311	0.243809	72
56.227119	0.127712	72
56.354832	0.116096	74
56.470928	0.116100	78
56.587029	0.116100	72
56.703129	0.255421	72
56.958549	0.243809	71
57.202358	0.139320	73
57.341679	0.104488	72
57.446167	0.232201	72
57.678368	0.255421	61
57.933788	0.255417	73
58.189205	0.116100	69
58.305305	0.127712	69
58.433018	0.116096	70
58.549114	0.139320	70
58.688435	0.208981	74
58.897415	0.255421	76
59.152836	0.139317	76
59.292152	0.104492	76
59.396645	0.139320	72
59.535965	0.104488	0
59.640453	0.255421	70
59.895874	0.139320	68
60.035194	0.127708	73
60.162903	0.116100	75
60.279003	0.243809	71
60.522812	0.127708	68
60.650520	0.220592	68
60.871113	0.255417	74
61.126530	0.139320	74
61.265850	0.104488	75
61.370338	0.243813	74
61.614151	0.162537	57
61.776688	0.104492	74
61.881180	0.139320	74
62.020500	0.104488	74
62.124989	0.127708	74
62.252697	0.104492	74
62.357189	0.127708	74
62.484898	0.116100	74
62.600998	0.139320	74
62.740318	0.104488	73
62.844807	0.243809	74
63.088615	0.127712	73
63.216328	0.127708	75
63.344036	0.139320	75
63.483356	0.104488	74
63.587845	0.127712	73
63.715557	0.127708	73
63.843266	0.232197	0
64.075462	0.162544	0
64.238007	0.092880	0
64.330887	0.127708	0
64.458595	0.116096	0
64.574692	0.243813	0
64.818504	0.243805	71
65.062309	0.127716	71
65.190025	0.116096	72
65.306122	0.127708	0
65.433830	0.116104	0
65.549934	0.255417	71
65.805351	0.139320	70
65.944672	0.104492	70
66.049164	0.127708	69
66.176872	0.127708	69
66.304581	0.127708	70
66.432289	0.116104	70
66.548393	0.127708	0
66.676102	0.104485	69
66.780586	0.232201	69
67.012787	0.139320	69
67.152107	0.116104	69
67.268211	0.127708	73
67.395920	0.116096	73
67.512016	0.127708	69
67.639725	0.127716	70
67.767441	0.139320	0
67.906761	0.116096	0
68.022858	0.104492	0
68.127350	0.139320	0
68.266670	0.127708	0
68.394379	0.116096	0
68.510475	0.127708	0
68.638184	0.116104	67
68.754288	0.139320	67
68.893608	0.092880	0
68.986488	0.127708	55
69.114197	0.116096	55
69.230293	0.127708	0
69.358002	0.116104	0
69.474106	0.139320	0
69.613426	0.116096	0
69.729523	0.139320	0
69.868843	0.104492	0
69.973335	0.127708	0
70.101044	0.116096	0
70.217140	0.127716	0
70.344856	0.116096	0
70.460953	0.127708	0
70.588661	0.104492	0
70.693153	0.139320	0
70.832474	0.104485	0
70.936958	0.139320	0
71.076279	0.104492	0
71.180771	0.127708	0
71.308479	0.116104	0
71.424583	0.255417	0
71.680000	0.232201	63
71.912201	0.185760	63
72.097961	0.092880	63
72.190842	0.232201	62
72.423042	0.232193	61
72.655235	0.243813	62
72.899048	0.267029	60
73.166077	0.104492	0
73.270569	0.139320	0
73.409889	0.127708	0
73.537598	0.150925	71
73.688522	0.139320	71
73.827843	0.325081	71
74.152924	0.278641	65
74.431564	0.197372	70
74.628937	0.150925	72
74.779861	0.127708	72
74.907570	0.348305	71
75.255875	0.127708	0
75.383583	0.243813	0
75.627396	0.139313	0
75.766708	0.104492	65
75.871201	0.162544	69
76.033745	0.092880	77
76.126625	0.116096	77
76.242722	0.127708	77
76.370430	0.139320	0
76.509750	0.127708	0
76.637459	0.116104	75
76.753563	0.150925	75
76.904488	0.371521	0
77.276009	0.081268	0
77.357277	0.127708	69
77.484985	0.150932	71
77.635918	0.197372	71
77.833290	0.174149	71
78.007439	0.220589	76
78.228027	0.069656	74
78.297684	0.150932	74
78.448616	0.127708	72
78.576324	0.139320	74
78.715645	0.208984	77
78.924629	0.162537	72
79.087166	0.232201	71
79.319366	0.139320	72
79.458687	0.116096	72
79.574783	0.661774	71
80.236557	0.313469	71
80.550026	0.743034	78
81.293060	0.301857	71
81.594917	0.243813	71
81.838730	0.150932	70
81.989662	0.127708	72
82.117371	0.127708	62
82.245079	0.116096	61
82.361176	0.116104	64
82.477280	0.127708	78
82.604988	0.220589	69
82.825577	0.139320	69
82.964897	0.267029	69
83.231926	0.116104	69
83.348030	0.127708	69
83.475739	0.150925	69
83.626663	0.220596	69
83.847260	0.150925	69
83.998184	0.208984	70
84.207169	0.116096	74
84.323265	0.127708	75
84.450974	0.127708	76
84.578682	0.383133	69
84.961815	0.116096	66
85.077911	0.255424	67
85.333336	0.185760	67
85.519096	0.290245	67
85.809341	0.243813	74
86.053154	0.139320	74
86.192474	0.116096	74
86.308571	0.150932	74
86.459503	0.092880	74
86.552383	0.139320	74
86.691704	0.104485	73
86.796188	0.139320	73
86.935509	0.232201	74
87.167709	0.116096	74
87.283806	0.127716	74
87.411522	0.116096	0
87.527618	0.232201	73
87.759819	0.255417	73
88.015236	0.127708	74
88.142944	0.116104	74
88.259048	0.127708	74
88.386757	0.139320	73
88.526077	0.069656	71
88.595734	0.197372	71
88.793106	0.139320	72
88.932426	0.104492	72
89.036919	0.127708	71
89.164627	0.104492	73
89.269119	0.255417	71
89.524536	0.174149	71
89.698685	0.069656	70
89.768341	0.139320	71
89.907661	0.104492	72
90.012154	0.150932	74
90.163086	0.092880	71
90.255966	0.150925	61
90.406891	0.116104	60
90.522995	0.150925	70
90.673920	0.104492	70
90.778412	0.116104	70
90.894516	0.139313	69
91.033829	0.127716	69
91.161545	0.104485	70
91.266029	0.127708	72
91.393738	0.092880	75
91.486618	0.162544	76
91.649162	0.104492	76
91.753654	0.150925	76
91.904579	0.092880	76
91.997459	0.150932	72
92.148392	0.092880	0
92.241272	0.267029	68
92.508301	0.127708	68
92.636009	0.116096	72
92.752106	0.127716	75
92.879822	0.139313	74
93.019135	0.104492	74
93.123627	0.127708	74
93.251335	0.116104	71
93.367439	0.092880	72
93.460320	0.174149	74
93.634468	0.092880	74
93.727348	0.139320	74
93.866669	0.104485	75
93.971153	0.232201	74
94.203354	0.150932	74
94.354286	0.116096	74
94.470383	0.139320	74
94.609703	0.116104	73
94.725807	0.116096	74
94.841904	0.139320	74
94.981224	0.104492	74
95.085716	0.116096	74
95.201813	0.139320	74
95.341133	0.104492	74
95.445625	0.243805	74
95.689430	0.255424	74
95.944855	0.127708	75
96.072563	0.127708	74
96.200272	0.127708	74
96.327980	0.127708	74
96.455688	0.232201	72
96.687889	0.255424	72
96.943314	0.127708	72
97.071022	0.116096	72
97.187119	0.255424	71
97.442543	0.243805	78
97.686348	0.139320	71
97.825668	0.116104	72
97.941772	0.127708	74
98.069481	0.104485	75
98.173965	0.139320	73
98.313286	0.116104	71
98.429390	0.139320	70
98.568710	0.104485	70
98.673195	0.139320	70
98.812515	0.116104	70
98.928619	0.127708	70
99.056328	0.116096	69
99.172424	0.127708	69
99.300133	0.116104	69
99.416237	0.127708	70
99.543945	0.104492	69
99.648438	0.127708	69
99.776146	0.127708	69
99.903854	0.127708	73
100.031563	0.116104	73
100.147667	0.127708	0
100.275375	0.116096	0
100.391472	0.243813	0
100.635284	0.139320	79
100.774605	0.104485	79
100.879089	0.139320	80
101.018410	0.116104	0
101.134514	0.127708	83
101.262222	0.116096	68
101.378319	0.139320	67
101.517639	0.092880	67
101.610519	0.139320	0
101.749840	0.104492	70
101.854332	0.139320	70
101.993652	0.116096	69
102.109749	0.127708	67
102.237457	0.116104	67
102.353561	0.139320	66
102.492882	0.104485	66
102.597366	0.127716	66
102.725082	0.116096	66
102.841179	0.127708	0
102.968887	0.127708	0
103.096596	0.127716	0
103.224312	0.116096	0
103.340408	0.139320	0
103.479729	0.104492	0
103.584221	0.127708	75
103.711929	0.127708	74
103.839638	0.116096	74
103.955734	0.139320	74
104.095055	0.116104	74
104.211159	0.127708	74
104.338867	0.255417	74
104.594284	0.116104	67
104.710388	0.127708	77
104.838097	0.127708	78
104.965805	0.243813	79
105.209618	0.127708	78
105.337326	0.139320	79
105.476646	0.104485	78
105.581131	0.371521	77
105.952652	0.139320	77
106.091972	0.232201	75
106.324173	0.139320	75
106.463493	0.104492	75
106.567986	0.139313	73
106.707298	0.116104	80
106.823402	0.127708	80
106.951111	0.232201	81
107.183311	0.150932	80
107.334244	0.220589	0
107.554832	0.127708	74
107.682541	0.116096	74
107.798637	0.150932	73
107.949570	0.116096	73
108.065666	0.243813	72
108.309479	0.127708	72
108.437187	0.116104	72
108.553291	0.127708	0
108.681000	0.359909	71
109.040909	0.243805	72
109.284714	0.325081	78
109.609795	0.081268	60
109.691063	0.081276	62
109.772339	0.267029	64
110.039368	0.313469	64
110.352837	0.267029	64
110.619865	0.301857	64
110.921722	0.359909	64
111.281631	0.301857	64
111.583488	0.116104	65
111.699593	0.208977	64
111.908569	0.383133	64
112.291702	0.162537	65
112.454239	0.127708	64
112.581947	0.301865	64
112.883812	0.359909	64
113.243721	0.197365	65
113.441086	0.116104	63
113.557190	0.301857	64
113.859047	0.650162	64
114.509209	0.232201	65
114.741409	0.801086	64
115.542496	0.545670	65
116.088165	0.510834	64
116.598999	0.464401	59
117.063400	0.255417	62
117.318817	0.348305	62
117.667122	0.174149	62
117.841270	1.369980	62
119.211250	0.359909	55
119.571159	0.313469	62
119.884628	0.313469	62
120.198097	0.301857	72
120.499954	0.255417	70
120.755371	0.139320	66
120.894691	0.092880	70
120.987572	0.290253	71
121.277824	0.220589	72
121.498413	0.139320	71
121.637733	0.116096	72
121.753830	0.232201	74
121.986031	0.255417	73
122.241447	0.267036	74
122.508484	0.116096	76
122.624580	0.116096	76
122.740677	0.243813	75
122.984489	0.116096	73
123.100586	0.127716	75
123.228302	0.232201	76
123.460503	0.139313	74
123.599815	0.116104	76
123.715919	0.139320	77
123.855240	0.092880	0
123.948120	0.255417	76
124.203537	0.139320	74
124.342857	0.116096	75
124.458954	0.116104	74
124.575058	0.104492	74
124.679550	0.139313	75
124.818863	0.116104	74
124.934967	0.116096	71
125.051064	0.092880	71
125.143944	0.034828	71
125.178772	0.232201	74
125.410973	0.150932	74
125.561905	0.092880	75
125.654785	0.232201	71
125.886986	0.255417	72
126.142403	0.150932	73
126.293335	0.104485	74
126.397820	0.116104	74
126.513924	0.104492	74
126.618416	0.116096	74
126.734512	0.139320	74
126.873833	0.232201	74
127.106033	0.139320	73
127.245354	0.104485	70
127.349838	0.139320	74
127.489159	0.092880	73
127.582039	0.232201	72
127.814240	0.255417	74
128.069656	0.139328	72
128.208984	0.104492	72
128.313477	0.127701	72
128.441177	0.104492	76
128.545670	0.127716	78
128.673386	0.092880	72
128.766266	0.255417	71
129.021683	0.255417	71
129.277100	0.116104	71
129.393204	0.104477	72
129.497681	0.139328	74
129.637009	0.081268	74
129.718277	0.139313	75
129.857590	0.104492	77
129.962082	0.232208	77
130.194290	0.104492	77
130.298782	0.116089	76
130.414871	0.116104	76
130.530975	0.104492	77
130.635468	0.127701	77
130.763168	0.104492	76
130.867661	0.220596	76
131.088257	0.139313	76
131.227570	0.104492	77
131.332062	0.127716	76
131.459778	0.092880	73
131.552658	0.232193	74
131.784851	0.127716	74
131.912567	0.116089	71
132.028656	0.104492	72
132.133148	0.255417	74
132.388565	0.104492	74
132.493057	0.116104	73
132.609161	0.104492	74
132.713654	0.220581	74
132.934235	0.139328	74
133.073563	0.104492	75
133.178055	0.139313	71
133.317368	0.081268	71
133.398636	0.197372	71
133.596008	0.708206	71
134.304214	0.255417	71
134.559631	0.127716	70
